unique_id,org_fk,main_name_fk,index_name_fk,version_fk,country_a_id_fk,country_b_id_fk,pattern_length_fk,correlation,start_year_a_fk,index_values_a,start_year_b_fk,index_values_b,creation_date
1967602,The Fund For Peace,Fragile State Index,C1: Security Apparatus,2023,104,153,17,0.9372,2006,"1.0,1.0,1.0,1.1,1.4,1.6,1.7,1.8,2.1,1.8,1.8,2.1,2.4,2.7,3.0,2.7,2.4",2006,"1.0,1.0,1.0,1.0,1.1,1.4,1.7,1.8,2.1,1.8,1.7,1.5,1.8,2.1,2.4,2.2,2.1",2023-12-15 03:46:18
2885593,The Fund For Peace,Fragile State Index,E1: Economy,2023,104,153,17,0.94536,2006,"1.9,2.1,2.0,2.7,3.3,3.9,3.8,3.9,4.2,4.1,3.6,3.4,3.1,2.8,2.5,2.7,2.0",2006,"2.0,2.0,2.0,2.5,3.0,3.2,3.3,3.5,3.7,3.4,2.9,2.7,2.4000000000000004,2.1,1.8244095707007253,2.2,1.9",2023-12-16 07:20:52
3469658,The Fund For Peace,Fragile State Index,E2: Economic Inequality,2023,104,153,17,0.91364,2006,"3.0,2.9,3.0,3.0,2.8,2.6,2.7,2.5,2.7,2.7,2.4,2.2,1.9,1.6,1.3145550589233423,1.6,1.7",2006,"4.0,4.0,3.7,3.3,3.2,2.9,2.6,2.3,2.4,2.7,2.4,2.2,1.9,1.6,1.3,1.6,1.7",2023-12-16 18:12:08
1967600,The Fund For Peace,Fragile State Index,C1: Security Apparatus,2023,104,206,17,0.93214,2006,"1.0,1.0,1.0,1.1,1.4,1.6,1.7,1.8,2.1,1.8,1.8,2.1,2.4,2.7,3.0,2.7,2.4",2006,"3.4,3.2,3.9,4.3,4.1,4.5,4.8,5.1,4.9,5.3,5.8,6.1,6.4,6.5,6.719999693225616,6.4,6.9",2023-12-15 03:46:18
2337137,The Fund For Peace,Fragile State Index,C2: Factionalized Elites,2023,104,206,17,0.93222,2006,"1.0,1.0,1.0,1.3,1.5,1.4,1.4,1.3,1.3,1.3,1.5,1.5,1.5,1.5,1.5,1.5,1.5",2006,"4.0,3.9,4.4,5.9,5.9,5.9,5.9,5.6,5.6,5.6,5.6,6.1,6.6,6.6,6.6,6.3,6.8",2023-12-15 10:53:24
3469654,The Fund For Peace,Fragile State Index,E2: Economic Inequality,2023,104,206,17,0.91336,2006,"3.0,2.9,3.0,3.0,2.8,2.6,2.7,2.5,2.7,2.7,2.4,2.2,1.9,1.6,1.3145550589233423,1.6,1.7",2006,"8.0,8.5,8.5,8.5,8.5,8.2,8.2,8.0,7.7,7.4,7.7,7.5,7.2,6.9,6.800000000000001,6.7,7.0",2023-12-16 18:12:08
1967620,The Fund For Peace,Fragile State Index,C1: Security Apparatus,2023,104,236,17,0.90083,2006,"1.0,1.0,1.0,1.1,1.4,1.6,1.7,1.8,2.1,1.8,1.8,2.1,2.4,2.7,3.0,2.7,2.4",2006,"1.0,1.3,1.3,1.4,1.6,1.6,1.9,2.2,2.7,2.8,2.9,3.2,3.464329018518069,3.5,3.8,4.3,5.0",2023-12-15 03:46:19
3469688,The Fund For Peace,Fragile State Index,E2: Economic Inequality,2023,104,236,17,0.93935,2006,"3.0,2.9,3.0,3.0,2.8,2.6,2.7,2.5,2.7,2.7,2.4,2.2,1.9,1.6,1.3145550589233423,1.6,1.7",2006,"6.0,5.8,5.5,5.3,5.4,5.4,5.1,4.8,4.5,4.8,4.5,4.3,4.0,3.7,3.4000000000000004,3.7,3.7",2023-12-16 18:12:09
5365760,The Fund For Peace,Fragile State Index,P2: Public Services,2023,104,236,17,0.91097,2006,"1.3,1.8,2.0,2.3,2.4,2.2,2.2,1.9,2.2,1.9,1.6,1.4,1.441695562783806,1.4,1.4413539224343477,2.5,2.2",2006,"1.0,1.4,1.8,2.3,2.5,2.7,2.7,2.4,2.5,2.1,1.8,1.6,1.3,1.2,1.2131292703119094,2.7,2.5",2023-12-19 00:09:26
1967593,The Fund For Peace,Fragile State Index,C1: Security Apparatus,2023,104,236,16,0.94799,2006,"1.0,1.0,1.0,1.1,1.4,1.6,1.7,1.8,2.1,1.8,1.8,2.1,2.4,2.7,3.0,2.7",2006,"1.0,1.3,1.3,1.4,1.6,1.6,1.9,2.2,2.7,2.8,2.9,3.2,3.464329018518069,3.5,3.8,4.3",2023-12-15 03:46:17
3469524,The Fund For Peace,Fragile State Index,E2: Economic Inequality,2023,104,236,16,0.93256,2006,"3.0,2.9,3.0,3.0,2.8,2.6,2.7,2.5,2.7,2.7,2.4,2.2,1.9,1.6,1.3145550589233423,1.6",2006,"6.0,5.8,5.5,5.3,5.4,5.4,5.1,4.8,4.5,4.8,4.5,4.3,4.0,3.7,3.4000000000000004,3.7",2023-12-16 18:12:01
5365759,The Fund For Peace,Fragile State Index,P2: Public Services,2023,104,236,16,0.9071,2006,"1.3,1.8,2.0,2.3,2.4,2.2,2.2,1.9,2.2,1.9,1.6,1.4,1.441695562783806,1.4,1.4413539224343477,2.5",2006,"1.0,1.4,1.8,2.3,2.5,2.7,2.7,2.4,2.5,2.1,1.8,1.6,1.3,1.2,1.2131292703119094,2.7",2023-12-19 00:09:26
1967574,The Fund For Peace,Fragile State Index,C1: Security Apparatus,2023,104,153,16,0.9342,2006,"1.0,1.0,1.0,1.1,1.4,1.6,1.7,1.8,2.1,1.8,1.8,2.1,2.4,2.7,3.0,2.7",2006,"1.0,1.0,1.0,1.0,1.1,1.4,1.7,1.8,2.1,1.8,1.7,1.5,1.8,2.1,2.4,2.2",2023-12-15 03:46:16
2885590,The Fund For Peace,Fragile State Index,E1: Economy,2023,104,153,16,0.94061,2006,"1.9,2.1,2.0,2.7,3.3,3.9,3.8,3.9,4.2,4.1,3.6,3.4,3.1,2.8,2.5,2.7",2006,"2.0,2.0,2.0,2.5,3.0,3.2,3.3,3.5,3.7,3.4,2.9,2.7,2.4000000000000004,2.1,1.8244095707007253,2.2",2023-12-16 07:20:51
3469494,The Fund For Peace,Fragile State Index,E2: Economic Inequality,2023,104,153,16,0.90692,2006,"3.0,2.9,3.0,3.0,2.8,2.6,2.7,2.5,2.7,2.7,2.4,2.2,1.9,1.6,1.3145550589233423,1.6",2006,"4.0,4.0,3.7,3.3,3.2,2.9,2.6,2.3,2.4,2.7,2.4,2.2,1.9,1.6,1.3,1.6",2023-12-16 18:12:00
1967571,The Fund For Peace,Fragile State Index,C1: Security Apparatus,2023,104,206,16,0.9389,2006,"1.0,1.0,1.0,1.1,1.4,1.6,1.7,1.8,2.1,1.8,1.8,2.1,2.4,2.7,3.0,2.7",2006,"3.4,3.2,3.9,4.3,4.1,4.5,4.8,5.1,4.9,5.3,5.8,6.1,6.4,6.5,6.719999693225616,6.4",2023-12-15 03:46:16
2337128,The Fund For Peace,Fragile State Index,C2: Factionalized Elites,2023,104,206,16,0.93477,2006,"1.0,1.0,1.0,1.3,1.5,1.4,1.4,1.3,1.3,1.3,1.5,1.5,1.5,1.5,1.5,1.5",2006,"4.0,3.9,4.4,5.9,5.9,5.9,5.9,5.6,5.6,5.6,5.6,6.1,6.6,6.6,6.6,6.3",2023-12-15 10:53:23
3469491,The Fund For Peace,Fragile State Index,E2: Economic Inequality,2023,104,206,16,0.90491,2006,"3.0,2.9,3.0,3.0,2.8,2.6,2.7,2.5,2.7,2.7,2.4,2.2,1.9,1.6,1.3145550589233423,1.6",2006,"8.0,8.5,8.5,8.5,8.5,8.2,8.2,8.0,7.7,7.4,7.7,7.5,7.2,6.9,6.800000000000001,6.7",2023-12-16 18:11:59
1967589,The Fund For Peace,Fragile State Index,C1: Security Apparatus,2023,104,52,16,0.92749,2006,"1.0,1.0,1.0,1.1,1.4,1.6,1.7,1.8,2.1,1.8,1.8,2.1,2.4,2.7,3.0,2.7",2006,"2.0,2.0,2.2,2.2,2.5,2.5,2.8,2.5,2.8,3.1,3.3,3.6,3.547397858341265,3.7,3.832739194810456,3.5",2023-12-15 03:46:17
2526374,The Fund For Peace,Fragile State Index,C3: Group Grievance,2023,104,52,16,0.90719,2006,"1.0,1.0,1.0,1.0,1.0,1.3,1.6,1.6,1.6,1.9,1.6,1.4,1.1,1.0,0.7,0.5",2006,"4.0,4.0,4.0,4.1,3.9,4.1,4.4,4.1,4.4,4.7,4.4,4.2,3.9,3.6,3.3000000000000003,3.0",2023-12-15 14:38:12
3469504,The Fund For Peace,Fragile State Index,E2: Economic Inequality,2023,104,52,16,0.93039,2006,"3.0,2.9,3.0,3.0,2.8,2.6,2.7,2.5,2.7,2.7,2.4,2.2,1.9,1.6,1.3145550589233423,1.6",2006,"6.2,6.6,6.6,6.7,6.5,6.5,6.4,6.1,5.8,5.5,5.5,5.3,5.0,4.7,4.4,4.7",2023-12-16 18:12:00
1967561,The Fund For Peace,Fragile State Index,C1: Security Apparatus,2023,104,238,15,0.91386,2006,"1.0,1.0,1.0,1.1,1.4,1.6,1.7,1.8,2.1,1.8,1.8,2.1,2.4,2.7,3.0",2006,"3.0,3.0,3.0,3.3,3.4,3.7,4.0,3.7,3.4,3.7,3.5,3.8,4.1,4.3,4.50319973927738",2023-12-15 03:46:15
2526367,The Fund For Peace,Fragile State Index,C3: Group Grievance,2023,104,238,15,0.94675,2006,"1.0,1.0,1.0,1.0,1.0,1.3,1.6,1.6,1.6,1.9,1.6,1.4,1.1,1.0,0.7",2006,"2.0,2.0,2.0,2.0,2.0,2.4,2.7,2.8,2.7,3.0,2.7,2.5,2.2918032869878417,2.2,2.11816495317857",2023-12-15 14:38:11
3469353,The Fund For Peace,Fragile State Index,E2: Economic Inequality,2023,104,238,15,0.9668,2006,"3.0,2.9,3.0,3.0,2.8,2.6,2.7,2.5,2.7,2.7,2.4,2.2,1.9,1.6,1.3145550589233423",2006,"5.0,5.1,5.1,5.2,5.0,4.7,4.6,4.4,4.5,4.2,4.3,4.1,3.8,3.3,3.0",2023-12-16 18:11:52
1967547,The Fund For Peace,Fragile State Index,C1: Security Apparatus,2023,104,21,15,0.91812,2006,"1.0,1.0,1.0,1.1,1.4,1.6,1.7,1.8,2.1,1.8,1.8,2.1,2.4,2.7,3.0",2006,"1.0,1.6,1.6,1.7,1.8,2.0,2.3,2.0,2.3,2.0,1.9,2.4,2.3,2.6,2.9",2023-12-15 03:46:14
3469337,The Fund For Peace,Fragile State Index,E2: Economic Inequality,2023,104,21,15,0.90069,2006,"3.0,2.9,3.0,3.0,2.8,2.6,2.7,2.5,2.7,2.7,2.4,2.2,1.9,1.6,1.3145550589233423",2006,"4.0,4.0,4.6,4.9,4.7,4.4,4.1,3.8,3.5,3.2,2.9,2.7,2.4000000000000004,2.1,1.8",2023-12-16 18:11:52
4491403,The Fund For Peace,Fragile State Index,E3: Human Flight and Brain Drain,2023,104,21,15,0.92699,2006,"2.0,2.1,2.0,2.0,2.0,2.4,3.0,2.8,3.1,2.8,2.5,2.8,2.565197146093479,2.8,3.1",2006,"1.0,1.1,1.1,1.3,1.3,1.6,1.9,1.8,1.9,1.9,1.6,1.6,1.7000000000000002,2.0,2.3",2023-12-18 07:20:25
2337119,The Fund For Peace,Fragile State Index,C2: Factionalized Elites,2023,104,63,15,0.90401,2006,"1.0,1.0,1.0,1.3,1.5,1.4,1.4,1.3,1.3,1.3,1.5,1.5,1.5,1.5,1.5",2009,"8.1,8.1,8.0,8.8,8.7,9.4,9.0,8.8,8.8,8.8,9.1,9.1,9.1,9.1,9.1",2023-12-15 10:53:22
2885589,The Fund For Peace,Fragile State Index,E1: Economy,2023,104,63,15,0.90691,2006,"1.9,2.1,2.0,2.7,3.3,3.9,3.8,3.9,4.2,4.1,3.6,3.4,3.1,2.8,2.5",2009,"7.0,6.8,6.5,7.1,8.2,7.9,8.1,8.4,8.2,7.899999999999999,7.9,7.6,7.3,7.0,7.1",2023-12-16 07:20:51
3469383,The Fund For Peace,Fragile State Index,E2: Economic Inequality,2023,104,63,15,0.91611,2006,"3.0,2.9,3.0,3.0,2.8,2.6,2.7,2.5,2.7,2.7,2.4,2.2,1.9,1.6,1.3145550589233423",2009,"7.6,7.4,7.4,7.4,7.1,6.8,6.5,6.2,6.0,5.7,5.7,5.4,5.1,4.8,4.5",2023-12-16 18:11:54
1967612,The Fund For Peace,Fragile State Index,C1: Security Apparatus,2023,104,13,17,0.98318,2006,"1.0,1.0,1.0,1.1,1.4,1.6,1.7,1.8,2.1,1.8,1.8,2.1,2.4,2.7,3.0,2.7,2.4",2006,"1.0,0.9,0.9,1.0,1.4,1.7,2.0,1.7,2.0,2.1,1.8,2.1,2.4,2.7,3.0,2.7,2.4",2023-12-15 03:46:19
3469667,The Fund For Peace,Fragile State Index,E2: Economic Inequality,2023,104,13,17,0.9107,2006,"3.0,2.9,3.0,3.0,2.8,2.6,2.7,2.5,2.7,2.7,2.4,2.2,1.9,1.6,1.3145550589233423,1.6,1.7",2006,"4.5,4.4,4.4,4.4,4.2,3.9,3.6,3.3,3.0,2.7,2.4,2.2,1.9,1.6,1.546408857575207,1.8,2.3",2023-12-16 18:12:08
1967617,The Fund For Peace,Fragile State Index,C1: Security Apparatus,2023,104,238,17,0.91953,2006,"1.0,1.0,1.0,1.1,1.4,1.6,1.7,1.8,2.1,1.8,1.8,2.1,2.4,2.7,3.0,2.7,2.4",2006,"3.0,3.0,3.0,3.3,3.4,3.7,4.0,3.7,3.4,3.7,3.5,3.8,4.1,4.3,4.50319973927738,4.2,3.9",2023-12-15 03:46:19
3469680,The Fund For Peace,Fragile State Index,E2: Economic Inequality,2023,104,238,17,0.97318,2006,"3.0,2.9,3.0,3.0,2.8,2.6,2.7,2.5,2.7,2.7,2.4,2.2,1.9,1.6,1.3145550589233423,1.6,1.7",2006,"5.0,5.1,5.1,5.2,5.0,4.7,4.6,4.4,4.5,4.2,4.3,4.1,3.8,3.3,3.0,3.3,3.2",2023-12-16 18:12:09
1967607,The Fund For Peace,Fragile State Index,C1: Security Apparatus,2023,104,40,17,0.9866,2006,"1.0,1.0,1.0,1.1,1.4,1.6,1.7,1.8,2.1,1.8,1.8,2.1,2.4,2.7,3.0,2.7,2.4",2006,"1.0,1.0,1.0,1.1,1.2,1.5,1.8,1.8,2.1,2.2,1.9,2.2,2.5,2.8,3.1,2.8,2.5",2023-12-15 03:46:18
3469663,The Fund For Peace,Fragile State Index,E2: Economic Inequality,2023,104,40,17,0.9022,2006,"3.0,2.9,3.0,3.0,2.8,2.6,2.7,2.5,2.7,2.7,2.4,2.2,1.9,1.6,1.3145550589233423,1.6,1.7",2006,"5.0,5.0,5.0,4.7,4.5,4.1,3.8,3.5,3.2,3.0,2.7,2.5,2.2,2.1,1.8,2.3,2.2",2023-12-16 18:12:08
2526381,The Fund For Peace,Fragile State Index,C3: Group Grievance,2023,104,96,17,0.92533,2006,"1.0,1.0,1.0,1.0,1.0,1.3,1.6,1.6,1.6,1.9,1.6,1.4,1.1,1.0,0.7,0.5,0.6",2007,"5.3,5.3,5.0,5.0,5.3,5.6,5.8,6.1,6.4,6.1,5.9,5.6000000000000005,5.3,5.0,5.0,4.8,4.9",2023-12-15 14:38:13
3469653,The Fund For Peace,Fragile State Index,E2: Economic Inequality,2023,104,96,17,0.9511,2006,"3.0,2.9,3.0,3.0,2.8,2.6,2.7,2.5,2.7,2.7,2.4,2.2,1.9,1.6,1.3145550589233423,1.6,1.7",2007,"8.7,8.7,8.5,8.3,8.1,8.1,8.1,7.8,7.7,7.9,7.7,7.4,7.1,6.8,6.9,6.7,6.7",2023-12-16 18:12:08
1967533,The Fund For Peace,Fragile State Index,C1: Security Apparatus,2023,104,236,14,0.94591,2006,"1.0,1.0,1.0,1.1,1.4,1.6,1.7,1.8,2.1,1.8,1.8,2.1,2.4,2.7",2007,"1.3,1.3,1.4,1.6,1.6,1.9,2.2,2.7,2.8,2.9,3.2,3.464329018518069,3.5,3.8",2023-12-15 03:46:12
3469226,The Fund For Peace,Fragile State Index,E2: Economic Inequality,2023,104,236,14,0.94301,2006,"3.0,2.9,3.0,3.0,2.8,2.6,2.7,2.5,2.7,2.7,2.4,2.2,1.9,1.6",2007,"5.8,5.5,5.3,5.4,5.4,5.1,4.8,4.5,4.8,4.5,4.3,4.0,3.7,3.4000000000000004",2023-12-16 18:11:45
5365756,The Fund For Peace,Fragile State Index,P2: Public Services,2023,104,236,14,0.92506,2006,"1.3,1.8,2.0,2.3,2.4,2.2,2.2,1.9,2.2,1.9,1.6,1.4,1.441695562783806,1.4",2007,"1.4,1.8,2.3,2.5,2.7,2.7,2.4,2.5,2.1,1.8,1.6,1.3,1.2,1.2131292703119094",2023-12-19 00:09:24
2526383,The Fund For Peace,Fragile State Index,C3: Group Grievance,2023,104,62,17,0.94399,2006,"1.0,1.0,1.0,1.0,1.0,1.3,1.6,1.6,1.6,1.9,1.6,1.4,1.1,1.0,0.7,0.5,0.6",2007,"6.7,6.5,6.3,6.4,6.9,6.9,7.2,7.5,7.8,7.5,7.3,7.0,6.7,6.4,6.1,5.8,5.9",2023-12-15 14:38:13
3469738,The Fund For Peace,Fragile State Index,E2: Economic Inequality,2023,104,62,17,0.92879,2006,"3.0,2.9,3.0,3.0,2.8,2.6,2.7,2.5,2.7,2.7,2.4,2.2,1.9,1.6,1.3145550589233423,1.6,1.7",2007,"8.0,7.8,8.0,8.0,7.7,7.7,7.4,7.1,6.8,6.9,6.7,6.7,6.4,6.1000000000000005,6.0,5.9,6.2",2023-12-16 18:12:12
2885594,The Fund For Peace,Fragile State Index,E1: Economy,2023,104,98,17,0.93623,2006,"1.9,2.1,2.0,2.7,3.3,3.9,3.8,3.9,4.2,4.1,3.6,3.4,3.1,2.8,2.5,2.7,2.0",2006,"4.0,4.1,4.3,5.0,5.4,5.4,5.9,6.0,5.6,5.9,5.6,5.4,5.10431326900252,4.8,4.5,5.0,4.7",2023-12-16 07:20:52
3469674,The Fund For Peace,Fragile State Index,E2: Economic Inequality,2023,104,98,17,0.9305,2006,"3.0,2.9,3.0,3.0,2.8,2.6,2.7,2.5,2.7,2.7,2.4,2.2,1.9,1.6,1.3145550589233423,1.6,1.7",2006,"6.4,6.3,6.1,6.1,5.9,5.5,5.2,4.9,4.6,4.3,4.0,3.8,3.5,3.2,2.9000000000000004,2.9,2.6",2023-12-16 18:12:09
1967616,The Fund For Peace,Fragile State Index,C1: Security Apparatus,2023,104,52,17,0.9253,2006,"1.0,1.0,1.0,1.1,1.4,1.6,1.7,1.8,2.1,1.8,1.8,2.1,2.4,2.7,3.0,2.7,2.4",2006,"2.0,2.0,2.2,2.2,2.5,2.5,2.8,2.5,2.8,3.1,3.3,3.6,3.547397858341265,3.7,3.832739194810456,3.5,3.2",2023-12-15 03:46:19
3469670,The Fund For Peace,Fragile State Index,E2: Economic Inequality,2023,104,52,17,0.93688,2006,"3.0,2.9,3.0,3.0,2.8,2.6,2.7,2.5,2.7,2.7,2.4,2.2,1.9,1.6,1.3145550589233423,1.6,1.7",2006,"6.2,6.6,6.6,6.7,6.5,6.5,6.4,6.1,5.8,5.5,5.5,5.3,5.0,4.7,4.4,4.7,4.8",2023-12-16 18:12:08
3469633,The Fund For Peace,Fragile State Index,E2: Economic Inequality,2023,104,56,17,0.9422,2006,"3.0,2.9,3.0,3.0,2.8,2.6,2.7,2.5,2.7,2.7,2.4,2.2,1.9,1.6,1.3145550589233423,1.6,1.7",2007,"7.5,7.5,7.8,7.6,7.3,7.0,7.0,6.7,6.4,6.1,5.9,5.6000000000000005,5.3,5.0,4.9,4.8,4.5",2023-12-16 18:12:07
4960093,The Fund For Peace,Fragile State Index,P1: State Legitimacy,2023,104,56,17,0.91829,2006,"1.5,1.5,1.5,1.8,1.6,2.0,2.2,1.9,1.8,1.5,1.2,1.0,0.7,0.7,0.4501988618136809,0.5,0.6",2007,"5.5,5.5,5.4,5.2,5.0,5.2,5.5,5.6,5.3,5.0,4.8,4.5,4.2,3.9,4.0,3.7,4.2",2023-12-18 16:00:44
3469704,The Fund For Peace,Fragile State Index,E2: Economic Inequality,2023,104,101,17,0.93513,2006,"3.0,2.9,3.0,3.0,2.8,2.6,2.7,2.5,2.7,2.7,2.4,2.2,1.9,1.6,1.3145550589233423,1.6,1.7",2006,"8.0,8.0,8.0,8.1,7.9,7.5,7.2,6.9,6.6,6.3,6.0,5.8,5.5,5.2,4.9,4.8,4.5",2023-12-16 18:12:10
4960101,The Fund For Peace,Fragile State Index,P1: State Legitimacy,2023,104,101,17,0.92396,2006,"1.5,1.5,1.5,1.8,1.6,2.0,2.2,1.9,1.8,1.5,1.2,1.0,0.7,0.7,0.4501988618136809,0.5,0.6",2006,"6.7,6.5,6.8,6.7,6.9,6.7,6.7,6.4,6.5,5.6,5.3,5.1,4.8,4.5,4.2,4.4,4.5",2023-12-18 16:00:45
2337136,The Fund For Peace,Fragile State Index,C2: Factionalized Elites,2023,104,181,17,0.91628,2006,"1.0,1.0,1.0,1.3,1.5,1.4,1.4,1.3,1.3,1.3,1.5,1.5,1.5,1.5,1.5,1.5,1.5",2006,"4.1,4.5,4.7,5.1,5.2,5.2,5.2,5.2,5.2,5.2,5.4,5.4,5.7,5.7,5.7,5.7,5.7",2023-12-15 10:53:23
3469629,The Fund For Peace,Fragile State Index,E2: Economic Inequality,2023,104,181,17,0.93883,2006,"3.0,2.9,3.0,3.0,2.8,2.6,2.7,2.5,2.7,2.7,2.4,2.2,1.9,1.6,1.3145550589233423,1.6,1.7",2006,"6.0,6.1,6.1,5.8,5.6,5.8,5.6,5.3,5.0,4.7,4.4,4.2,3.9,3.6,3.3000000000000003,3.8,3.9",2023-12-16 18:12:06
1967621,The Fund For Peace,Fragile State Index,C1: Security Apparatus,2023,104,236,17,0.93378,2006,"1.0,1.0,1.0,1.1,1.4,1.6,1.7,1.8,2.1,1.8,1.8,2.1,2.4,2.7,3.0,2.7,2.4",2007,"1.3,1.3,1.4,1.6,1.6,1.9,2.2,2.7,2.8,2.9,3.2,3.464329018518069,3.5,3.8,4.3,5.0,4.7",2023-12-15 03:46:19
3469689,The Fund For Peace,Fragile State Index,E2: Economic Inequality,2023,104,236,17,0.91974,2006,"3.0,2.9,3.0,3.0,2.8,2.6,2.7,2.5,2.7,2.7,2.4,2.2,1.9,1.6,1.3145550589233423,1.6,1.7",2007,"5.8,5.5,5.3,5.4,5.4,5.1,4.8,4.5,4.8,4.5,4.3,4.0,3.7,3.4000000000000004,3.7,3.7,4.0",2023-12-16 18:12:09
2337140,The Fund For Peace,Fragile State Index,C2: Factionalized Elites,2023,104,102,17,0.92332,2006,"1.0,1.0,1.0,1.3,1.5,1.4,1.4,1.3,1.3,1.3,1.5,1.5,1.5,1.5,1.5,1.5,1.5",2006,"8.8,8.9,9.0,9.1,9.5,9.2,9.3,9.4,9.4,9.4,9.6,9.6,9.6,9.6,9.6,9.6,9.6",2023-12-15 10:53:24
3469739,The Fund For Peace,Fragile State Index,E2: Economic Inequality,2023,104,102,17,0.92983,2006,"3.0,2.9,3.0,3.0,2.8,2.6,2.7,2.5,2.7,2.7,2.4,2.2,1.9,1.6,1.3145550589233423,1.6,1.7",2006,"7.5,7.2,7.4,7.4,7.3,7.0,6.7,6.7,6.4,6.1,5.8,5.6,5.6,5.3,5.0,4.9,4.6",2023-12-16 18:12:12
1967599,The Fund For Peace,Fragile State Index,C1: Security Apparatus,2023,104,140,17,0.90501,2006,"1.0,1.0,1.0,1.1,1.4,1.6,1.7,1.8,2.1,1.8,1.8,2.1,2.4,2.7,3.0,2.7,2.4",2006,"6.0,6.1,5.8,7.0,7.5,7.9,7.7,7.9,7.6,8.0,8.0,8.4,8.5,8.8,8.8,8.5,8.6",2023-12-15 03:46:18
3469645,The Fund For Peace,Fragile State Index,E2: Economic Inequality,2023,104,140,17,0.94515,2006,"3.0,2.9,3.0,3.0,2.8,2.6,2.7,2.5,2.7,2.7,2.4,2.2,1.9,1.6,1.3145550589233423,1.6,1.7",2006,"8.3,8.4,8.4,8.2,8.0,7.7,7.5,7.2,6.9,6.6,6.3,6.1,5.8,5.5,5.0,5.3,5.4",2023-12-16 18:12:07
1967604,The Fund For Peace,Fragile State Index,C1: Security Apparatus,2023,104,21,17,0.92313,2006,"1.0,1.0,1.0,1.1,1.4,1.6,1.7,1.8,2.1,1.8,1.8,2.1,2.4,2.7,3.0,2.7,2.4",2006,"1.0,1.6,1.6,1.7,1.8,2.0,2.3,2.0,2.3,2.0,1.9,2.4,2.3,2.6,2.9,2.6,2.3",2023-12-15 03:46:18
3469662,The Fund For Peace,Fragile State Index,E2: Economic Inequality,2023,104,21,17,0.92264,2006,"3.0,2.9,3.0,3.0,2.8,2.6,2.7,2.5,2.7,2.7,2.4,2.2,1.9,1.6,1.3145550589233423,1.6,1.7",2006,"4.0,4.0,4.6,4.9,4.7,4.4,4.1,3.8,3.5,3.2,2.9,2.7,2.4000000000000004,2.1,1.8,2.1,2.0",2023-12-16 18:12:08
1967601,The Fund For Peace,Fragile State Index,C1: Security Apparatus,2023,104,206,17,0.91573,2006,"1.0,1.0,1.0,1.1,1.4,1.6,1.7,1.8,2.1,1.8,1.8,2.1,2.4,2.7,3.0,2.7,2.4",2007,"3.2,3.9,4.3,4.1,4.5,4.8,5.1,4.9,5.3,5.8,6.1,6.4,6.5,6.719999693225616,6.4,6.9,6.6",2023-12-15 03:46:18
3469655,The Fund For Peace,Fragile State Index,E2: Economic Inequality,2023,104,206,17,0.92976,2006,"3.0,2.9,3.0,3.0,2.8,2.6,2.7,2.5,2.7,2.7,2.4,2.2,1.9,1.6,1.3145550589233423,1.6,1.7",2007,"8.5,8.5,8.5,8.5,8.2,8.2,8.0,7.7,7.4,7.7,7.5,7.2,6.9,6.800000000000001,6.7,7.0,6.9",2023-12-16 18:12:08
2526380,The Fund For Peace,Fragile State Index,C3: Group Grievance,2023,104,96,17,0.9081,2006,"1.0,1.0,1.0,1.0,1.0,1.3,1.6,1.6,1.6,1.9,1.6,1.4,1.1,1.0,0.7,0.5,0.6",2006,"5.3,5.3,5.3,5.0,5.0,5.3,5.6,5.8,6.1,6.4,6.1,5.9,5.6000000000000005,5.3,5.0,5.0,4.8",2023-12-15 14:38:13
3469652,The Fund For Peace,Fragile State Index,E2: Economic Inequality,2023,104,96,17,0.93637,2006,"3.0,2.9,3.0,3.0,2.8,2.6,2.7,2.5,2.7,2.7,2.4,2.2,1.9,1.6,1.3145550589233423,1.6,1.7",2006,"9.0,8.7,8.7,8.5,8.3,8.1,8.1,8.1,7.8,7.7,7.9,7.7,7.4,7.1,6.8,6.9,6.7",2023-12-16 18:12:08
1967528,The Fund For Peace,Fragile State Index,C1: Security Apparatus,2023,104,98,14,0.90493,2006,"1.0,1.0,1.0,1.1,1.4,1.6,1.7,1.8,2.1,1.8,1.8,2.1,2.4,2.7",2006,"2.0,2.1,1.9,2.1,2.2,2.5,2.6,2.3,2.6,2.4,2.4,2.7,3.0,2.7",2023-12-15 03:46:12
2885575,The Fund For Peace,Fragile State Index,E1: Economy,2023,104,98,14,0.95198,2006,"1.9,2.1,2.0,2.7,3.3,3.9,3.8,3.9,4.2,4.1,3.6,3.4,3.1,2.8",2006,"4.0,4.1,4.3,5.0,5.4,5.4,5.9,6.0,5.6,5.9,5.6,5.4,5.10431326900252,4.8",2023-12-16 07:20:49
3469209,The Fund For Peace,Fragile State Index,E2: Economic Inequality,2023,104,98,14,0.90044,2006,"3.0,2.9,3.0,3.0,2.8,2.6,2.7,2.5,2.7,2.7,2.4,2.2,1.9,1.6",2006,"6.4,6.3,6.1,6.1,5.9,5.5,5.2,4.9,4.6,4.3,4.0,3.8,3.5,3.2",2023-12-16 18:11:45
2526382,The Fund For Peace,Fragile State Index,C3: Group Grievance,2023,104,62,17,0.91721,2006,"1.0,1.0,1.0,1.0,1.0,1.3,1.6,1.6,1.6,1.9,1.6,1.4,1.1,1.0,0.7,0.5,0.6",2006,"6.8,6.7,6.5,6.3,6.4,6.9,6.9,7.2,7.5,7.8,7.5,7.3,7.0,6.7,6.4,6.1,5.8",2023-12-15 14:38:13
3469737,The Fund For Peace,Fragile State Index,E2: Economic Inequality,2023,104,62,17,0.9143,2006,"3.0,2.9,3.0,3.0,2.8,2.6,2.7,2.5,2.7,2.7,2.4,2.2,1.9,1.6,1.3145550589233423,1.6,1.7",2006,"8.0,8.0,7.8,8.0,8.0,7.7,7.7,7.4,7.1,6.8,6.9,6.7,6.7,6.4,6.1000000000000005,6.0,5.9",2023-12-16 18:12:12
1967610,The Fund For Peace,Fragile State Index,C1: Security Apparatus,2023,104,73,17,0.91465,2006,"1.0,1.0,1.0,1.1,1.4,1.6,1.7,1.8,2.1,1.8,1.8,2.1,2.4,2.7,3.0,2.7,2.4",2007,"0.9,0.9,0.9,1.0,1.0,1.3,1.0,1.3,1.4,1.4,1.7,2.2,2.5,2.8,2.5,2.2,2.0",2023-12-15 03:46:19
2337138,The Fund For Peace,Fragile State Index,C2: Factionalized Elites,2023,104,73,17,0.9119,2006,"1.0,1.0,1.0,1.3,1.5,1.4,1.4,1.3,1.3,1.3,1.5,1.5,1.5,1.5,1.5,1.5,1.5",2007,"0.7,0.7,0.9,1.0,1.2,1.2,1.1,1.1,1.1,1.1,1.1,1.4,1.4,1.4,1.4,1.4,1.4",2023-12-15 10:53:24
1967509,The Fund For Peace,Fragile State Index,C1: Security Apparatus,2023,104,140,14,0.90718,2006,"1.0,1.0,1.0,1.1,1.4,1.6,1.7,1.8,2.1,1.8,1.8,2.1,2.4,2.7",2006,"6.0,6.1,5.8,7.0,7.5,7.9,7.7,7.9,7.6,8.0,8.0,8.4,8.5,8.8",2023-12-15 03:46:11
2337101,The Fund For Peace,Fragile State Index,C2: Factionalized Elites,2023,104,140,14,0.91981,2006,"1.0,1.0,1.0,1.3,1.5,1.4,1.4,1.3,1.3,1.3,1.5,1.5,1.5,1.5",2006,"4.7,4.8,4.8,5.0,5.5,5.2,5.2,5.2,5.1,5.1,5.1,5.4,5.4,5.4",2023-12-15 10:53:20
3469185,The Fund For Peace,Fragile State Index,E2: Economic Inequality,2023,104,140,14,0.9103,2006,"3.0,2.9,3.0,3.0,2.8,2.6,2.7,2.5,2.7,2.7,2.4,2.2,1.9,1.6",2006,"8.3,8.4,8.4,8.2,8.0,7.7,7.5,7.2,6.9,6.6,6.3,6.1,5.8,5.5",2023-12-16 18:11:43
2526379,The Fund For Peace,Fragile State Index,C3: Group Grievance,2023,104,221,17,0.91688,2006,"1.0,1.0,1.0,1.0,1.0,1.3,1.6,1.6,1.6,1.9,1.6,1.4,1.1,1.0,0.7,0.5,0.6",2007,"7.8,7.7,8.0,7.8,8.0,7.8,8.1,8.0,8.5,9.0,8.5,8.2,7.9,7.6,7.3,7.0,7.1",2023-12-15 14:38:12
3469641,The Fund For Peace,Fragile State Index,E2: Economic Inequality,2023,104,221,17,0.90293,2006,"3.0,2.9,3.0,3.0,2.8,2.6,2.7,2.5,2.7,2.7,2.4,2.2,1.9,1.6,1.3145550589233423,1.6,1.7",2007,"7.5,7.5,7.7,7.5,7.2,6.9,6.4,6.1,5.8,5.5,5.3,5.0,4.7,4.6000000000000005,4.5,4.6,4.3",2023-12-16 18:12:07
1967615,The Fund For Peace,Fragile State Index,C1: Security Apparatus,2023,104,74,17,0.90118,2006,"1.0,1.0,1.0,1.1,1.4,1.6,1.7,1.8,2.1,1.8,1.8,2.1,2.4,2.7,3.0,2.7,2.4",2007,"1.0,1.0,1.2,1.6,1.9,2.2,2.3,2.6,2.3,3.0,3.3,3.2,3.5,3.8,3.5,3.2,2.9",2023-12-15 03:46:19
4960098,The Fund For Peace,Fragile State Index,P1: State Legitimacy,2023,104,74,17,0.90674,2006,"1.5,1.5,1.5,1.8,1.6,2.0,2.2,1.9,1.8,1.5,1.2,1.0,0.7,0.7,0.4501988618136809,0.5,0.6",2007,"1.5,1.7,1.8,1.8,1.6,1.9,2.2,2.1,1.8,1.5,1.3,0.9708500319343836,1.5,1.2,0.9,1.1,1.0",2023-12-18 16:00:45
2337107,The Fund For Peace,Fragile State Index,C2: Factionalized Elites,2023,104,63,14,0.90017,2006,"1.0,1.0,1.0,1.3,1.5,1.4,1.4,1.3,1.3,1.3,1.5,1.5,1.5,1.5",2009,"8.1,8.1,8.0,8.8,8.7,9.4,9.0,8.8,8.8,8.8,9.1,9.1,9.1,9.1",2023-12-15 10:53:20
2885580,The Fund For Peace,Fragile State Index,E1: Economy,2023,104,63,14,0.90282,2006,"1.9,2.1,2.0,2.7,3.3,3.9,3.8,3.9,4.2,4.1,3.6,3.4,3.1,2.8",2009,"7.0,6.8,6.5,7.1,8.2,7.9,8.1,8.4,8.2,7.899999999999999,7.9,7.6,7.3,7.0",2023-12-16 07:20:50
3469242,The Fund For Peace,Fragile State Index,E2: Economic Inequality,2023,104,63,14,0.90308,2006,"3.0,2.9,3.0,3.0,2.8,2.6,2.7,2.5,2.7,2.7,2.4,2.2,1.9,1.6",2009,"7.6,7.4,7.4,7.4,7.1,6.8,6.5,6.2,6.0,5.7,5.7,5.4,5.1,4.8",2023-12-16 18:11:46
1967585,The Fund For Peace,Fragile State Index,C1: Security Apparatus,2023,104,13,16,0.98247,2006,"1.0,1.0,1.0,1.1,1.4,1.6,1.7,1.8,2.1,1.8,1.8,2.1,2.4,2.7,3.0,2.7",2006,"1.0,0.9,0.9,1.0,1.4,1.7,2.0,1.7,2.0,2.1,1.8,2.1,2.4,2.7,3.0,2.7",2023-12-15 03:46:17
3469501,The Fund For Peace,Fragile State Index,E2: Economic Inequality,2023,104,13,16,0.91469,2006,"3.0,2.9,3.0,3.0,2.8,2.6,2.7,2.5,2.7,2.7,2.4,2.2,1.9,1.6,1.3145550589233423,1.6",2006,"4.5,4.4,4.4,4.4,4.2,3.9,3.6,3.3,3.0,2.7,2.4,2.2,1.9,1.6,1.546408857575207,1.8",2023-12-16 18:12:00
1967590,The Fund For Peace,Fragile State Index,C1: Security Apparatus,2023,104,238,16,0.92154,2006,"1.0,1.0,1.0,1.1,1.4,1.6,1.7,1.8,2.1,1.8,1.8,2.1,2.4,2.7,3.0,2.7",2006,"3.0,3.0,3.0,3.3,3.4,3.7,4.0,3.7,3.4,3.7,3.5,3.8,4.1,4.3,4.50319973927738,4.2",2023-12-15 03:46:17
3469514,The Fund For Peace,Fragile State Index,E2: Economic Inequality,2023,104,238,16,0.97217,2006,"3.0,2.9,3.0,3.0,2.8,2.6,2.7,2.5,2.7,2.7,2.4,2.2,1.9,1.6,1.3145550589233423,1.6",2006,"5.0,5.1,5.1,5.2,5.0,4.7,4.6,4.4,4.5,4.2,4.3,4.1,3.8,3.3,3.0,3.3",2023-12-16 18:12:01
2526350,The Fund For Peace,Fragile State Index,C3: Group Grievance,2023,104,84,13,0.92667,2006,"1.0,1.0,1.0,1.0,1.0,1.3,1.6,1.6,1.6,1.9,1.6,1.4,1.1",2008,"4.3,4.4,4.2,4.5,4.8,4.8,5.1,5.0,5.1,5.4,5.1000000000000005,4.8,4.5",2023-12-15 14:38:09
2885561,The Fund For Peace,Fragile State Index,E1: Economy,2023,104,84,13,0.98541,2006,"1.9,2.1,2.0,2.7,3.3,3.9,3.8,3.9,4.2,4.1,3.6,3.4,3.1",2008,"3.7,4.0,4.3,5.1,5.9,6.4,6.5,6.5,7.0,6.5,6.2,5.7,5.2",2023-12-16 07:20:48
3469096,The Fund For Peace,Fragile State Index,E2: Economic Inequality,2023,104,84,13,0.90643,2006,"3.0,2.9,3.0,3.0,2.8,2.6,2.7,2.5,2.7,2.7,2.4,2.2,1.9",2008,"5.0,4.8,4.6,4.3,4.6,4.3,4.0,4.2,3.9,3.7,3.4000000000000004,2.9,2.6",2023-12-16 18:11:38
2885592,The Fund For Peace,Fragile State Index,E1: Economy,2023,104,98,16,0.95024,2006,"1.9,2.1,2.0,2.7,3.3,3.9,3.8,3.9,4.2,4.1,3.6,3.4,3.1,2.8,2.5,2.7",2006,"4.0,4.1,4.3,5.0,5.4,5.4,5.9,6.0,5.6,5.9,5.6,5.4,5.10431326900252,4.8,4.5,5.0",2023-12-16 07:20:51
3469508,The Fund For Peace,Fragile State Index,E2: Economic Inequality,2023,104,98,16,0.92415,2006,"3.0,2.9,3.0,3.0,2.8,2.6,2.7,2.5,2.7,2.7,2.4,2.2,1.9,1.6,1.3145550589233423,1.6",2006,"6.4,6.3,6.1,6.1,5.9,5.5,5.2,4.9,4.6,4.3,4.0,3.8,3.5,3.2,2.9000000000000004,2.9",2023-12-16 18:12:00
1967594,The Fund For Peace,Fragile State Index,C1: Security Apparatus,2023,104,236,16,0.94736,2006,"1.0,1.0,1.0,1.1,1.4,1.6,1.7,1.8,2.1,1.8,1.8,2.1,2.4,2.7,3.0,2.7",2007,"1.3,1.3,1.4,1.6,1.6,1.9,2.2,2.7,2.8,2.9,3.2,3.464329018518069,3.5,3.8,4.3,5.0",2023-12-15 03:46:17
3469525,The Fund For Peace,Fragile State Index,E2: Economic Inequality,2023,104,236,16,0.9215,2006,"3.0,2.9,3.0,3.0,2.8,2.6,2.7,2.5,2.7,2.7,2.4,2.2,1.9,1.6,1.3145550589233423,1.6",2007,"5.8,5.5,5.3,5.4,5.4,5.1,4.8,4.5,4.8,4.5,4.3,4.0,3.7,3.4000000000000004,3.7,3.7",2023-12-16 18:12:01
2526373,The Fund For Peace,Fragile State Index,C3: Group Grievance,2023,104,96,16,0.92071,2006,"1.0,1.0,1.0,1.0,1.0,1.3,1.6,1.6,1.6,1.9,1.6,1.4,1.1,1.0,0.7,0.5",2007,"5.3,5.3,5.0,5.0,5.3,5.6,5.8,6.1,6.4,6.1,5.9,5.6000000000000005,5.3,5.0,5.0,4.8",2023-12-15 14:38:12
3469489,The Fund For Peace,Fragile State Index,E2: Economic Inequality,2023,104,96,16,0.94723,2006,"3.0,2.9,3.0,3.0,2.8,2.6,2.7,2.5,2.7,2.7,2.4,2.2,1.9,1.6,1.3145550589233423,1.6",2007,"8.7,8.7,8.5,8.3,8.1,8.1,8.1,7.8,7.7,7.9,7.7,7.4,7.1,6.8,6.9,6.7",2023-12-16 18:11:59
2337127,The Fund For Peace,Fragile State Index,C2: Factionalized Elites,2023,104,140,16,0.92823,2006,"1.0,1.0,1.0,1.3,1.5,1.4,1.4,1.3,1.3,1.3,1.5,1.5,1.5,1.5,1.5,1.5",2006,"4.7,4.8,4.8,5.0,5.5,5.2,5.2,5.2,5.1,5.1,5.1,5.4,5.4,5.4,5.4,5.4",2023-12-15 10:53:22
3469478,The Fund For Peace,Fragile State Index,E2: Economic Inequality,2023,104,140,16,0.93914,2006,"3.0,2.9,3.0,3.0,2.8,2.6,2.7,2.5,2.7,2.7,2.4,2.2,1.9,1.6,1.3145550589233423,1.6",2006,"8.3,8.4,8.4,8.2,8.0,7.7,7.5,7.2,6.9,6.6,6.3,6.1,5.8,5.5,5.0,5.3",2023-12-16 18:11:59
1967482,The Fund For Peace,Fragile State Index,C1: Security Apparatus,2023,104,84,13,0.91471,2006,"1.0,1.0,1.0,1.1,1.4,1.6,1.7,1.8,2.1,1.8,1.8,2.1,2.4",2007,"3.1,3.1,3.5,3.4,3.8,4.0,3.9,4.2,4.5,4.2,4.5,4.418852145311638,4.3",2023-12-15 03:46:09
2885560,The Fund For Peace,Fragile State Index,E1: Economy,2023,104,84,13,0.95211,2006,"1.9,2.1,2.0,2.7,3.3,3.9,3.8,3.9,4.2,4.1,3.6,3.4,3.1",2007,"3.5,3.7,4.0,4.3,5.1,5.9,6.4,6.5,6.5,7.0,6.5,6.2,5.7",2023-12-16 07:20:47
3469095,The Fund For Peace,Fragile State Index,E2: Economic Inequality,2023,104,84,13,0.92934,2006,"3.0,2.9,3.0,3.0,2.8,2.6,2.7,2.5,2.7,2.7,2.4,2.2,1.9",2007,"5.0,5.0,4.8,4.6,4.3,4.6,4.3,4.0,4.2,3.9,3.7,3.4000000000000004,2.9",2023-12-16 18:11:38
2885591,The Fund For Peace,Fragile State Index,E1: Economy,2023,104,177,16,0.91007,2006,"1.9,2.1,2.0,2.7,3.3,3.9,3.8,3.9,4.2,4.1,3.6,3.4,3.1,2.8,2.5,2.7",2006,"3.7,3.7,3.8,4.2,4.7,4.8,5.3,5.4,5.2,5.1,5.0,5.3,4.8,4.5,4.0,4.8",2023-12-16 07:20:51
3469502,The Fund For Peace,Fragile State Index,E2: Economic Inequality,2023,104,177,16,0.95072,2006,"3.0,2.9,3.0,3.0,2.8,2.6,2.7,2.5,2.7,2.7,2.4,2.2,1.9,1.6,1.3145550589233423,1.6",2006,"4.0,3.9,3.6,3.9,3.7,3.6,3.7,3.4,3.2,2.9,2.7,2.5,2.2,1.9,1.670241987450679,2.0",2023-12-16 18:12:00
2526377,The Fund For Peace,Fragile State Index,C3: Group Grievance,2023,104,62,16,0.93484,2006,"1.0,1.0,1.0,1.0,1.0,1.3,1.6,1.6,1.6,1.9,1.6,1.4,1.1,1.0,0.7,0.5",2007,"6.7,6.5,6.3,6.4,6.9,6.9,7.2,7.5,7.8,7.5,7.3,7.0,6.7,6.4,6.1,5.8",2023-12-15 14:38:12
3469587,The Fund For Peace,Fragile State Index,E2: Economic Inequality,2023,104,62,16,0.92243,2006,"3.0,2.9,3.0,3.0,2.8,2.6,2.7,2.5,2.7,2.7,2.4,2.2,1.9,1.6,1.3145550589233423,1.6",2007,"8.0,7.8,8.0,8.0,7.7,7.7,7.4,7.1,6.8,6.9,6.7,6.7,6.4,6.1000000000000005,6.0,5.9",2023-12-16 18:12:04
3469465,The Fund For Peace,Fragile State Index,E2: Economic Inequality,2023,104,56,16,0.93949,2006,"3.0,2.9,3.0,3.0,2.8,2.6,2.7,2.5,2.7,2.7,2.4,2.2,1.9,1.6,1.3145550589233423,1.6",2007,"7.5,7.5,7.8,7.6,7.3,7.0,7.0,6.7,6.4,6.1,5.9,5.6000000000000005,5.3,5.0,4.9,4.8",2023-12-16 18:11:58
4960078,The Fund For Peace,Fragile State Index,P1: State Legitimacy,2023,104,56,16,0.91296,2006,"1.5,1.5,1.5,1.8,1.6,2.0,2.2,1.9,1.8,1.5,1.2,1.0,0.7,0.7,0.4501988618136809,0.5",2007,"5.5,5.5,5.4,5.2,5.0,5.2,5.5,5.6,5.3,5.0,4.8,4.5,4.2,3.9,4.0,3.7",2023-12-18 16:00:43
1967489,The Fund For Peace,Fragile State Index,C1: Security Apparatus,2023,104,236,13,0.93629,2006,"1.0,1.0,1.0,1.1,1.4,1.6,1.7,1.8,2.1,1.8,1.8,2.1,2.4",2007,"1.3,1.3,1.4,1.6,1.6,1.9,2.2,2.7,2.8,2.9,3.2,3.464329018518069,3.5",2023-12-15 03:46:09
3469103,The Fund For Peace,Fragile State Index,E2: Economic Inequality,2023,104,236,13,0.92819,2006,"3.0,2.9,3.0,3.0,2.8,2.6,2.7,2.5,2.7,2.7,2.4,2.2,1.9",2007,"5.8,5.5,5.3,5.4,5.4,5.1,4.8,4.5,4.8,4.5,4.3,4.0,3.7",2023-12-16 18:11:38
5365752,The Fund For Peace,Fragile State Index,P2: Public Services,2023,104,236,13,0.91398,2006,"1.3,1.8,2.0,2.3,2.4,2.2,2.2,1.9,2.2,1.9,1.6,1.4,1.441695562783806",2007,"1.4,1.8,2.3,2.5,2.7,2.7,2.4,2.5,2.1,1.8,1.6,1.3,1.2",2023-12-19 00:09:23
3469499,The Fund For Peace,Fragile State Index,E2: Economic Inequality,2023,104,216,16,0.9341,2006,"3.0,2.9,3.0,3.0,2.8,2.6,2.7,2.5,2.7,2.7,2.4,2.2,1.9,1.6,1.3145550589233423,1.6",2006,"2.5,2.6,2.6,2.6,2.6,2.8,2.6,2.3,2.4,2.7,2.4,2.2,1.9,1.8,1.5,1.8",2023-12-16 18:12:00
5365758,The Fund For Peace,Fragile State Index,P2: Public Services,2023,104,216,16,0.91536,2006,"1.3,1.8,2.0,2.3,2.4,2.2,2.2,1.9,2.2,1.9,1.6,1.4,1.441695562783806,1.4,1.4413539224343477,2.5",2006,"1.0,1.4,1.4,1.6,1.4,1.6,1.7,1.4,1.7,1.4,1.1,1.0,0.9329727415066152,1.0,1.0524990146414512,1.6",2023-12-19 00:09:25
2337126,The Fund For Peace,Fragile State Index,C2: Factionalized Elites,2023,104,181,16,0.9137,2006,"1.0,1.0,1.0,1.3,1.5,1.4,1.4,1.3,1.3,1.3,1.5,1.5,1.5,1.5,1.5,1.5",2006,"4.1,4.5,4.7,5.1,5.2,5.2,5.2,5.2,5.2,5.2,5.4,5.4,5.7,5.7,5.7,5.7",2023-12-15 10:53:22
3469461,The Fund For Peace,Fragile State Index,E2: Economic Inequality,2023,104,181,16,0.93493,2006,"3.0,2.9,3.0,3.0,2.8,2.6,2.7,2.5,2.7,2.7,2.4,2.2,1.9,1.6,1.3145550589233423,1.6",2006,"6.0,6.1,6.1,5.8,5.6,5.8,5.6,5.3,5.0,4.7,4.4,4.2,3.9,3.6,3.3000000000000003,3.8",2023-12-16 18:11:58
2337133,The Fund For Peace,Fragile State Index,C2: Factionalized Elites,2023,104,102,16,0.91992,2006,"1.0,1.0,1.0,1.3,1.5,1.4,1.4,1.3,1.3,1.3,1.5,1.5,1.5,1.5,1.5,1.5",2006,"8.8,8.9,9.0,9.1,9.5,9.2,9.3,9.4,9.4,9.4,9.6,9.6,9.6,9.6,9.6,9.6",2023-12-15 10:53:23
3469589,The Fund For Peace,Fragile State Index,E2: Economic Inequality,2023,104,102,16,0.92801,2006,"3.0,2.9,3.0,3.0,2.8,2.6,2.7,2.5,2.7,2.7,2.4,2.2,1.9,1.6,1.3145550589233423,1.6",2006,"7.5,7.2,7.4,7.4,7.3,7.0,6.7,6.7,6.4,6.1,5.8,5.6,5.6,5.3,5.0,4.9",2023-12-16 18:12:04
3469545,The Fund For Peace,Fragile State Index,E2: Economic Inequality,2023,104,101,16,0.93128,2006,"3.0,2.9,3.0,3.0,2.8,2.6,2.7,2.5,2.7,2.7,2.4,2.2,1.9,1.6,1.3145550589233423,1.6",2006,"8.0,8.0,8.0,8.1,7.9,7.5,7.2,6.9,6.6,6.3,6.0,5.8,5.5,5.2,4.9,4.8",2023-12-16 18:12:02
4960087,The Fund For Peace,Fragile State Index,P1: State Legitimacy,2023,104,101,16,0.91481,2006,"1.5,1.5,1.5,1.8,1.6,2.0,2.2,1.9,1.8,1.5,1.2,1.0,0.7,0.7,0.4501988618136809,0.5",2006,"6.7,6.5,6.8,6.7,6.9,6.7,6.7,6.4,6.5,5.6,5.3,5.1,4.8,4.5,4.2,4.4",2023-12-18 16:00:44
1967576,The Fund For Peace,Fragile State Index,C1: Security Apparatus,2023,104,21,16,0.92528,2006,"1.0,1.0,1.0,1.1,1.4,1.6,1.7,1.8,2.1,1.8,1.8,2.1,2.4,2.7,3.0,2.7",2006,"1.0,1.6,1.6,1.7,1.8,2.0,2.3,2.0,2.3,2.0,1.9,2.4,2.3,2.6,2.9,2.6",2023-12-15 03:46:16
3469497,The Fund For Peace,Fragile State Index,E2: Economic Inequality,2023,104,21,16,0.91367,2006,"3.0,2.9,3.0,3.0,2.8,2.6,2.7,2.5,2.7,2.7,2.4,2.2,1.9,1.6,1.3145550589233423,1.6",2006,"4.0,4.0,4.6,4.9,4.7,4.4,4.1,3.8,3.5,3.2,2.9,2.7,2.4000000000000004,2.1,1.8,2.1",2023-12-16 18:12:00
1967572,The Fund For Peace,Fragile State Index,C1: Security Apparatus,2023,104,206,16,0.912,2006,"1.0,1.0,1.0,1.1,1.4,1.6,1.7,1.8,2.1,1.8,1.8,2.1,2.4,2.7,3.0,2.7",2007,"3.2,3.9,4.3,4.1,4.5,4.8,5.1,4.9,5.3,5.8,6.1,6.4,6.5,6.719999693225616,6.4,6.9",2023-12-15 03:46:16
3469492,The Fund For Peace,Fragile State Index,E2: Economic Inequality,2023,104,206,16,0.92284,2006,"3.0,2.9,3.0,3.0,2.8,2.6,2.7,2.5,2.7,2.7,2.4,2.2,1.9,1.6,1.3145550589233423,1.6",2007,"8.5,8.5,8.5,8.5,8.2,8.2,8.0,7.7,7.4,7.7,7.5,7.2,6.9,6.800000000000001,6.7,7.0",2023-12-16 18:11:59
2526372,The Fund For Peace,Fragile State Index,C3: Group Grievance,2023,104,78,16,0.90802,2006,"1.0,1.0,1.0,1.0,1.0,1.3,1.6,1.6,1.6,1.9,1.6,1.4,1.1,1.0,0.7,0.5",2007,"3.0,3.0,3.0,3.0,3.3,3.3,3.3,3.6,3.7,4.0,3.8,3.5,3.2,2.9000000000000004,2.6,2.9",2023-12-15 14:38:12
3469477,The Fund For Peace,Fragile State Index,E2: Economic Inequality,2023,104,78,16,0.92551,2006,"3.0,2.9,3.0,3.0,2.8,2.6,2.7,2.5,2.7,2.7,2.4,2.2,1.9,1.6,1.3145550589233423,1.6",2007,"7.8,8.1,7.8,7.9,7.9,7.6,7.3,7.0,6.9,6.7,6.5,6.2,5.9,5.6000000000000005,5.7,5.7",2023-12-16 18:11:59
3469553,The Fund For Peace,Fragile State Index,E2: Economic Inequality,2023,104,149,16,0.92614,2006,"3.0,2.9,3.0,3.0,2.8,2.6,2.7,2.5,2.7,2.7,2.4,2.2,1.9,1.6,1.3145550589233423,1.6",2006,"9.0,8.9,9.0,9.5,9.3,9.0,8.7,8.4,8.1,8.2,7.9,7.7,7.4,7.1,7.0,7.1",2023-12-16 18:12:03
4960088,The Fund For Peace,Fragile State Index,P1: State Legitimacy,2023,104,149,16,0.90087,2006,"1.5,1.5,1.5,1.8,1.6,2.0,2.2,1.9,1.8,1.5,1.2,1.0,0.7,0.7,0.4501988618136809,0.5",2006,"9.2,9.1,9.5,9.5,9.6,9.7,9.4,9.0,9.3,9.0,8.7,8.6,8.6,8.3,8.0,8.1",2023-12-18 16:00:44
3469466,The Fund For Peace,Fragile State Index,E2: Economic Inequality,2023,104,56,16,0.91234,2006,"3.0,2.9,3.0,3.0,2.8,2.6,2.7,2.5,2.7,2.7,2.4,2.2,1.9,1.6,1.3145550589233423,1.6",2008,"7.5,7.8,7.6,7.3,7.0,7.0,6.7,6.4,6.1,5.9,5.6000000000000005,5.3,5.0,4.9,4.8,4.5",2023-12-16 18:11:58
4960079,The Fund For Peace,Fragile State Index,P1: State Legitimacy,2023,104,56,16,0.9143,2006,"1.5,1.5,1.5,1.8,1.6,2.0,2.2,1.9,1.8,1.5,1.2,1.0,0.7,0.7,0.4501988618136809,0.5",2008,"5.5,5.4,5.2,5.0,5.2,5.5,5.6,5.3,5.0,4.8,4.5,4.2,3.9,4.0,3.7,4.2",2023-12-18 16:00:43
1967583,The Fund For Peace,Fragile State Index,C1: Security Apparatus,2023,104,73,16,0.91299,2006,"1.0,1.0,1.0,1.1,1.4,1.6,1.7,1.8,2.1,1.8,1.8,2.1,2.4,2.7,3.0,2.7",2007,"0.9,0.9,0.9,1.0,1.0,1.3,1.0,1.3,1.4,1.4,1.7,2.2,2.5,2.8,2.5,2.2",2023-12-15 03:46:16
2337129,The Fund For Peace,Fragile State Index,C2: Factionalized Elites,2023,104,73,16,0.90922,2006,"1.0,1.0,1.0,1.3,1.5,1.4,1.4,1.3,1.3,1.3,1.5,1.5,1.5,1.5,1.5,1.5",2007,"0.7,0.7,0.9,1.0,1.2,1.2,1.1,1.1,1.1,1.1,1.1,1.4,1.4,1.4,1.4,1.4",2023-12-15 10:53:23
3469541,The Fund For Peace,Fragile State Index,E2: Economic Inequality,2023,104,35,16,0.90446,2006,"3.0,2.9,3.0,3.0,2.8,2.6,2.7,2.5,2.7,2.7,2.4,2.2,1.9,1.6,1.3145550589233423,1.6",2006,"8.8,8.9,8.9,9.0,8.8,8.5,8.2,8.4,8.1,8.1,8.4,8.2,7.899999999999999,7.6,7.3,7.8",2023-12-16 18:12:02
4960085,The Fund For Peace,Fragile State Index,P1: State Legitimacy,2023,104,35,16,0.91479,2006,"1.5,1.5,1.5,1.8,1.6,2.0,2.2,1.9,1.8,1.5,1.2,1.0,0.7,0.7,0.4501988618136809,0.5",2006,"7.8,7.6,7.6,7.9,7.7,7.7,8.0,7.7,7.8,8.1,7.3,7.1,6.8,6.5,6.2,5.9",2023-12-18 16:00:43
2526376,The Fund For Peace,Fragile State Index,C3: Group Grievance,2023,104,62,16,0.90793,2006,"1.0,1.0,1.0,1.0,1.0,1.3,1.6,1.6,1.6,1.9,1.6,1.4,1.1,1.0,0.7,0.5",2006,"6.8,6.7,6.5,6.3,6.4,6.9,6.9,7.2,7.5,7.8,7.5,7.3,7.0,6.7,6.4,6.1",2023-12-15 14:38:12
3469586,The Fund For Peace,Fragile State Index,E2: Economic Inequality,2023,104,62,16,0.90768,2006,"3.0,2.9,3.0,3.0,2.8,2.6,2.7,2.5,2.7,2.7,2.4,2.2,1.9,1.6,1.3145550589233423,1.6",2006,"8.0,8.0,7.8,8.0,8.0,7.7,7.7,7.4,7.1,6.8,6.9,6.7,6.7,6.4,6.1000000000000005,6.0",2023-12-16 18:12:04
1967556,The Fund For Peace,Fragile State Index,C1: Security Apparatus,2023,104,13,15,0.98022,2006,"1.0,1.0,1.0,1.1,1.4,1.6,1.7,1.8,2.1,1.8,1.8,2.1,2.4,2.7,3.0",2006,"1.0,0.9,0.9,1.0,1.4,1.7,2.0,1.7,2.0,2.1,1.8,2.1,2.4,2.7,3.0",2023-12-15 03:46:14
3469343,The Fund For Peace,Fragile State Index,E2: Economic Inequality,2023,104,13,15,0.90672,2006,"3.0,2.9,3.0,3.0,2.8,2.6,2.7,2.5,2.7,2.7,2.4,2.2,1.9,1.6,1.3145550589233423",2006,"4.5,4.4,4.4,4.4,4.2,3.9,3.6,3.3,3.0,2.7,2.4,2.2,1.9,1.6,1.546408857575207",2023-12-16 18:11:52
2885585,The Fund For Peace,Fragile State Index,E1: Economy,2023,104,177,15,0.93307,2006,"1.9,2.1,2.0,2.7,3.3,3.9,3.8,3.9,4.2,4.1,3.6,3.4,3.1,2.8,2.5",2006,"3.7,3.7,3.8,4.2,4.7,4.8,5.3,5.4,5.2,5.1,5.0,5.3,4.8,4.5,4.0",2023-12-16 07:20:50
3469344,The Fund For Peace,Fragile State Index,E2: Economic Inequality,2023,104,177,15,0.94404,2006,"3.0,2.9,3.0,3.0,2.8,2.6,2.7,2.5,2.7,2.7,2.4,2.2,1.9,1.6,1.3145550589233423",2006,"4.0,3.9,3.6,3.9,3.7,3.6,3.7,3.4,3.2,2.9,2.7,2.5,2.2,1.9,1.670241987450679",2023-12-16 18:11:52
1967565,The Fund For Peace,Fragile State Index,C1: Security Apparatus,2023,104,236,15,0.9585,2006,"1.0,1.0,1.0,1.1,1.4,1.6,1.7,1.8,2.1,1.8,1.8,2.1,2.4,2.7,3.0",2007,"1.3,1.3,1.4,1.6,1.6,1.9,2.2,2.7,2.8,2.9,3.2,3.464329018518069,3.5,3.8,4.3",2023-12-15 03:46:15
3469365,The Fund For Peace,Fragile State Index,E2: Economic Inequality,2023,104,236,15,0.91379,2006,"3.0,2.9,3.0,3.0,2.8,2.6,2.7,2.5,2.7,2.7,2.4,2.2,1.9,1.6,1.3145550589233423",2007,"5.8,5.5,5.3,5.4,5.4,5.1,4.8,4.5,4.8,4.5,4.3,4.0,3.7,3.4000000000000004,3.7",2023-12-16 18:11:53
1967564,The Fund For Peace,Fragile State Index,C1: Security Apparatus,2023,104,236,15,0.94689,2006,"1.0,1.0,1.0,1.1,1.4,1.6,1.7,1.8,2.1,1.8,1.8,2.1,2.4,2.7,3.0",2006,"1.0,1.3,1.3,1.4,1.6,1.6,1.9,2.2,2.7,2.8,2.9,3.2,3.464329018518069,3.5,3.8",2023-12-15 03:46:15
3469364,The Fund For Peace,Fragile State Index,E2: Economic Inequality,2023,104,236,15,0.92252,2006,"3.0,2.9,3.0,3.0,2.8,2.6,2.7,2.5,2.7,2.7,2.4,2.2,1.9,1.6,1.3145550589233423",2006,"6.0,5.8,5.5,5.3,5.4,5.4,5.1,4.8,4.5,4.8,4.5,4.3,4.0,3.7,3.4000000000000004",2023-12-16 18:11:53
1967545,The Fund For Peace,Fragile State Index,C1: Security Apparatus,2023,104,153,15,0.92543,2006,"1.0,1.0,1.0,1.1,1.4,1.6,1.7,1.8,2.1,1.8,1.8,2.1,2.4,2.7,3.0",2006,"1.0,1.0,1.0,1.0,1.1,1.4,1.7,1.8,2.1,1.8,1.7,1.5,1.8,2.1,2.4",2023-12-15 03:46:14
2885584,The Fund For Peace,Fragile State Index,E1: Economy,2023,104,153,15,0.94018,2006,"1.9,2.1,2.0,2.7,3.3,3.9,3.8,3.9,4.2,4.1,3.6,3.4,3.1,2.8,2.5",2006,"2.0,2.0,2.0,2.5,3.0,3.2,3.3,3.5,3.7,3.4,2.9,2.7,2.4000000000000004,2.1,1.8244095707007253",2023-12-16 07:20:50
1967543,The Fund For Peace,Fragile State Index,C1: Security Apparatus,2023,104,206,15,0.93316,2006,"1.0,1.0,1.0,1.1,1.4,1.6,1.7,1.8,2.1,1.8,1.8,2.1,2.4,2.7,3.0",2006,"3.4,3.2,3.9,4.3,4.1,4.5,4.8,5.1,4.9,5.3,5.8,6.1,6.4,6.5,6.719999693225616",2023-12-15 03:46:14
2337117,The Fund For Peace,Fragile State Index,C2: Factionalized Elites,2023,104,206,15,0.93193,2006,"1.0,1.0,1.0,1.3,1.5,1.4,1.4,1.3,1.3,1.3,1.5,1.5,1.5,1.5,1.5",2006,"4.0,3.9,4.4,5.9,5.9,5.9,5.9,5.6,5.6,5.6,5.6,6.1,6.6,6.6,6.6",2023-12-15 10:53:21
2885586,The Fund For Peace,Fragile State Index,E1: Economy,2023,104,98,15,0.95435,2006,"1.9,2.1,2.0,2.7,3.3,3.9,3.8,3.9,4.2,4.1,3.6,3.4,3.1,2.8,2.5",2006,"4.0,4.1,4.3,5.0,5.4,5.4,5.9,6.0,5.6,5.9,5.6,5.4,5.10431326900252,4.8,4.5",2023-12-16 07:20:50
3469348,The Fund For Peace,Fragile State Index,E2: Economic Inequality,2023,104,98,15,0.91012,2006,"3.0,2.9,3.0,3.0,2.8,2.6,2.7,2.5,2.7,2.7,2.4,2.2,1.9,1.6,1.3145550589233423",2006,"6.4,6.3,6.1,6.1,5.9,5.5,5.2,4.9,4.6,4.3,4.0,3.8,3.5,3.2,2.9000000000000004",2023-12-16 18:11:52
498793,The Fund For Peace,Fragile State Index,Total,2023,104,165,15,0.93209,2006,"18.6,19.5,19.9,21.6,22.4,25.3,26.5,24.8,26.1,24.6,22.5,22.3,20.7393047786885,20.6,19.93941688089731",2006,"16.8,17.1,16.8,18.3,18.7,20.4,23.9,21.5,23.0,20.9,21.2,20.5,18.25872156828166,18.0,16.19121048702654",2023-12-13 12:28:09
3469341,The Fund For Peace,Fragile State Index,E2: Economic Inequality,2023,104,165,15,0.92648,2006,"3.0,2.9,3.0,3.0,2.8,2.6,2.7,2.5,2.7,2.7,2.4,2.2,1.9,1.6,1.3145550589233423",2006,"2.0,2.0,2.0,2.2,2.4,2.1,1.8,1.5,1.7,2.0,1.7,1.5,1.0,1.0,0.7",2023-12-16 18:11:52
3469386,The Fund For Peace,Fragile State Index,E2: Economic Inequality,2023,104,118,15,0.91922,2006,"3.0,2.9,3.0,3.0,2.8,2.6,2.7,2.5,2.7,2.7,2.4,2.2,1.9,1.6,1.3145550589233423",2006,"8.0,8.0,8.0,8.3,7.9,7.6,7.3,7.0,6.7,6.4,6.1,5.9,5.6000000000000005,5.3,5.0",2023-12-16 18:11:54
4960073,The Fund For Peace,Fragile State Index,P1: State Legitimacy,2023,104,118,15,0.93709,2006,"1.5,1.5,1.5,1.8,1.6,2.0,2.2,1.9,1.8,1.5,1.2,1.0,0.7,0.7,0.4501988618136809",2006,"8.3,8.2,8.4,8.3,8.4,9.0,8.7,8.4,8.2,7.8,7.9,7.7,7.4,7.1,6.8",2023-12-18 16:00:42
2885587,The Fund For Peace,Fragile State Index,E1: Economy,2023,104,57,15,0.90967,2006,"1.9,2.1,2.0,2.7,3.3,3.9,3.8,3.9,4.2,4.1,3.6,3.4,3.1,2.8,2.5",2006,"2.5,2.8,3.4,4.1,4.4,4.6,4.3,4.5,4.8,4.8,4.3,4.6,4.3,4.0,3.7",2023-12-16 07:20:50
3469351,The Fund For Peace,Fragile State Index,E2: Economic Inequality,2023,104,57,15,0.94611,2006,"3.0,2.9,3.0,3.0,2.8,2.6,2.7,2.5,2.7,2.7,2.4,2.2,1.9,1.6,1.3145550589233423",2006,"4.0,3.9,3.9,4.3,4.1,3.8,3.5,3.8,3.5,3.2,2.9,2.7,2.4000000000000004,2.1,1.8",2023-12-16 18:11:52
2337115,The Fund For Peace,Fragile State Index,C2: Factionalized Elites,2023,104,140,15,0.92453,2006,"1.0,1.0,1.0,1.3,1.5,1.4,1.4,1.3,1.3,1.3,1.5,1.5,1.5,1.5,1.5",2006,"4.7,4.8,4.8,5.0,5.5,5.2,5.2,5.2,5.1,5.1,5.1,5.4,5.4,5.4,5.4",2023-12-15 10:53:21
3469324,The Fund For Peace,Fragile State Index,E2: Economic Inequality,2023,104,140,15,0.92893,2006,"3.0,2.9,3.0,3.0,2.8,2.6,2.7,2.5,2.7,2.7,2.4,2.2,1.9,1.6,1.3145550589233423",2006,"8.3,8.4,8.4,8.2,8.0,7.7,7.5,7.2,6.9,6.6,6.3,6.1,5.8,5.5,5.0",2023-12-16 18:11:51
2526365,The Fund For Peace,Fragile State Index,C3: Group Grievance,2023,104,96,15,0.91313,2006,"1.0,1.0,1.0,1.0,1.0,1.3,1.6,1.6,1.6,1.9,1.6,1.4,1.1,1.0,0.7",2007,"5.3,5.3,5.0,5.0,5.3,5.6,5.8,6.1,6.4,6.1,5.9,5.6000000000000005,5.3,5.0,5.0",2023-12-15 14:38:11
3469332,The Fund For Peace,Fragile State Index,E2: Economic Inequality,2023,104,96,15,0.93687,2006,"3.0,2.9,3.0,3.0,2.8,2.6,2.7,2.5,2.7,2.7,2.4,2.2,1.9,1.6,1.3145550589233423",2007,"8.7,8.7,8.5,8.3,8.1,8.1,8.1,7.8,7.7,7.9,7.7,7.4,7.1,6.8,6.9",2023-12-16 18:11:51
2526368,The Fund For Peace,Fragile State Index,C3: Group Grievance,2023,104,84,15,0.92119,2006,"1.0,1.0,1.0,1.0,1.0,1.3,1.6,1.6,1.6,1.9,1.6,1.4,1.1,1.0,0.7",2008,"4.3,4.4,4.2,4.5,4.8,4.8,5.1,5.0,5.1,5.4,5.1000000000000005,4.8,4.5,4.2,4.3",2023-12-15 14:38:11
2885588,The Fund For Peace,Fragile State Index,E1: Economy,2023,104,84,15,0.92624,2006,"1.9,2.1,2.0,2.7,3.3,3.9,3.8,3.9,4.2,4.1,3.6,3.4,3.1,2.8,2.5",2008,"3.7,4.0,4.3,5.1,5.9,6.4,6.5,6.5,7.0,6.5,6.2,5.7,5.2,6.0,5.7",2023-12-16 07:20:51
2526364,The Fund For Peace,Fragile State Index,C3: Group Grievance,2023,104,78,15,0.93255,2006,"1.0,1.0,1.0,1.0,1.0,1.3,1.6,1.6,1.6,1.9,1.6,1.4,1.1,1.0,0.7",2007,"3.0,3.0,3.0,3.0,3.3,3.3,3.3,3.6,3.7,4.0,3.8,3.5,3.2,2.9000000000000004,2.6",2023-12-15 14:38:11
3469323,The Fund For Peace,Fragile State Index,E2: Economic Inequality,2023,104,78,15,0.91386,2006,"3.0,2.9,3.0,3.0,2.8,2.6,2.7,2.5,2.7,2.7,2.4,2.2,1.9,1.6,1.3145550589233423",2007,"7.8,8.1,7.8,7.9,7.9,7.6,7.3,7.0,6.9,6.7,6.5,6.2,5.9,5.6000000000000005,5.7",2023-12-16 18:11:51
1967560,The Fund For Peace,Fragile State Index,C1: Security Apparatus,2023,104,52,15,0.92593,2006,"1.0,1.0,1.0,1.1,1.4,1.6,1.7,1.8,2.1,1.8,1.8,2.1,2.4,2.7,3.0",2006,"2.0,2.0,2.2,2.2,2.5,2.5,2.8,2.5,2.8,3.1,3.3,3.6,3.547397858341265,3.7,3.832739194810456",2023-12-15 03:46:15
3469346,The Fund For Peace,Fragile State Index,E2: Economic Inequality,2023,104,52,15,0.91891,2006,"3.0,2.9,3.0,3.0,2.8,2.6,2.7,2.5,2.7,2.7,2.4,2.2,1.9,1.6,1.3145550589233423",2006,"6.2,6.6,6.6,6.7,6.5,6.5,6.4,6.1,5.8,5.5,5.5,5.3,5.0,4.7,4.4",2023-12-16 18:11:52
3469339,The Fund For Peace,Fragile State Index,E2: Economic Inequality,2023,104,216,15,0.92335,2006,"3.0,2.9,3.0,3.0,2.8,2.6,2.7,2.5,2.7,2.7,2.4,2.2,1.9,1.6,1.3145550589233423",2006,"2.5,2.6,2.6,2.6,2.6,2.8,2.6,2.3,2.4,2.7,2.4,2.2,1.9,1.8,1.5",2023-12-16 18:11:52
5365757,The Fund For Peace,Fragile State Index,P2: Public Services,2023,104,216,15,0.91881,2006,"1.3,1.8,2.0,2.3,2.4,2.2,2.2,1.9,2.2,1.9,1.6,1.4,1.441695562783806,1.4,1.4413539224343477",2006,"1.0,1.4,1.4,1.6,1.4,1.6,1.7,1.4,1.7,1.4,1.1,1.0,0.9329727415066152,1.0,1.0524990146414512",2023-12-19 00:09:25
498424,The Fund For Peace,Fragile State Index,Total,2023,104,72,12,0.92846,2008,"19.9,21.6,22.4,25.3,26.5,24.8,26.1,24.6,22.5,22.3,20.7393047786885,20.6",2007,"75.7,76.6,78.8,80.5,81.1,80.5,80.8,79.0,76.7,76.2,76.9,74.51822129476686",2023-12-13 12:27:45
2885546,The Fund For Peace,Fragile State Index,E1: Economy,2023,104,72,12,0.9321,2008,"2.0,2.7,3.3,3.9,3.8,3.9,4.2,4.1,3.6,3.4,3.1,2.8",2007,"5.9,5.9,6.3,6.7,7.0,7.0,7.3,7.0,6.7,6.7,6.5,6.235548067320703",2023-12-16 07:20:46
4960043,The Fund For Peace,Fragile State Index,P1: State Legitimacy,2023,104,72,12,0.90123,2008,"1.5,1.8,1.6,2.0,2.2,1.9,1.8,1.5,1.2,1.0,0.7,0.7",2007,"9.0,8.7,8.6,8.9,8.6,8.8,8.8,7.8,7.4,7.1,6.9,6.6000000000000005",2023-12-18 16:00:39
2337114,The Fund For Peace,Fragile State Index,C2: Factionalized Elites,2023,104,181,15,0.91074,2006,"1.0,1.0,1.0,1.3,1.5,1.4,1.4,1.3,1.3,1.3,1.5,1.5,1.5,1.5,1.5",2006,"4.1,4.5,4.7,5.1,5.2,5.2,5.2,5.2,5.2,5.2,5.4,5.4,5.7,5.7,5.7",2023-12-15 10:53:21
3469309,The Fund For Peace,Fragile State Index,E2: Economic Inequality,2023,104,181,15,0.92999,2006,"3.0,2.9,3.0,3.0,2.8,2.6,2.7,2.5,2.7,2.7,2.4,2.2,1.9,1.6,1.3145550589233423",2006,"6.0,6.1,6.1,5.8,5.6,5.8,5.6,5.3,5.0,4.7,4.4,4.2,3.9,3.6,3.3000000000000003",2023-12-16 18:11:50
496499,The Fund For Peace,Fragile State Index,Total,2023,104,54,9,0.9052,2011,"25.3,26.5,24.8,26.1,24.6,22.5,22.3,20.7393047786885,20.6",2006,"81.9,78.6,78.6,80.6,79.4,76.6,73.1,72.8,70.8",2023-12-13 12:25:37
2885504,The Fund For Peace,Fragile State Index,E1: Economy,2023,104,54,9,0.94792,2011,"3.9,3.8,3.9,4.2,4.1,3.6,3.4,3.1,2.8",2006,"6.5,6.3,6.1,6.3,6.3,6.0,5.5,5.2,4.8",2023-12-16 07:20:40
4959529,The Fund For Peace,Fragile State Index,P1: State Legitimacy,2023,104,54,9,0.90728,2011,"2.0,2.2,1.9,1.8,1.5,1.2,1.0,0.7,0.7",2006,"7.8,7.6,7.6,7.5,7.0,6.6,6.4,6.5,6.8",2023-12-18 16:00:05
7095688,The Fund For Peace,Fragile State Index,X1: External Intervention,2023,104,54,9,0.91871,2011,"2.4,2.4,2.2,2.0,1.9,1.6,1.4,1.1,1.2",2006,"7.7,7.7,7.7,7.5,7.5,7.5,7.0,6.7,6.5",2023-12-20 12:41:32
2885583,The Fund For Peace,Fragile State Index,E1: Economy,2023,104,56,15,0.91208,2006,"1.9,2.1,2.0,2.7,3.3,3.9,3.8,3.9,4.2,4.1,3.6,3.4,3.1,2.8,2.5",2008,"4.2,4.0,4.3,5.0,5.4,5.8,6.4,6.7,6.4,6.0,5.7,5.4,5.1000000000000005,5.6,5.3",2023-12-16 07:20:50
4960064,The Fund For Peace,Fragile State Index,P1: State Legitimacy,2023,104,56,15,0.91966,2006,"1.5,1.5,1.5,1.8,1.6,2.0,2.2,1.9,1.8,1.5,1.2,1.0,0.7,0.7,0.4501988618136809",2008,"5.5,5.4,5.2,5.0,5.2,5.5,5.6,5.3,5.0,4.8,4.5,4.2,3.9,4.0,3.7",2023-12-18 16:00:42
2337122,The Fund For Peace,Fragile State Index,C2: Factionalized Elites,2023,104,102,15,0.91569,2006,"1.0,1.0,1.0,1.3,1.5,1.4,1.4,1.3,1.3,1.3,1.5,1.5,1.5,1.5,1.5",2006,"8.8,8.9,9.0,9.1,9.5,9.2,9.3,9.4,9.4,9.4,9.6,9.6,9.6,9.6,9.6",2023-12-15 10:53:22
3469424,The Fund For Peace,Fragile State Index,E2: Economic Inequality,2023,104,102,15,0.91337,2006,"3.0,2.9,3.0,3.0,2.8,2.6,2.7,2.5,2.7,2.7,2.4,2.2,1.9,1.6,1.3145550589233423",2006,"7.5,7.2,7.4,7.4,7.3,7.0,6.7,6.7,6.4,6.1,5.8,5.6,5.6,5.3,5.0",2023-12-16 18:11:56
2526370,The Fund For Peace,Fragile State Index,C3: Group Grievance,2023,104,62,15,0.91421,2006,"1.0,1.0,1.0,1.0,1.0,1.3,1.6,1.6,1.6,1.9,1.6,1.4,1.1,1.0,0.7",2007,"6.7,6.5,6.3,6.4,6.9,6.9,7.2,7.5,7.8,7.5,7.3,7.0,6.7,6.4,6.1",2023-12-15 14:38:12
3469422,The Fund For Peace,Fragile State Index,E2: Economic Inequality,2023,104,62,15,0.90678,2006,"3.0,2.9,3.0,3.0,2.8,2.6,2.7,2.5,2.7,2.7,2.4,2.2,1.9,1.6,1.3145550589233423",2007,"8.0,7.8,8.0,8.0,7.7,7.7,7.4,7.1,6.8,6.9,6.7,6.7,6.4,6.1000000000000005,6.0",2023-12-16 18:11:56
1967554,The Fund For Peace,Fragile State Index,C1: Security Apparatus,2023,104,73,15,0.91028,2006,"1.0,1.0,1.0,1.1,1.4,1.6,1.7,1.8,2.1,1.8,1.8,2.1,2.4,2.7,3.0",2007,"0.9,0.9,0.9,1.0,1.0,1.3,1.0,1.3,1.4,1.4,1.7,2.2,2.5,2.8,2.5",2023-12-15 03:46:14
2337118,The Fund For Peace,Fragile State Index,C2: Factionalized Elites,2023,104,73,15,0.90615,2006,"1.0,1.0,1.0,1.3,1.5,1.4,1.4,1.3,1.3,1.3,1.5,1.5,1.5,1.5,1.5",2007,"0.7,0.7,0.9,1.0,1.2,1.2,1.1,1.1,1.1,1.1,1.1,1.4,1.4,1.4,1.4",2023-12-15 10:53:21
3469380,The Fund For Peace,Fragile State Index,E2: Economic Inequality,2023,104,35,15,0.90308,2006,"3.0,2.9,3.0,3.0,2.8,2.6,2.7,2.5,2.7,2.7,2.4,2.2,1.9,1.6,1.3145550589233423",2006,"8.8,8.9,8.9,9.0,8.8,8.5,8.2,8.4,8.1,8.1,8.4,8.2,7.899999999999999,7.6,7.3",2023-12-16 18:11:54
4960071,The Fund For Peace,Fragile State Index,P1: State Legitimacy,2023,104,35,15,0.90801,2006,"1.5,1.5,1.5,1.8,1.6,2.0,2.2,1.9,1.8,1.5,1.2,1.0,0.7,0.7,0.4501988618136809",2006,"7.8,7.6,7.6,7.9,7.7,7.7,8.0,7.7,7.8,8.1,7.3,7.1,6.8,6.5,6.2",2023-12-18 16:00:42
3469363,The Fund For Peace,Fragile State Index,E2: Economic Inequality,2023,104,107,15,0.90332,2006,"3.0,2.9,3.0,3.0,2.8,2.6,2.7,2.5,2.7,2.7,2.4,2.2,1.9,1.6,1.3145550589233423",2007,"4.5,4.5,4.7,4.5,4.1,3.8,3.6,3.3,3.4,3.1,2.9,2.6,2.3,2.035889389171288,2.3",2023-12-16 18:11:53
4960070,The Fund For Peace,Fragile State Index,P1: State Legitimacy,2023,104,107,15,0.90435,2006,"1.5,1.5,1.5,1.8,1.6,2.0,2.2,1.9,1.8,1.5,1.2,1.0,0.7,0.7,0.4501988618136809",2007,"3.7,3.8,4.3,4.5,4.7,5.0,4.7,4.2,4.2,3.9,3.7,3.7,3.4,3.1,2.8",2023-12-18 16:00:42
2526360,The Fund For Peace,Fragile State Index,C3: Group Grievance,2023,104,238,14,0.98085,2006,"1.0,1.0,1.0,1.0,1.0,1.3,1.6,1.6,1.6,1.9,1.6,1.4,1.1,1.0",2006,"2.0,2.0,2.0,2.0,2.0,2.4,2.7,2.8,2.7,3.0,2.7,2.5,2.2918032869878417,2.2",2023-12-15 14:38:10
3469215,The Fund For Peace,Fragile State Index,E2: Economic Inequality,2023,104,238,14,0.94842,2006,"3.0,2.9,3.0,3.0,2.8,2.6,2.7,2.5,2.7,2.7,2.4,2.2,1.9,1.6",2006,"5.0,5.1,5.1,5.2,5.0,4.7,4.6,4.4,4.5,4.2,4.3,4.1,3.8,3.3",2023-12-16 18:11:45
2885577,The Fund For Peace,Fragile State Index,E1: Economy,2023,104,84,14,0.94941,2006,"1.9,2.1,2.0,2.7,3.3,3.9,3.8,3.9,4.2,4.1,3.6,3.4,3.1,2.8",2007,"3.5,3.7,4.0,4.3,5.1,5.9,6.4,6.5,6.5,7.0,6.5,6.2,5.7,5.2",2023-12-16 07:20:49
3469219,The Fund For Peace,Fragile State Index,E2: Economic Inequality,2023,104,84,14,0.9518,2006,"3.0,2.9,3.0,3.0,2.8,2.6,2.7,2.5,2.7,2.7,2.4,2.2,1.9,1.6",2007,"5.0,5.0,4.8,4.6,4.3,4.6,4.3,4.0,4.2,3.9,3.7,3.4000000000000004,2.9,2.6",2023-12-16 18:11:45
3469195,The Fund For Peace,Fragile State Index,E2: Economic Inequality,2023,104,110,14,0.9104,2006,"3.0,2.9,3.0,3.0,2.8,2.6,2.7,2.5,2.7,2.7,2.4,2.2,1.9,1.6",2006,"2.5,2.5,2.5,2.5,2.6,2.3,2.0,1.8,2.1,1.9,1.8,1.6,1.3,1.4",2023-12-16 18:11:44
4960056,The Fund For Peace,Fragile State Index,P1: State Legitimacy,2023,104,110,14,0.98507,2006,"1.5,1.5,1.5,1.8,1.6,2.0,2.2,1.9,1.8,1.5,1.2,1.0,0.7,0.7",2006,"1.8,1.8,1.8,2.0,1.8,2.0,2.5,2.2,2.0,1.7,1.4,1.2,0.8999999999999999,0.9",2023-12-18 16:00:40
1967521,The Fund For Peace,Fragile State Index,C1: Security Apparatus,2023,104,13,14,0.97331,2006,"1.0,1.0,1.0,1.1,1.4,1.6,1.7,1.8,2.1,1.8,1.8,2.1,2.4,2.7",2006,"1.0,0.9,0.9,1.0,1.4,1.7,2.0,1.7,2.0,2.1,1.8,2.1,2.4,2.7",2023-12-15 03:46:12
3469202,The Fund For Peace,Fragile State Index,E2: Economic Inequality,2023,104,13,14,0.90811,2006,"3.0,2.9,3.0,3.0,2.8,2.6,2.7,2.5,2.7,2.7,2.4,2.2,1.9,1.6",2006,"4.5,4.4,4.4,4.4,4.2,3.9,3.6,3.3,3.0,2.7,2.4,2.2,1.9,1.6",2023-12-16 18:11:44
2526361,The Fund For Peace,Fragile State Index,C3: Group Grievance,2023,104,84,14,0.9254,2006,"1.0,1.0,1.0,1.0,1.0,1.3,1.6,1.6,1.6,1.9,1.6,1.4,1.1,1.0",2008,"4.3,4.4,4.2,4.5,4.8,4.8,5.1,5.0,5.1,5.4,5.1000000000000005,4.8,4.5,4.2",2023-12-15 14:38:10
2885578,The Fund For Peace,Fragile State Index,E1: Economy,2023,104,84,14,0.95559,2006,"1.9,2.1,2.0,2.7,3.3,3.9,3.8,3.9,4.2,4.1,3.6,3.4,3.1,2.8",2008,"3.7,4.0,4.3,5.1,5.9,6.4,6.5,6.5,7.0,6.5,6.2,5.7,5.2,6.0",2023-12-16 07:20:49
498200,The Fund For Peace,Fragile State Index,Total,2023,104,72,11,0.92417,2009,"21.6,22.4,25.3,26.5,24.8,26.1,24.6,22.5,22.3,20.7393047786885,20.6",2008,"76.6,78.8,80.5,81.1,80.5,80.8,79.0,76.7,76.2,76.9,74.51822129476686",2023-12-13 12:27:30
2885533,The Fund For Peace,Fragile State Index,E1: Economy,2023,104,72,11,0.9321,2009,"2.7,3.3,3.9,3.8,3.9,4.2,4.1,3.6,3.4,3.1,2.8",2008,"5.9,6.3,6.7,7.0,7.0,7.3,7.0,6.7,6.7,6.5,6.235548067320703",2023-12-16 07:20:45
4959991,The Fund For Peace,Fragile State Index,P1: State Legitimacy,2023,104,72,11,0.94991,2009,"1.8,1.6,2.0,2.2,1.9,1.8,1.5,1.2,1.0,0.7,0.7",2008,"8.7,8.6,8.9,8.6,8.8,8.8,7.8,7.4,7.1,6.9,6.6000000000000005",2023-12-18 16:00:35
2885579,The Fund For Peace,Fragile State Index,E1: Economy,2023,104,210,14,0.92647,2006,"1.9,2.1,2.0,2.7,3.3,3.9,3.8,3.9,4.2,4.1,3.6,3.4,3.1,2.8",2007,"3.4,3.4,4.0,4.4,4.5,5.0,5.5,5.3,5.0,5.2,5.2,4.9,4.6,4.3",2023-12-16 07:20:49
3469221,The Fund For Peace,Fragile State Index,E2: Economic Inequality,2023,104,210,14,0.9378,2006,"3.0,2.9,3.0,3.0,2.8,2.6,2.7,2.5,2.7,2.7,2.4,2.2,1.9,1.6",2007,"5.0,5.0,5.2,5.0,4.7,4.4,4.1,3.8,4.0,3.7,3.5,3.2,2.9,2.6",2023-12-16 18:11:45
2885573,The Fund For Peace,Fragile State Index,E1: Economy,2023,104,177,14,0.92995,2006,"1.9,2.1,2.0,2.7,3.3,3.9,3.8,3.9,4.2,4.1,3.6,3.4,3.1,2.8",2006,"3.7,3.7,3.8,4.2,4.7,4.8,5.3,5.4,5.2,5.1,5.0,5.3,4.8,4.5",2023-12-16 07:20:49
3469203,The Fund For Peace,Fragile State Index,E2: Economic Inequality,2023,104,177,14,0.92693,2006,"3.0,2.9,3.0,3.0,2.8,2.6,2.7,2.5,2.7,2.7,2.4,2.2,1.9,1.6",2006,"4.0,3.9,3.6,3.9,3.7,3.6,3.7,3.4,3.2,2.9,2.7,2.5,2.2,1.9",2023-12-16 18:11:44
2526357,The Fund For Peace,Fragile State Index,C3: Group Grievance,2023,104,96,14,0.91106,2006,"1.0,1.0,1.0,1.0,1.0,1.3,1.6,1.6,1.6,1.9,1.6,1.4,1.1,1.0",2007,"5.3,5.3,5.0,5.0,5.3,5.6,5.8,6.1,6.4,6.1,5.9,5.6000000000000005,5.3,5.0",2023-12-15 14:38:10
3469190,The Fund For Peace,Fragile State Index,E2: Economic Inequality,2023,104,96,14,0.94416,2006,"3.0,2.9,3.0,3.0,2.8,2.6,2.7,2.5,2.7,2.7,2.4,2.2,1.9,1.6",2007,"8.7,8.7,8.5,8.3,8.1,8.1,8.1,7.8,7.7,7.9,7.7,7.4,7.1,6.8",2023-12-16 18:11:44
1967510,The Fund For Peace,Fragile State Index,C1: Security Apparatus,2023,104,206,14,0.92573,2006,"1.0,1.0,1.0,1.1,1.4,1.6,1.7,1.8,2.1,1.8,1.8,2.1,2.4,2.7",2006,"3.4,3.2,3.9,4.3,4.1,4.5,4.8,5.1,4.9,5.3,5.8,6.1,6.4,6.5",2023-12-15 03:46:11
2337104,The Fund For Peace,Fragile State Index,C2: Factionalized Elites,2023,104,206,14,0.92936,2006,"1.0,1.0,1.0,1.3,1.5,1.4,1.4,1.3,1.3,1.3,1.5,1.5,1.5,1.5",2006,"4.0,3.9,4.4,5.9,5.9,5.9,5.9,5.6,5.6,5.6,5.6,6.1,6.6,6.6",2023-12-15 10:53:20
3469204,The Fund For Peace,Fragile State Index,E2: Economic Inequality,2023,104,177,14,0.91924,2006,"3.0,2.9,3.0,3.0,2.8,2.6,2.7,2.5,2.7,2.7,2.4,2.2,1.9,1.6",2007,"3.9,3.6,3.9,3.7,3.6,3.7,3.4,3.2,2.9,2.7,2.5,2.2,1.9,1.670241987450679",2023-12-16 18:11:44
4960058,The Fund For Peace,Fragile State Index,P1: State Legitimacy,2023,104,177,14,0.92994,2006,"1.5,1.5,1.5,1.8,1.6,2.0,2.2,1.9,1.8,1.5,1.2,1.0,0.7,0.7",2007,"1.5,1.5,1.6,1.9,1.6,2.0,2.1,2.3,1.8,1.8,1.6,1.3,1.0,0.8197920437077559",2023-12-18 16:00:41
1967524,The Fund For Peace,Fragile State Index,C1: Security Apparatus,2023,104,74,14,0.92869,2006,"1.0,1.0,1.0,1.1,1.4,1.6,1.7,1.8,2.1,1.8,1.8,2.1,2.4,2.7",2007,"1.0,1.0,1.2,1.6,1.9,2.2,2.3,2.6,2.3,3.0,3.3,3.2,3.5,3.8",2023-12-15 03:46:12
2885574,The Fund For Peace,Fragile State Index,E1: Economy,2023,104,74,14,0.9188,2006,"1.9,2.1,2.0,2.7,3.3,3.9,3.8,3.9,4.2,4.1,3.6,3.4,3.1,2.8",2007,"2.9,3.0,3.3,3.6,3.5,3.9,4.0,4.5,4.8,4.5,4.3,4.0,3.7,3.4000000000000004",2023-12-16 07:20:49
1967514,The Fund For Peace,Fragile State Index,C1: Security Apparatus,2023,104,153,14,0.93868,2006,"1.0,1.0,1.0,1.1,1.4,1.6,1.7,1.8,2.1,1.8,1.8,2.1,2.4,2.7",2007,"1.0,1.0,1.0,1.1,1.4,1.7,1.8,2.1,1.8,1.7,1.5,1.8,2.1,2.4",2023-12-15 03:46:11
3469194,The Fund For Peace,Fragile State Index,E2: Economic Inequality,2023,104,153,14,0.90462,2006,"3.0,2.9,3.0,3.0,2.8,2.6,2.7,2.5,2.7,2.7,2.4,2.2,1.9,1.6",2007,"4.0,3.7,3.3,3.2,2.9,2.6,2.3,2.4,2.7,2.4,2.2,1.9,1.6,1.3",2023-12-16 18:11:44
1967511,The Fund For Peace,Fragile State Index,C1: Security Apparatus,2023,104,206,14,0.91822,2006,"1.0,1.0,1.0,1.1,1.4,1.6,1.7,1.8,2.1,1.8,1.8,2.1,2.4,2.7",2007,"3.2,3.9,4.3,4.1,4.5,4.8,5.1,4.9,5.3,5.8,6.1,6.4,6.5,6.719999693225616",2023-12-15 03:46:11
3469192,The Fund For Peace,Fragile State Index,E2: Economic Inequality,2023,104,206,14,0.91765,2006,"3.0,2.9,3.0,3.0,2.8,2.6,2.7,2.5,2.7,2.7,2.4,2.2,1.9,1.6",2007,"8.5,8.5,8.5,8.5,8.2,8.2,8.0,7.7,7.4,7.7,7.5,7.2,6.9,6.800000000000001",2023-12-16 18:11:44
2526356,The Fund For Peace,Fragile State Index,C3: Group Grievance,2023,104,78,14,0.91498,2006,"1.0,1.0,1.0,1.0,1.0,1.3,1.6,1.6,1.6,1.9,1.6,1.4,1.1,1.0",2007,"3.0,3.0,3.0,3.0,3.3,3.3,3.3,3.6,3.7,4.0,3.8,3.5,3.2,2.9000000000000004",2023-12-15 14:38:10
3469183,The Fund For Peace,Fragile State Index,E2: Economic Inequality,2023,104,78,14,0.92071,2006,"3.0,2.9,3.0,3.0,2.8,2.6,2.7,2.5,2.7,2.7,2.4,2.2,1.9,1.6",2007,"7.8,8.1,7.8,7.9,7.9,7.6,7.3,7.0,6.9,6.7,6.5,6.2,5.9,5.6000000000000005",2023-12-16 18:11:43
2885576,The Fund For Peace,Fragile State Index,E1: Economy,2023,104,57,14,0.90975,2006,"1.9,2.1,2.0,2.7,3.3,3.9,3.8,3.9,4.2,4.1,3.6,3.4,3.1,2.8",2006,"2.5,2.8,3.4,4.1,4.4,4.6,4.3,4.5,4.8,4.8,4.3,4.6,4.3,4.0",2023-12-16 07:20:49
3469213,The Fund For Peace,Fragile State Index,E2: Economic Inequality,2023,104,57,14,0.92516,2006,"3.0,2.9,3.0,3.0,2.8,2.6,2.7,2.5,2.7,2.7,2.4,2.2,1.9,1.6",2006,"4.0,3.9,3.9,4.3,4.1,3.8,3.5,3.8,3.5,3.2,2.9,2.7,2.4000000000000004,2.1",2023-12-16 18:11:45
1967538,The Fund For Peace,Fragile State Index,C1: Security Apparatus,2023,104,174,14,0.91471,2006,"1.0,1.0,1.0,1.1,1.4,1.6,1.7,1.8,2.1,1.8,1.8,2.1,2.4,2.7",2006,"7.0,7.6,7.4,7.7,7.9,8.3,8.4,8.7,8.8,9.1,9.4,9.7,9.8,9.5",2023-12-15 03:46:13
3469272,The Fund For Peace,Fragile State Index,E2: Economic Inequality,2023,104,174,14,0.91849,2006,"3.0,2.9,3.0,3.0,2.8,2.6,2.7,2.5,2.7,2.7,2.4,2.2,1.9,1.6",2006,"7.5,7.6,7.6,7.6,7.4,7.1,6.8,6.5,6.3,6.2,5.9,5.7,5.4,5.1",2023-12-16 18:11:48
1967527,The Fund For Peace,Fragile State Index,C1: Security Apparatus,2023,104,52,14,0.90995,2006,"1.0,1.0,1.0,1.1,1.4,1.6,1.7,1.8,2.1,1.8,1.8,2.1,2.4,2.7",2007,"2.0,2.2,2.2,2.5,2.5,2.8,2.5,2.8,3.1,3.3,3.6,3.547397858341265,3.7,3.832739194810456",2023-12-15 03:46:12
3469206,The Fund For Peace,Fragile State Index,E2: Economic Inequality,2023,104,52,14,0.92083,2006,"3.0,2.9,3.0,3.0,2.8,2.6,2.7,2.5,2.7,2.7,2.4,2.2,1.9,1.6",2007,"6.6,6.6,6.7,6.5,6.5,6.4,6.1,5.8,5.5,5.5,5.3,5.0,4.7,4.4",2023-12-16 18:11:45
1967512,The Fund For Peace,Fragile State Index,C1: Security Apparatus,2023,104,206,14,0.90613,2006,"1.0,1.0,1.0,1.1,1.4,1.6,1.7,1.8,2.1,1.8,1.8,2.1,2.4,2.7",2008,"3.9,4.3,4.1,4.5,4.8,5.1,4.9,5.3,5.8,6.1,6.4,6.5,6.719999693225616,6.4",2023-12-15 03:46:11
3469193,The Fund For Peace,Fragile State Index,E2: Economic Inequality,2023,104,206,14,0.91882,2006,"3.0,2.9,3.0,3.0,2.8,2.6,2.7,2.5,2.7,2.7,2.4,2.2,1.9,1.6",2008,"8.5,8.5,8.5,8.2,8.2,8.0,7.7,7.4,7.7,7.5,7.2,6.9,6.800000000000001,6.7",2023-12-16 18:11:44
3469246,The Fund For Peace,Fragile State Index,E2: Economic Inequality,2023,104,118,14,0.90721,2006,"3.0,2.9,3.0,3.0,2.8,2.6,2.7,2.5,2.7,2.7,2.4,2.2,1.9,1.6",2006,"8.0,8.0,8.0,8.3,7.9,7.6,7.3,7.0,6.7,6.4,6.1,5.9,5.6000000000000005,5.3",2023-12-16 18:11:47
4960060,The Fund For Peace,Fragile State Index,P1: State Legitimacy,2023,104,118,14,0.91279,2006,"1.5,1.5,1.5,1.8,1.6,2.0,2.2,1.9,1.8,1.5,1.2,1.0,0.7,0.7",2006,"8.3,8.2,8.4,8.3,8.4,9.0,8.7,8.4,8.2,7.8,7.9,7.7,7.4,7.1",2023-12-18 16:00:41
2337100,The Fund For Peace,Fragile State Index,C2: Factionalized Elites,2023,104,181,14,0.90742,2006,"1.0,1.0,1.0,1.3,1.5,1.4,1.4,1.3,1.3,1.3,1.5,1.5,1.5,1.5",2006,"4.1,4.5,4.7,5.1,5.2,5.2,5.2,5.2,5.2,5.2,5.4,5.4,5.7,5.7",2023-12-15 10:53:20
3469170,The Fund For Peace,Fragile State Index,E2: Economic Inequality,2023,104,181,14,0.91215,2006,"3.0,2.9,3.0,3.0,2.8,2.6,2.7,2.5,2.7,2.7,2.4,2.2,1.9,1.6",2006,"6.0,6.1,6.1,5.8,5.6,5.8,5.6,5.3,5.0,4.7,4.4,4.2,3.9,3.6",2023-12-16 18:11:43
2337105,The Fund For Peace,Fragile State Index,C2: Factionalized Elites,2023,104,58,14,0.9032,2006,"1.0,1.0,1.0,1.3,1.5,1.4,1.4,1.3,1.3,1.3,1.5,1.5,1.5,1.5",2010,"1.0,1.0,1.0,1.4,1.4,1.4,1.4,1.4,1.4,1.4,1.4,1.4,1.4,1.4",2023-12-15 10:53:20
2526358,The Fund For Peace,Fragile State Index,C3: Group Grievance,2023,104,58,14,0.91506,2006,"1.0,1.0,1.0,1.0,1.0,1.3,1.6,1.6,1.6,1.9,1.6,1.4,1.1,1.0",2010,"3.0,3.3,3.0,3.4,3.4,3.6,4.6,4.4,4.4,4.3,4.0,3.7,3.4,3.1",2023-12-15 14:38:10
498653,The Fund For Peace,Fragile State Index,Total,2023,104,216,14,0.90209,2006,"18.6,19.5,19.9,21.6,22.4,25.3,26.5,24.8,26.1,24.6,22.5,22.3,20.7393047786885,20.6",2006,"18.7,20.2,20.3,21.2,21.8,23.2,23.3,21.5,23.3,22.3,21.8,21.1,19.20952631375106,18.7",2023-12-13 12:28:00
5365755,The Fund For Peace,Fragile State Index,P2: Public Services,2023,104,216,14,0.91254,2006,"1.3,1.8,2.0,2.3,2.4,2.2,2.2,1.9,2.2,1.9,1.6,1.4,1.441695562783806,1.4",2006,"1.0,1.4,1.4,1.6,1.4,1.6,1.7,1.4,1.7,1.4,1.1,1.0,0.9329727415066152,1.0",2023-12-19 00:09:24
2337106,The Fund For Peace,Fragile State Index,C2: Factionalized Elites,2023,104,73,14,0.90275,2006,"1.0,1.0,1.0,1.3,1.5,1.4,1.4,1.3,1.3,1.3,1.5,1.5,1.5,1.5",2007,"0.7,0.7,0.9,1.0,1.2,1.2,1.1,1.1,1.1,1.1,1.1,1.4,1.4,1.4",2023-12-15 10:53:20
2885572,The Fund For Peace,Fragile State Index,E1: Economy,2023,104,73,14,0.9,2006,"1.9,2.1,2.0,2.7,3.3,3.9,3.8,3.9,4.2,4.1,3.6,3.4,3.1,2.8",2007,"2.2,2.0,2.4,3.0,2.8,2.9,3.2,3.5,3.8,3.7,3.5,3.2,2.9,2.6",2023-12-16 07:20:49
498448,The Fund For Peace,Fragile State Index,Total,2023,104,196,13,0.96719,2006,"18.6,19.5,19.9,21.6,22.4,25.3,26.5,24.8,26.1,24.6,22.5,22.3,20.7393047786885",2008,"70.9,74.2,74.6,76.8,79.3,81.4,82.8,82.9,83.6,82.3,79.62828847155544,77.2,74.5646477541905",2023-12-13 12:27:47
2885549,The Fund For Peace,Fragile State Index,E1: Economy,2023,104,196,13,0.96377,2006,"1.9,2.1,2.0,2.7,3.3,3.9,3.8,3.9,4.2,4.1,3.6,3.4,3.1",2008,"6.0,6.5,6.2,6.5,6.9,7.2,7.0,7.3,7.6,7.4,7.209201410885074,7.1,6.906552728947596",2023-12-16 07:20:47
3469081,The Fund For Peace,Fragile State Index,E2: Economic Inequality,2023,104,110,13,0.92408,2006,"3.0,2.9,3.0,3.0,2.8,2.6,2.7,2.5,2.7,2.7,2.4,2.2,1.9",2006,"2.5,2.5,2.5,2.5,2.6,2.3,2.0,1.8,2.1,1.9,1.8,1.6,1.3",2023-12-16 18:11:37
4960049,The Fund For Peace,Fragile State Index,P1: State Legitimacy,2023,104,110,13,0.98005,2006,"1.5,1.5,1.5,1.8,1.6,2.0,2.2,1.9,1.8,1.5,1.2,1.0,0.7",2006,"1.8,1.8,1.8,2.0,1.8,2.0,2.5,2.2,2.0,1.7,1.4,1.2,0.8999999999999999",2023-12-18 16:00:39
2526349,The Fund For Peace,Fragile State Index,C3: Group Grievance,2023,104,238,13,0.98802,2006,"1.0,1.0,1.0,1.0,1.0,1.3,1.6,1.6,1.6,1.9,1.6,1.4,1.1",2006,"2.0,2.0,2.0,2.0,2.0,2.4,2.7,2.8,2.7,3.0,2.7,2.5,2.2918032869878417",2023-12-15 14:38:09
3469091,The Fund For Peace,Fragile State Index,E2: Economic Inequality,2023,104,238,13,0.91203,2006,"3.0,2.9,3.0,3.0,2.8,2.6,2.7,2.5,2.7,2.7,2.4,2.2,1.9",2006,"5.0,5.1,5.1,5.2,5.0,4.7,4.6,4.4,4.5,4.2,4.3,4.1,3.8",2023-12-16 18:11:38
1967481,The Fund For Peace,Fragile State Index,C1: Security Apparatus,2023,104,98,13,0.93407,2006,"1.0,1.0,1.0,1.1,1.4,1.6,1.7,1.8,2.1,1.8,1.8,2.1,2.4",2006,"2.0,2.1,1.9,2.1,2.2,2.5,2.6,2.3,2.6,2.4,2.4,2.7,3.0",2023-12-15 03:46:09
2885558,The Fund For Peace,Fragile State Index,E1: Economy,2023,104,98,13,0.95098,2006,"1.9,2.1,2.0,2.7,3.3,3.9,3.8,3.9,4.2,4.1,3.6,3.4,3.1",2006,"4.0,4.1,4.3,5.0,5.4,5.4,5.9,6.0,5.6,5.9,5.6,5.4,5.10431326900252",2023-12-16 07:20:47
498488,The Fund For Peace,Fragile State Index,Total,2023,104,44,13,0.90624,2006,"18.6,19.5,19.9,21.6,22.4,25.3,26.5,24.8,26.1,24.6,22.5,22.3,20.7393047786885",2007,"33.8,36.3,37.5,38.0,40.7,43.5,42.3,42.0,41.5,41.9,41.1,40.69103612258534,38.9",2023-12-13 12:27:49
1967469,The Fund For Peace,Fragile State Index,C1: Security Apparatus,2023,104,44,13,0.97336,2006,"1.0,1.0,1.0,1.1,1.4,1.6,1.7,1.8,2.1,1.8,1.8,2.1,2.4",2007,"2.0,2.0,2.0,2.3,2.5,2.8,2.9,2.8,3.1,2.9,3.2,3.5,3.8",2023-12-15 03:46:08
1967490,The Fund For Peace,Fragile State Index,C1: Security Apparatus,2023,104,236,13,0.94629,2006,"1.0,1.0,1.0,1.1,1.4,1.6,1.7,1.8,2.1,1.8,1.8,2.1,2.4",2008,"1.3,1.4,1.6,1.6,1.9,2.2,2.7,2.8,2.9,3.2,3.464329018518069,3.5,3.8",2023-12-15 03:46:09
3469104,The Fund For Peace,Fragile State Index,E2: Economic Inequality,2023,104,236,13,0.93171,2006,"3.0,2.9,3.0,3.0,2.8,2.6,2.7,2.5,2.7,2.7,2.4,2.2,1.9",2008,"5.5,5.3,5.4,5.4,5.1,4.8,4.5,4.8,4.5,4.3,4.0,3.7,3.4000000000000004",2023-12-16 18:11:39
2885563,The Fund For Peace,Fragile State Index,E1: Economy,2023,104,210,13,0.92498,2006,"1.9,2.1,2.0,2.7,3.3,3.9,3.8,3.9,4.2,4.1,3.6,3.4,3.1",2007,"3.4,3.4,4.0,4.4,4.5,5.0,5.5,5.3,5.0,5.2,5.2,4.9,4.6",2023-12-16 07:20:48
3469097,The Fund For Peace,Fragile State Index,E2: Economic Inequality,2023,104,210,13,0.93214,2006,"3.0,2.9,3.0,3.0,2.8,2.6,2.7,2.5,2.7,2.7,2.4,2.2,1.9",2007,"5.0,5.0,5.2,5.0,4.7,4.4,4.1,3.8,4.0,3.7,3.5,3.2,2.9",2023-12-16 18:11:38
498495,The Fund For Peace,Fragile State Index,Total,2023,104,165,13,0.92906,2006,"18.6,19.5,19.9,21.6,22.4,25.3,26.5,24.8,26.1,24.6,22.5,22.3,20.7393047786885",2006,"16.8,17.1,16.8,18.3,18.7,20.4,23.9,21.5,23.0,20.9,21.2,20.5,18.25872156828166",2023-12-13 12:27:50
4491398,The Fund For Peace,Fragile State Index,E3: Human Flight and Brain Drain,2023,104,165,13,0.92701,2006,"2.0,2.1,2.0,2.0,2.0,2.4,3.0,2.8,3.1,2.8,2.5,2.8,2.565197146093479",2006,"1.0,1.1,1.1,1.1,1.2,1.5,1.5,1.6,1.9,1.6,1.3,1.6,1.4",2023-12-18 07:20:24
1967463,The Fund For Peace,Fragile State Index,C1: Security Apparatus,2023,104,206,13,0.92404,2006,"1.0,1.0,1.0,1.1,1.4,1.6,1.7,1.8,2.1,1.8,1.8,2.1,2.4",2008,"3.9,4.3,4.1,4.5,4.8,5.1,4.9,5.3,5.8,6.1,6.4,6.5,6.719999693225616",2023-12-15 03:46:07
3469079,The Fund For Peace,Fragile State Index,E2: Economic Inequality,2023,104,206,13,0.92753,2006,"3.0,2.9,3.0,3.0,2.8,2.6,2.7,2.5,2.7,2.7,2.4,2.2,1.9",2008,"8.5,8.5,8.5,8.2,8.2,8.0,7.7,7.4,7.7,7.5,7.2,6.9,6.800000000000001",2023-12-16 18:11:37
497722,The Fund For Peace,Fragile State Index,Total,2023,104,72,10,0.91868,2010,"22.4,25.3,26.5,24.8,26.1,24.6,22.5,22.3,20.7393047786885,20.6",2009,"78.8,80.5,81.1,80.5,80.8,79.0,76.7,76.2,76.9,74.51822129476686",2023-12-13 12:26:58
2885527,The Fund For Peace,Fragile State Index,E1: Economy,2023,104,72,10,0.90519,2010,"3.3,3.9,3.8,3.9,4.2,4.1,3.6,3.4,3.1,2.8",2009,"6.3,6.7,7.0,7.0,7.3,7.0,6.7,6.7,6.5,6.235548067320703",2023-12-16 07:20:43
4959862,The Fund For Peace,Fragile State Index,P1: State Legitimacy,2023,104,72,10,0.94919,2010,"1.6,2.0,2.2,1.9,1.8,1.5,1.2,1.0,0.7,0.7",2009,"8.6,8.9,8.6,8.8,8.8,7.8,7.4,7.1,6.9,6.6000000000000005",2023-12-18 16:00:26
1967479,The Fund For Peace,Fragile State Index,C1: Security Apparatus,2023,104,74,13,0.91044,2006,"1.0,1.0,1.0,1.1,1.4,1.6,1.7,1.8,2.1,1.8,1.8,2.1,2.4",2009,"1.2,1.6,1.9,2.2,2.3,2.6,2.3,3.0,3.3,3.2,3.5,3.8,3.5",2023-12-15 03:46:08
2526346,The Fund For Peace,Fragile State Index,C3: Group Grievance,2023,104,74,13,0.93184,2006,"1.0,1.0,1.0,1.0,1.0,1.3,1.6,1.6,1.6,1.9,1.6,1.4,1.1",2009,"5.8,5.6,5.9,5.6,5.9,6.4,6.8,7.0,7.0,7.0,7.0,6.7,6.4",2023-12-15 14:38:09
1967500,The Fund For Peace,Fragile State Index,C1: Security Apparatus,2023,104,174,13,0.93608,2006,"1.0,1.0,1.0,1.1,1.4,1.6,1.7,1.8,2.1,1.8,1.8,2.1,2.4",2006,"7.0,7.6,7.4,7.7,7.9,8.3,8.4,8.7,8.8,9.1,9.4,9.7,9.8",2023-12-15 03:46:10
3469138,The Fund For Peace,Fragile State Index,E2: Economic Inequality,2023,104,174,13,0.90483,2006,"3.0,2.9,3.0,3.0,2.8,2.6,2.7,2.5,2.7,2.7,2.4,2.2,1.9",2006,"7.5,7.6,7.6,7.6,7.4,7.1,6.8,6.5,6.3,6.2,5.9,5.7,5.4",2023-12-16 18:11:41
1967461,The Fund For Peace,Fragile State Index,C1: Security Apparatus,2023,104,206,13,0.91099,2006,"1.0,1.0,1.0,1.1,1.4,1.6,1.7,1.8,2.1,1.8,1.8,2.1,2.4",2006,"3.4,3.2,3.9,4.3,4.1,4.5,4.8,5.1,4.9,5.3,5.8,6.1,6.4",2023-12-15 03:46:06
2337086,The Fund For Peace,Fragile State Index,C2: Factionalized Elites,2023,104,206,13,0.92656,2006,"1.0,1.0,1.0,1.3,1.5,1.4,1.4,1.3,1.3,1.3,1.5,1.5,1.5",2006,"4.0,3.9,4.4,5.9,5.9,5.9,5.9,5.6,5.6,5.6,5.6,6.1,6.6",2023-12-15 10:53:18
1967477,The Fund For Peace,Fragile State Index,C1: Security Apparatus,2023,104,74,13,0.91342,2006,"1.0,1.0,1.0,1.1,1.4,1.6,1.7,1.8,2.1,1.8,1.8,2.1,2.4",2007,"1.0,1.0,1.2,1.6,1.9,2.2,2.3,2.6,2.3,3.0,3.3,3.2,3.5",2023-12-15 03:46:08
2885557,The Fund For Peace,Fragile State Index,E1: Economy,2023,104,74,13,0.91811,2006,"1.9,2.1,2.0,2.7,3.3,3.9,3.8,3.9,4.2,4.1,3.6,3.4,3.1",2007,"2.9,3.0,3.3,3.6,3.5,3.9,4.0,4.5,4.8,4.5,4.3,4.0,3.7",2023-12-16 07:20:47
1967501,The Fund For Peace,Fragile State Index,C1: Security Apparatus,2023,104,174,13,0.91491,2006,"1.0,1.0,1.0,1.1,1.4,1.6,1.7,1.8,2.1,1.8,1.8,2.1,2.4",2007,"7.6,7.4,7.7,7.9,8.3,8.4,8.7,8.8,9.1,9.4,9.7,9.8,9.5",2023-12-15 03:46:10
3469139,The Fund For Peace,Fragile State Index,E2: Economic Inequality,2023,104,174,13,0.91403,2006,"3.0,2.9,3.0,3.0,2.8,2.6,2.7,2.5,2.7,2.7,2.4,2.2,1.9",2007,"7.6,7.6,7.6,7.4,7.1,6.8,6.5,6.3,6.2,5.9,5.7,5.4,5.1",2023-12-16 18:11:41
1967480,The Fund For Peace,Fragile State Index,C1: Security Apparatus,2023,104,52,13,0.90202,2006,"1.0,1.0,1.0,1.1,1.4,1.6,1.7,1.8,2.1,1.8,1.8,2.1,2.4",2008,"2.2,2.2,2.5,2.5,2.8,2.5,2.8,3.1,3.3,3.6,3.547397858341265,3.7,3.832739194810456",2023-12-15 03:46:08
3469086,The Fund For Peace,Fragile State Index,E2: Economic Inequality,2023,104,52,13,0.92285,2006,"3.0,2.9,3.0,3.0,2.8,2.6,2.7,2.5,2.7,2.7,2.4,2.2,1.9",2008,"6.6,6.7,6.5,6.5,6.4,6.1,5.8,5.5,5.5,5.3,5.0,4.7,4.4",2023-12-16 18:11:38
2526344,The Fund For Peace,Fragile State Index,C3: Group Grievance,2023,104,96,13,0.9058,2006,"1.0,1.0,1.0,1.0,1.0,1.3,1.6,1.6,1.6,1.9,1.6,1.4,1.1",2007,"5.3,5.3,5.0,5.0,5.3,5.6,5.8,6.1,6.4,6.1,5.9,5.6000000000000005,5.3",2023-12-15 14:38:09
3469076,The Fund For Peace,Fragile State Index,E2: Economic Inequality,2023,104,96,13,0.9189,2006,"3.0,2.9,3.0,3.0,2.8,2.6,2.7,2.5,2.7,2.7,2.4,2.2,1.9",2007,"8.7,8.7,8.5,8.3,8.1,8.1,8.1,7.8,7.7,7.9,7.7,7.4,7.1",2023-12-16 18:11:37
498492,The Fund For Peace,Fragile State Index,Total,2023,104,216,13,0.92224,2006,"18.6,19.5,19.9,21.6,22.4,25.3,26.5,24.8,26.1,24.6,22.5,22.3,20.7393047786885",2006,"18.7,20.2,20.3,21.2,21.8,23.2,23.3,21.5,23.3,22.3,21.8,21.1,19.20952631375106",2023-12-13 12:27:50
5365751,The Fund For Peace,Fragile State Index,P2: Public Services,2023,104,216,13,0.9004,2006,"1.3,1.8,2.0,2.3,2.4,2.2,2.2,1.9,2.2,1.9,1.6,1.4,1.441695562783806",2006,"1.0,1.4,1.4,1.6,1.4,1.6,1.7,1.4,1.7,1.4,1.1,1.0,0.9329727415066152",2023-12-19 00:09:23
3469145,The Fund For Peace,Fragile State Index,E2: Economic Inequality,2023,104,25,13,0.92017,2006,"3.0,2.9,3.0,3.0,2.8,2.6,2.7,2.5,2.7,2.7,2.4,2.2,1.9",2006,"9.0,8.7,8.7,8.7,8.5,8.2,7.8,7.5,7.2,6.9,6.6,6.1,5.6",2023-12-16 18:11:41
5365754,The Fund For Peace,Fragile State Index,P2: Public Services,2023,104,25,13,0.90129,2006,"1.3,1.8,2.0,2.3,2.4,2.2,2.2,1.9,2.2,1.9,1.6,1.4,1.441695562783806",2006,"6.0,6.5,6.7,7.2,7.3,6.9,6.6,6.9,6.6,6.6,6.3,6.1,5.8",2023-12-19 00:09:24
2885554,The Fund For Peace,Fragile State Index,E1: Economy,2023,104,177,13,0.91411,2006,"1.9,2.1,2.0,2.7,3.3,3.9,3.8,3.9,4.2,4.1,3.6,3.4,3.1",2007,"3.7,3.8,4.2,4.7,4.8,5.3,5.4,5.2,5.1,5.0,5.3,4.8,4.5",2023-12-16 07:20:47
4960050,The Fund For Peace,Fragile State Index,P1: State Legitimacy,2023,104,177,13,0.90676,2006,"1.5,1.5,1.5,1.8,1.6,2.0,2.2,1.9,1.8,1.5,1.2,1.0,0.7",2007,"1.5,1.5,1.6,1.9,1.6,2.0,2.1,2.3,1.8,1.8,1.6,1.3,1.0",2023-12-18 16:00:39
2337087,The Fund For Peace,Fragile State Index,C2: Factionalized Elites,2023,104,58,13,0.9066,2006,"1.0,1.0,1.0,1.3,1.5,1.4,1.4,1.3,1.3,1.3,1.5,1.5,1.5",2010,"1.0,1.0,1.0,1.4,1.4,1.4,1.4,1.4,1.4,1.4,1.4,1.4,1.4",2023-12-15 10:53:18
2526345,The Fund For Peace,Fragile State Index,C3: Group Grievance,2023,104,58,13,0.90838,2006,"1.0,1.0,1.0,1.0,1.0,1.3,1.6,1.6,1.6,1.9,1.6,1.4,1.1",2010,"3.0,3.3,3.0,3.4,3.4,3.6,4.6,4.4,4.4,4.3,4.0,3.7,3.4",2023-12-15 14:38:09
1967460,The Fund For Peace,Fragile State Index,C1: Security Apparatus,2023,104,140,13,0.90006,2006,"1.0,1.0,1.0,1.1,1.4,1.6,1.7,1.8,2.1,1.8,1.8,2.1,2.4",2006,"6.0,6.1,5.8,7.0,7.5,7.9,7.7,7.9,7.6,8.0,8.0,8.4,8.5",2023-12-15 03:46:05
2337084,The Fund For Peace,Fragile State Index,C2: Factionalized Elites,2023,104,140,13,0.91358,2006,"1.0,1.0,1.0,1.3,1.5,1.4,1.4,1.3,1.3,1.3,1.5,1.5,1.5",2006,"4.7,4.8,4.8,5.0,5.5,5.2,5.2,5.2,5.1,5.1,5.1,5.4,5.4",2023-12-15 10:53:18
1967462,The Fund For Peace,Fragile State Index,C1: Security Apparatus,2023,104,206,13,0.90359,2006,"1.0,1.0,1.0,1.1,1.4,1.6,1.7,1.8,2.1,1.8,1.8,2.1,2.4",2007,"3.2,3.9,4.3,4.1,4.5,4.8,5.1,4.9,5.3,5.8,6.1,6.4,6.5",2023-12-15 03:46:06
3469078,The Fund For Peace,Fragile State Index,E2: Economic Inequality,2023,104,206,13,0.90767,2006,"3.0,2.9,3.0,3.0,2.8,2.6,2.7,2.5,2.7,2.7,2.4,2.2,1.9",2007,"8.5,8.5,8.5,8.5,8.2,8.2,8.0,7.7,7.4,7.7,7.5,7.2,6.9",2023-12-16 18:11:37
496446,The Fund For Peace,Fragile State Index,Total,2023,104,199,9,0.94443,2011,"25.3,26.5,24.8,26.1,24.6,22.5,22.3,20.7393047786885,20.6",2015,"91.9,91.0,89.3,89.08699644672271,86.8,84.35580251344358,83.4,82.39999999999999,81.39999999999999",2023-12-13 12:25:33
4959525,The Fund For Peace,Fragile State Index,P1: State Legitimacy,2023,104,199,9,0.99542,2011,"2.0,2.2,1.9,1.8,1.5,1.2,1.0,0.7,0.7",2015,"6.9,7.1,6.9,6.6000000000000005,6.3,6.0,5.7,5.4,5.5",2023-12-18 16:00:04
7095676,The Fund For Peace,Fragile State Index,X1: External Intervention,2023,104,199,9,0.97386,2011,"2.4,2.4,2.2,2.0,1.9,1.6,1.4,1.1,1.2",2015,"7.8,8.1,7.9,7.6,7.3,7.0,6.7,6.4,6.1",2023-12-20 12:41:32
496191,The Fund For Peace,Fragile State Index,Total,2023,104,81,9,0.9541,2011,"25.3,26.5,24.8,26.1,24.6,22.5,22.3,20.7393047786885,20.6",2013,"29.7,30.6,28.1,28.6,28.1,25.83337235566515,24.7,23.188488518886743,24.8",2023-12-13 12:25:15
4959448,The Fund For Peace,Fragile State Index,P1: State Legitimacy,2023,104,81,9,0.97342,2011,"2.0,2.2,1.9,1.8,1.5,1.2,1.0,0.7,0.7",2013,"1.4,1.5,1.2,1.0,1.0,0.7,0.7,0.5,0.5",2023-12-18 15:59:59
7095600,The Fund For Peace,Fragile State Index,X1: External Intervention,2023,104,81,9,0.97363,2011,"2.4,2.4,2.2,2.0,1.9,1.6,1.4,1.1,1.2",2013,"1.4,1.6,1.3,1.0,1.0,0.7,0.7,0.5,0.5",2023-12-20 12:41:26
496694,The Fund For Peace,Fragile State Index,Total,2023,104,226,9,0.94024,2011,"25.3,26.5,24.8,26.1,24.6,22.5,22.3,20.7393047786885,20.6",2011,"63.7,64.4,62.6,61.3,58.7,57.8,56.7,54.6057398402105,53.0",2023-12-13 12:25:51
4959573,The Fund For Peace,Fragile State Index,P1: State Legitimacy,2023,104,226,9,0.9884,2011,"2.0,2.2,1.9,1.8,1.5,1.2,1.0,0.7,0.7",2011,"5.5,5.9,5.6,5.3,5.0,4.7,4.5,4.2,3.9",2023-12-18 16:00:08
7095779,The Fund For Peace,Fragile State Index,X1: External Intervention,2023,104,226,9,0.97193,2011,"2.4,2.4,2.2,2.0,1.9,1.6,1.4,1.1,1.2",2011,"4.8,4.5,4.2,3.9,3.6,3.3,3.1,2.8000000000000003,3.1",2023-12-20 12:41:41
2526302,The Fund For Peace,Fragile State Index,C3: Group Grievance,2023,104,238,9,0.98809,2011,"1.3,1.6,1.6,1.6,1.9,1.6,1.4,1.1,1.0",2011,"2.4,2.7,2.8,2.7,3.0,2.7,2.5,2.2918032869878417,2.2",2023-12-15 14:38:03
4959436,The Fund For Peace,Fragile State Index,P1: State Legitimacy,2023,104,238,9,0.94507,2011,"2.0,2.2,1.9,1.8,1.5,1.2,1.0,0.7,0.7",2011,"2.5,2.2,1.7,1.6,1.4,1.1,1.0,0.7,0.7",2023-12-18 15:59:59
7095589,The Fund For Peace,Fragile State Index,X1: External Intervention,2023,104,238,9,0.96559,2011,"2.4,2.4,2.2,2.0,1.9,1.6,1.4,1.1,1.2",2011,"3.9,3.7,3.5,3.2,2.9,2.7,2.7,2.4576538213175523,2.3",2023-12-20 12:41:26
495809,The Fund For Peace,Fragile State Index,Total,2023,104,29,9,0.94293,2011,"25.3,26.5,24.8,26.1,24.6,22.5,22.3,20.7393047786885,20.6",2013,"64.0,64.5,62.8,63.5,63.8,61.98745014345976,59.5,57.07123296987986,56.99999999999999",2023-12-13 12:24:50
4959302,The Fund For Peace,Fragile State Index,P1: State Legitimacy,2023,104,29,9,0.96898,2011,"2.0,2.2,1.9,1.8,1.5,1.2,1.0,0.7,0.7",2013,"4.4,4.1,3.8,3.5,3.3,3.0,2.7,2.4000000000000004,2.4",2023-12-18 15:59:50
7095425,The Fund For Peace,Fragile State Index,X1: External Intervention,2023,104,29,9,0.98538,2011,"2.4,2.4,2.2,2.0,1.9,1.6,1.4,1.1,1.2",2013,"4.8,4.9,4.6,4.3,4.1,3.8,3.5,3.2,2.9",2023-12-20 12:41:15
495890,The Fund For Peace,Fragile State Index,Total,2023,104,170,9,0.96008,2011,"25.3,26.5,24.8,26.1,24.6,22.5,22.3,20.7393047786885,20.6",2012,"56.1,55.8,55.7,54.6,53.2,50.7,49.48072267554133,47.0,45.98191488845223",2023-12-13 12:24:55
4959336,The Fund For Peace,Fragile State Index,P1: State Legitimacy,2023,104,170,9,0.97491,2011,"2.0,2.2,1.9,1.8,1.5,1.2,1.0,0.7,0.7",2012,"4.6,4.7,4.6,4.0,3.7,3.2,3.031674531996406,2.9,2.8649818861158307",2023-12-18 15:59:53
7095459,The Fund For Peace,Fragile State Index,X1: External Intervention,2023,104,170,9,0.9605,2011,"2.4,2.4,2.2,2.0,1.9,1.6,1.4,1.1,1.2",2012,"3.3,3.3,3.5,3.2,2.9,2.7,2.411286906401584,2.3,2.272574844019439",2023-12-20 12:41:18
2885477,The Fund For Peace,Fragile State Index,E1: Economy,2023,104,81,9,0.98278,2011,"3.9,3.8,3.9,4.2,4.1,3.6,3.4,3.1,2.8",2011,"2.9,2.6,2.6,2.9,2.9,2.4,2.2,1.9,1.6",2023-12-16 07:20:38
4959446,The Fund For Peace,Fragile State Index,P1: State Legitimacy,2023,104,81,9,0.95766,2011,"2.0,2.2,1.9,1.8,1.5,1.2,1.0,0.7,0.7",2011,"1.9,1.7,1.4,1.5,1.2,1.0,1.0,0.7,0.7",2023-12-18 15:59:59
7095598,The Fund For Peace,Fragile State Index,X1: External Intervention,2023,104,81,9,0.9545,2011,"2.4,2.4,2.2,2.0,1.9,1.6,1.4,1.1,1.2",2011,"2.0,1.7,1.4,1.6,1.3,1.0,1.0,0.7,0.7",2023-12-20 12:41:26
496281,The Fund For Peace,Fragile State Index,Total,2023,104,48,9,0.93279,2011,"25.3,26.5,24.8,26.1,24.6,22.5,22.3,20.7393047786885,20.6",2012,"84.4,83.8,83.1,82.5,80.2,78.9,76.62792958051614,75.7,76.61419215568088",2023-12-13 12:25:21
4959482,The Fund For Peace,Fragile State Index,P1: State Legitimacy,2023,104,48,9,0.97815,2011,"2.0,2.2,1.9,1.8,1.5,1.2,1.0,0.7,0.7",2012,"7.4,7.3,7.4,7.1,6.5,6.3,6.0,5.7,5.8",2023-12-18 16:00:02
7095630,The Fund For Peace,Fragile State Index,X1: External Intervention,2023,104,48,9,0.97374,2011,"2.4,2.4,2.2,2.0,1.9,1.6,1.4,1.1,1.2",2012,"7.4,7.1,6.8,6.5,6.2,6.0,5.7,5.4,5.7",2023-12-20 12:41:29
496692,The Fund For Peace,Fragile State Index,Total,2023,104,226,9,0.94935,2011,"25.3,26.5,24.8,26.1,24.6,22.5,22.3,20.7393047786885,20.6",2009,"66.7,66.1,63.7,64.4,62.6,61.3,58.7,57.8,56.7",2023-12-13 12:25:51
4959571,The Fund For Peace,Fragile State Index,P1: State Legitimacy,2023,104,226,9,0.94073,2011,"2.0,2.2,1.9,1.8,1.5,1.2,1.0,0.7,0.7",2009,"6.1,5.9,5.5,5.9,5.6,5.3,5.0,4.7,4.5",2023-12-18 16:00:07
7095777,The Fund For Peace,Fragile State Index,X1: External Intervention,2023,104,226,9,0.98801,2011,"2.4,2.4,2.2,2.0,1.9,1.6,1.4,1.1,1.2",2009,"5.3,5.1,4.8,4.5,4.2,3.9,3.6,3.3,3.1",2023-12-20 12:41:41
496728,The Fund For Peace,Fragile State Index,Total,2023,104,213,9,0.95648,2011,"25.3,26.5,24.8,26.1,24.6,22.5,22.3,20.7393047786885,20.6",2011,"71.1,71.2,71.2,70.6,68.4,66.7,65.9,64.01235952203785,61.9",2023-12-13 12:25:54
4959604,The Fund For Peace,Fragile State Index,P1: State Legitimacy,2023,104,213,9,0.99069,2011,"2.0,2.2,1.9,1.8,1.5,1.2,1.0,0.7,0.7",2011,"6.1,6.4,6.1,5.8,5.5,5.2,5.0,4.7,4.4",2023-12-18 16:00:09
7095784,The Fund For Peace,Fragile State Index,X1: External Intervention,2023,104,213,9,0.9253,2011,"2.4,2.4,2.2,2.0,1.9,1.6,1.4,1.1,1.2",2011,"6.7,6.4,6.3,6.2,6.2,6.1,5.9,5.6000000000000005,5.3",2023-12-20 12:41:42
495804,The Fund For Peace,Fragile State Index,Total,2023,104,29,9,0.92198,2011,"25.3,26.5,24.8,26.1,24.6,22.5,22.3,20.7393047786885,20.6",2008,"65.9,68.8,68.6,67.9,66.5,64.0,64.5,62.8,63.5",2023-12-13 12:24:50
4959297,The Fund For Peace,Fragile State Index,P1: State Legitimacy,2023,104,29,9,0.99097,2011,"2.0,2.2,1.9,1.8,1.5,1.2,1.0,0.7,0.7",2008,"5.4,5.8,5.3,5.0,4.7,4.4,4.1,3.8,3.5",2023-12-18 15:59:50
7095420,The Fund For Peace,Fragile State Index,X1: External Intervention,2023,104,29,9,0.95915,2011,"2.4,2.4,2.2,2.0,1.9,1.6,1.4,1.1,1.2",2008,"6.0,5.8,5.8,5.4,5.1,4.8,4.9,4.6,4.3",2023-12-20 12:41:15
496660,The Fund For Peace,Fragile State Index,Total,2023,104,171,9,0.9186,2011,"25.3,26.5,24.8,26.1,24.6,22.5,22.3,20.7393047786885,20.6",2015,"83.4,86.2,86.4,84.77026579816999,83.1,82.29729048388526,80.89999999999999,79.49999999999999,78.1",2023-12-13 12:25:48
4959563,The Fund For Peace,Fragile State Index,P1: State Legitimacy,2023,104,171,9,0.97708,2011,"2.0,2.2,1.9,1.8,1.5,1.2,1.0,0.7,0.7",2015,"6.9,7.0,6.8,6.5,6.2,6.031467132374356,6.0,5.8,5.7",2023-12-18 16:00:07
7095765,The Fund For Peace,Fragile State Index,X1: External Intervention,2023,104,171,9,0.97386,2011,"2.4,2.4,2.2,2.0,1.9,1.6,1.4,1.1,1.2",2015,"6.7,7.0,6.8,6.5,6.2,5.9,5.6,5.3,5.0",2023-12-20 12:41:40
496729,The Fund For Peace,Fragile State Index,Total,2023,104,213,9,0.92679,2011,"25.3,26.5,24.8,26.1,24.6,22.5,22.3,20.7393047786885,20.6",2012,"71.2,71.2,70.6,68.4,66.7,65.9,64.01235952203785,61.9,60.12230683109472",2023-12-13 12:25:54
4959605,The Fund For Peace,Fragile State Index,P1: State Legitimacy,2023,104,213,9,0.96698,2011,"2.0,2.2,1.9,1.8,1.5,1.2,1.0,0.7,0.7",2012,"6.4,6.1,5.8,5.5,5.2,5.0,4.7,4.4,4.1000000000000005",2023-12-18 16:00:09
7095785,The Fund For Peace,Fragile State Index,X1: External Intervention,2023,104,213,9,0.97412,2011,"2.4,2.4,2.2,2.0,1.9,1.6,1.4,1.1,1.2",2012,"6.4,6.3,6.2,6.2,6.1,5.9,5.6000000000000005,5.3,5.322306831094723",2023-12-20 12:41:42
496280,The Fund For Peace,Fragile State Index,Total,2023,104,48,9,0.91933,2011,"25.3,26.5,24.8,26.1,24.6,22.5,22.3,20.7393047786885,20.6",2011,"87.0,84.4,83.8,83.1,82.5,80.2,78.9,76.62792958051614,75.7",2023-12-13 12:25:21
4959481,The Fund For Peace,Fragile State Index,P1: State Legitimacy,2023,104,48,9,0.96858,2011,"2.0,2.2,1.9,1.8,1.5,1.2,1.0,0.7,0.7",2011,"7.5,7.4,7.3,7.4,7.1,6.5,6.3,6.0,5.7",2023-12-18 16:00:02
7095629,The Fund For Peace,Fragile State Index,X1: External Intervention,2023,104,48,9,0.97798,2011,"2.4,2.4,2.2,2.0,1.9,1.6,1.4,1.1,1.2",2011,"7.7,7.4,7.1,6.8,6.5,6.2,6.0,5.7,5.4",2023-12-20 12:41:29
496169,The Fund For Peace,Fragile State Index,Total,2023,104,238,9,0.92753,2011,"25.3,26.5,24.8,26.1,24.6,22.5,22.3,20.7393047786885,20.6",2009,"41.2,41.3,40.4,40.5,38.4,37.9,36.4,36.2,36.8",2023-12-13 12:25:14
4959434,The Fund For Peace,Fragile State Index,P1: State Legitimacy,2023,104,238,9,0.97378,2011,"2.0,2.2,1.9,1.8,1.5,1.2,1.0,0.7,0.7",2009,"2.8,2.6,2.5,2.2,1.7,1.6,1.4,1.1,1.0",2023-12-18 15:59:59
7095587,The Fund For Peace,Fragile State Index,X1: External Intervention,2023,104,238,9,0.96449,2011,"2.4,2.4,2.2,2.0,1.9,1.6,1.4,1.1,1.2",2009,"3.7,4.2,3.9,3.7,3.5,3.2,2.9,2.7,2.7",2023-12-20 12:41:25
496014,The Fund For Peace,Fragile State Index,Total,2023,104,23,9,0.95137,2011,"25.3,26.5,24.8,26.1,24.6,22.5,22.3,20.7393047786885,20.6",2013,"77.9,78.2,78.8,78.9,77.6,75.69009689938682,73.6,72.54479808532312,72.8",2023-12-13 12:25:03
4959374,The Fund For Peace,Fragile State Index,P1: State Legitimacy,2023,104,23,9,0.93223,2011,"2.0,2.2,1.9,1.8,1.5,1.2,1.0,0.7,0.7",2013,"6.0,6.1,6.2,5.9,5.4,5.1000000000000005,4.8,4.9,5.1",2023-12-18 15:59:55
7095505,The Fund For Peace,Fragile State Index,X1: External Intervention,2023,104,23,9,0.98161,2011,"2.4,2.4,2.2,2.0,1.9,1.6,1.4,1.1,1.2",2013,"7.3,7.6,7.1,6.8,6.6,6.3,6.0,5.777981320422433,5.5",2023-12-20 12:41:20
496823,The Fund For Peace,Fragile State Index,Total,2023,104,134,9,0.91523,2011,"25.3,26.5,24.8,26.1,24.6,22.5,22.3,20.7393047786885,20.6",2012,"43.8,42.4,43.0,40.9,39.6,38.6,36.2062447804085,34.5,33.593645802064856",2023-12-13 12:26:00
4959653,The Fund For Peace,Fragile State Index,P1: State Legitimacy,2023,104,134,9,0.96884,2011,"2.0,2.2,1.9,1.8,1.5,1.2,1.0,0.7,0.7",2012,"4.0,4.1,3.8,3.9,3.8,3.6,3.6,3.3,3.4",2023-12-18 16:00:12
7095824,The Fund For Peace,Fragile State Index,X1: External Intervention,2023,104,134,9,0.9809,2011,"2.4,2.4,2.2,2.0,1.9,1.6,1.4,1.1,1.2",2012,"4.1,3.8,3.9,3.6,3.5,3.3,3.0,2.8,2.8",2023-12-20 12:41:45
495810,The Fund For Peace,Fragile State Index,Total,2023,104,29,9,0.93699,2011,"25.3,26.5,24.8,26.1,24.6,22.5,22.3,20.7393047786885,20.6",2014,"64.5,62.8,63.5,63.8,61.98745014345976,59.5,57.07123296987986,56.99999999999999,56.1",2023-12-13 12:24:50
4959303,The Fund For Peace,Fragile State Index,P1: State Legitimacy,2023,104,29,9,0.94302,2011,"2.0,2.2,1.9,1.8,1.5,1.2,1.0,0.7,0.7",2014,"4.1,3.8,3.5,3.3,3.0,2.7,2.4000000000000004,2.4,2.5",2023-12-18 15:59:51
7095426,The Fund For Peace,Fragile State Index,X1: External Intervention,2023,104,29,9,0.9812,2011,"2.4,2.4,2.2,2.0,1.9,1.6,1.4,1.1,1.2",2014,"4.9,4.6,4.3,4.1,3.8,3.5,3.2,2.9,2.6",2023-12-20 12:41:16
496445,The Fund For Peace,Fragile State Index,Total,2023,104,199,9,0.9503,2011,"25.3,26.5,24.8,26.1,24.6,22.5,22.3,20.7393047786885,20.6",2014,"89.9,91.9,91.0,89.3,89.08699644672271,86.8,84.35580251344358,83.4,82.39999999999999",2023-12-13 12:25:33
2526309,The Fund For Peace,Fragile State Index,C3: Group Grievance,2023,104,199,9,0.95033,2011,"1.3,1.6,1.6,1.6,1.9,1.6,1.4,1.1,1.0",2014,"5.9,6.2,5.9,6.2,6.5,6.2,5.9,5.6,5.3",2023-12-15 14:38:04
4959524,The Fund For Peace,Fragile State Index,P1: State Legitimacy,2023,104,199,9,0.95811,2011,"2.0,2.2,1.9,1.8,1.5,1.2,1.0,0.7,0.7",2014,"7.2,6.9,7.1,6.9,6.6000000000000005,6.3,6.0,5.7,5.4",2023-12-18 16:00:04
496134,The Fund For Peace,Fragile State Index,Total,2023,104,126,9,0.91033,2011,"25.3,26.5,24.8,26.1,24.6,22.5,22.3,20.7393047786885,20.6",2012,"44.2,43.0,43.2,43.0,42.4,41.7,39.40955428935555,38.1,36.47089084336904",2023-12-13 12:25:11
2885475,The Fund For Peace,Fragile State Index,E1: Economy,2023,104,126,9,0.95775,2011,"3.9,3.8,3.9,4.2,4.1,3.6,3.4,3.1,2.8",2012,"5.0,4.5,4.8,5.0,4.7,4.5,4.2,3.9,3.6",2023-12-16 07:20:38
4959408,The Fund For Peace,Fragile State Index,P1: State Legitimacy,2023,104,126,9,0.98869,2011,"2.0,2.2,1.9,1.8,1.5,1.2,1.0,0.7,0.7",2012,"3.5,3.8,3.5,3.2,2.9,2.7,2.4000000000000004,2.1,1.8",2023-12-18 15:59:57
496309,The Fund For Peace,Fragile State Index,Total,2023,104,101,9,0.92896,2011,"25.3,26.5,24.8,26.1,24.6,22.5,22.3,20.7393047786885,20.6",2013,"78.2,76.8,75.0,74.9,72.9,72.29772813709069,70.4,67.84550475118697,67.6",2023-12-13 12:25:23
4959496,The Fund For Peace,Fragile State Index,P1: State Legitimacy,2023,104,101,9,0.94933,2011,"2.0,2.2,1.9,1.8,1.5,1.2,1.0,0.7,0.7",2013,"6.4,6.5,5.6,5.3,5.1,4.8,4.5,4.2,4.4",2023-12-18 16:00:02
7095642,The Fund For Peace,Fragile State Index,X1: External Intervention,2023,104,101,9,0.97738,2011,"2.4,2.4,2.2,2.0,1.9,1.6,1.4,1.1,1.2",2013,"5.9,5.6,5.3,5.4,5.2,4.9,4.6,4.3,4.3",2023-12-20 12:41:30
4959435,The Fund For Peace,Fragile State Index,P1: State Legitimacy,2023,104,238,9,0.95877,2011,"2.0,2.2,1.9,1.8,1.5,1.2,1.0,0.7,0.7",2010,"2.6,2.5,2.2,1.7,1.6,1.4,1.1,1.0,0.7",2023-12-18 15:59:59
5741169,The Fund For Peace,Fragile State Index,P3: Human Rights,2023,104,238,9,0.92854,2011,"1.2,1.3,1.3,1.2,1.2,1.1,1.4,1.7,1.8",2010,"2.5,2.5,2.6,2.3,2.2,2.2,2.5,2.8,3.089856014108476",2023-12-19 08:23:04
7095588,The Fund For Peace,Fragile State Index,X1: External Intervention,2023,104,238,9,0.96668,2011,"2.4,2.4,2.2,2.0,1.9,1.6,1.4,1.1,1.2",2010,"4.2,3.9,3.7,3.5,3.2,2.9,2.7,2.7,2.4576538213175523",2023-12-20 12:41:26
495922,The Fund For Peace,Fragile State Index,Total,2023,104,56,9,0.93251,2011,"25.3,26.5,24.8,26.1,24.6,22.5,22.3,20.7393047786885,20.6",2013,"67.0,67.9,66.2,64.0,62.6,60.286306956278125,57.8,56.05796495249495,57.39999999999999",2023-12-13 12:24:57
4959347,The Fund For Peace,Fragile State Index,P1: State Legitimacy,2023,104,56,9,0.99235,2011,"2.0,2.2,1.9,1.8,1.5,1.2,1.0,0.7,0.7",2013,"5.5,5.6,5.3,5.0,4.8,4.5,4.2,3.9,4.0",2023-12-18 15:59:53
7095469,The Fund For Peace,Fragile State Index,X1: External Intervention,2023,104,56,9,0.92261,2011,"2.4,2.4,2.2,2.0,1.9,1.6,1.4,1.1,1.2",2013,"9.0,9.1,9.2,9.2,9.0,8.7,8.4,8.1,8.2",2023-12-20 12:41:18
496881,The Fund For Peace,Fragile State Index,Total,2023,104,132,9,0.93869,2011,"25.3,26.5,24.8,26.1,24.6,22.5,22.3,20.7393047786885,20.6",2015,"74.3,74.0,74.4,72.4,69.8,66.2,67.6,64.50000000000001,62.9",2023-12-13 12:26:04
4959691,The Fund For Peace,Fragile State Index,P1: State Legitimacy,2023,104,132,9,0.97403,2011,"2.0,2.2,1.9,1.8,1.5,1.2,1.0,0.7,0.7",2015,"8.5,8.7,8.5,8.3,8.3,7.800000000000001,7.5,7.2,6.9",2023-12-18 16:00:15
7095840,The Fund For Peace,Fragile State Index,X1: External Intervention,2023,104,132,9,0.92679,2011,"2.4,2.4,2.2,2.0,1.9,1.6,1.4,1.1,1.2",2015,"7.0,6.7,6.5,6.2,5.9,5.6000000000000005,5.6,5.6,5.6",2023-12-20 12:41:46
495889,The Fund For Peace,Fragile State Index,Total,2023,104,170,9,0.92547,2011,"25.3,26.5,24.8,26.1,24.6,22.5,22.3,20.7393047786885,20.6",2011,"57.8,56.1,55.8,55.7,54.6,53.2,50.7,49.48072267554133,47.0",2023-12-13 12:24:55
4959335,The Fund For Peace,Fragile State Index,P1: State Legitimacy,2023,104,170,9,0.97554,2011,"2.0,2.2,1.9,1.8,1.5,1.2,1.0,0.7,0.7",2011,"4.6,4.6,4.7,4.6,4.0,3.7,3.2,3.031674531996406,2.9",2023-12-18 15:59:52
7095458,The Fund For Peace,Fragile State Index,X1: External Intervention,2023,104,170,9,0.93814,2011,"2.4,2.4,2.2,2.0,1.9,1.6,1.4,1.1,1.2",2011,"3.6,3.3,3.3,3.5,3.2,2.9,2.7,2.411286906401584,2.3",2023-12-20 12:41:17
496361,The Fund For Peace,Fragile State Index,Total,2023,104,108,9,0.94953,2011,"25.3,26.5,24.8,26.1,24.6,22.5,22.3,20.7393047786885,20.6",2011,"102.8,103.6,103.5,101.7,100.1,97.9,96.5,94.56151916975632,92.1",2023-12-13 12:25:27
4959509,The Fund For Peace,Fragile State Index,P1: State Legitimacy,2023,104,108,9,0.98595,2011,"2.0,2.2,1.9,1.8,1.5,1.2,1.0,0.7,0.7",2011,"9.5,9.6,9.3,8.8,8.5,8.1,7.9,7.6,7.3",2023-12-18 16:00:03
7095656,The Fund For Peace,Fragile State Index,X1: External Intervention,2023,104,108,9,0.90313,2011,"2.4,2.4,2.2,2.0,1.9,1.6,1.4,1.1,1.2",2011,"9.7,10.0,9.7,9.4,9.7,9.4,9.2,8.7,8.4",2023-12-20 12:41:30
496143,The Fund For Peace,Fragile State Index,Total,2023,104,52,9,0.94626,2011,"25.3,26.5,24.8,26.1,24.6,22.5,22.3,20.7393047786885,20.6",2011,"50.6,49.7,48.7,48.5,46.8,45.1,44.1,43.236723940075855,42.0",2023-12-13 12:25:12
2526300,The Fund For Peace,Fragile State Index,C3: Group Grievance,2023,104,52,9,0.93944,2011,"1.3,1.6,1.6,1.6,1.9,1.6,1.4,1.1,1.0",2011,"4.1,4.4,4.1,4.4,4.7,4.4,4.2,3.9,3.6",2023-12-15 14:38:03
4959416,The Fund For Peace,Fragile State Index,P1: State Legitimacy,2023,104,52,9,0.95211,2011,"2.0,2.2,1.9,1.8,1.5,1.2,1.0,0.7,0.7",2011,"3.5,3.2,3.5,3.2,2.9,2.6,2.4,2.1,1.8",2023-12-18 15:59:58
496362,The Fund For Peace,Fragile State Index,Total,2023,104,108,9,0.93847,2011,"25.3,26.5,24.8,26.1,24.6,22.5,22.3,20.7393047786885,20.6",2012,"103.6,103.5,101.7,100.1,97.9,96.5,94.56151916975632,92.1,89.72267369142226",2023-12-13 12:25:27
4959510,The Fund For Peace,Fragile State Index,P1: State Legitimacy,2023,104,108,9,0.9621,2011,"2.0,2.2,1.9,1.8,1.5,1.2,1.0,0.7,0.7",2012,"9.6,9.3,8.8,8.5,8.1,7.9,7.6,7.3,7.0",2023-12-18 16:00:03
7095657,The Fund For Peace,Fragile State Index,X1: External Intervention,2023,104,108,9,0.9367,2011,"2.4,2.4,2.2,2.0,1.9,1.6,1.4,1.1,1.2",2012,"10.0,9.7,9.4,9.7,9.4,9.2,8.7,8.4,8.1",2023-12-20 12:41:31
496730,The Fund For Peace,Fragile State Index,Total,2023,104,213,9,0.90657,2011,"25.3,26.5,24.8,26.1,24.6,22.5,22.3,20.7393047786885,20.6",2013,"71.2,70.6,68.4,66.7,65.9,64.01235952203785,61.9,60.12230683109472,61.50000000000001",2023-12-13 12:25:54
4959606,The Fund For Peace,Fragile State Index,P1: State Legitimacy,2023,104,213,9,0.96855,2011,"2.0,2.2,1.9,1.8,1.5,1.2,1.0,0.7,0.7",2013,"6.1,5.8,5.5,5.2,5.0,4.7,4.4,4.1000000000000005,3.8",2023-12-18 16:00:09
7095786,The Fund For Peace,Fragile State Index,X1: External Intervention,2023,104,213,9,0.96115,2011,"2.4,2.4,2.2,2.0,1.9,1.6,1.4,1.1,1.2",2013,"6.3,6.2,6.2,6.1,5.9,5.6000000000000005,5.3,5.322306831094723,5.0",2023-12-20 12:41:42
2526288,The Fund For Peace,Fragile State Index,C3: Group Grievance,2023,104,29,9,0.902,2011,"1.3,1.6,1.6,1.6,1.9,1.6,1.4,1.1,1.0",2011,"4.5,4.8,4.8,5.1,5.4,5.1,4.9,4.6000000000000005,4.3",2023-12-15 14:38:02
4959300,The Fund For Peace,Fragile State Index,P1: State Legitimacy,2023,104,29,9,0.96812,2011,"2.0,2.2,1.9,1.8,1.5,1.2,1.0,0.7,0.7",2011,"5.0,4.7,4.4,4.1,3.8,3.5,3.3,3.0,2.7",2023-12-18 15:59:50
7095423,The Fund For Peace,Fragile State Index,X1: External Intervention,2023,104,29,9,0.96561,2011,"2.4,2.4,2.2,2.0,1.9,1.6,1.4,1.1,1.2",2011,"5.4,5.1,4.8,4.9,4.6,4.3,4.1,3.8,3.5",2023-12-20 12:41:15
496402,The Fund For Peace,Fragile State Index,Total,2023,104,167,9,0.92654,2011,"25.3,26.5,24.8,26.1,24.6,22.5,22.3,20.7393047786885,20.6",2014,"103.0,103.0,101.7,98.9,96.33806005544712,94.2,92.07809303255932,90.5,89.70000000000002",2023-12-13 12:25:30
4959516,The Fund For Peace,Fragile State Index,P1: State Legitimacy,2023,104,167,9,0.97227,2011,"2.0,2.2,1.9,1.8,1.5,1.2,1.0,0.7,0.7",2014,"8.5,8.6,8.3,8.1,7.8,7.9,7.6,7.3,7.4",2023-12-18 16:00:04
7095665,The Fund For Peace,Fragile State Index,X1: External Intervention,2023,104,167,9,0.93543,2011,"2.4,2.4,2.2,2.0,1.9,1.6,1.4,1.1,1.2",2014,"9.3,9.3,9.6,9.4,9.1,8.8,8.5,8.2,8.2",2023-12-20 12:41:31
496247,The Fund For Peace,Fragile State Index,Total,2023,104,239,9,0.93144,2011,"25.3,26.5,24.8,26.1,24.6,22.5,22.3,20.7393047786885,20.6",2011,"88.3,87.5,86.9,86.3,85.3,83.5,81.5,79.1,75.7",2023-12-13 12:25:19
2885482,The Fund For Peace,Fragile State Index,E1: Economy,2023,104,239,9,0.91674,2011,"3.9,3.8,3.9,4.2,4.1,3.6,3.4,3.1,2.8",2011,"6.8,7.1,7.2,7.1,6.8,6.5,6.3,6.1,5.8",2023-12-16 07:20:39
7095615,The Fund For Peace,Fragile State Index,X1: External Intervention,2023,104,239,9,0.98398,2011,"2.4,2.4,2.2,2.0,1.9,1.6,1.4,1.1,1.2",2011,"6.0,5.7,5.4,5.4,5.1,4.8,4.6,4.1,4.1",2023-12-20 12:41:28
496828,The Fund For Peace,Fragile State Index,Total,2023,104,72,9,0.94643,2011,"25.3,26.5,24.8,26.1,24.6,22.5,22.3,20.7393047786885,20.6",2010,"80.5,81.1,80.5,80.8,79.0,76.7,76.2,76.9,74.51822129476686",2023-12-13 12:26:00
2885515,The Fund For Peace,Fragile State Index,E1: Economy,2023,104,72,9,0.92234,2011,"3.9,3.8,3.9,4.2,4.1,3.6,3.4,3.1,2.8",2010,"6.7,7.0,7.0,7.3,7.0,6.7,6.7,6.5,6.235548067320703",2023-12-16 07:20:41
4959658,The Fund For Peace,Fragile State Index,P1: State Legitimacy,2023,104,72,9,0.96172,2011,"2.0,2.2,1.9,1.8,1.5,1.2,1.0,0.7,0.7",2010,"8.9,8.6,8.8,8.8,7.8,7.4,7.1,6.9,6.6000000000000005",2023-12-18 16:00:12
495905,The Fund For Peace,Fragile State Index,Total,2023,104,181,9,0.9327,2011,"25.3,26.5,24.8,26.1,24.6,22.5,22.3,20.7393047786885,20.6",2009,"61.3,60.2,59.8,59.5,57.4,56.9,54.2,52.9,50.9",2023-12-13 12:24:56
2885460,The Fund For Peace,Fragile State Index,E1: Economy,2023,104,181,9,0.90742,2011,"3.9,3.8,3.9,4.2,4.1,3.6,3.4,3.1,2.8",2009,"5.3,5.6,5.8,6.0,5.7,5.7,5.2,4.9,4.7",2023-12-16 07:20:37
7095465,The Fund For Peace,Fragile State Index,X1: External Intervention,2023,104,181,9,0.98891,2011,"2.4,2.4,2.2,2.0,1.9,1.6,1.4,1.1,1.2",2009,"5.5,5.5,5.2,4.9,4.6,4.3,4.1,3.8,3.6",2023-12-20 12:41:18
496693,The Fund For Peace,Fragile State Index,Total,2023,104,226,9,0.91067,2011,"25.3,26.5,24.8,26.1,24.6,22.5,22.3,20.7393047786885,20.6",2010,"66.1,63.7,64.4,62.6,61.3,58.7,57.8,56.7,54.6057398402105",2023-12-13 12:25:51
4959572,The Fund For Peace,Fragile State Index,P1: State Legitimacy,2023,104,226,9,0.93851,2011,"2.0,2.2,1.9,1.8,1.5,1.2,1.0,0.7,0.7",2010,"5.9,5.5,5.9,5.6,5.3,5.0,4.7,4.5,4.2",2023-12-18 16:00:07
7095778,The Fund For Peace,Fragile State Index,X1: External Intervention,2023,104,226,9,0.97932,2011,"2.4,2.4,2.2,2.0,1.9,1.6,1.4,1.1,1.2",2010,"5.1,4.8,4.5,4.2,3.9,3.6,3.3,3.1,2.8000000000000003",2023-12-20 12:41:41
1967430,The Fund For Peace,Fragile State Index,C1: Security Apparatus,2023,104,35,12,0.94798,2006,"1.0,1.0,1.0,1.1,1.4,1.6,1.7,1.8,2.1,1.8,1.8,2.1",2012,"7.1,7.2,6.9,7.4,8.1,8.4,8.5,8.2,8.7,9.0,8.7,9.3",2023-12-15 03:46:02
2337068,The Fund For Peace,Fragile State Index,C2: Factionalized Elites,2023,104,35,12,0.93728,2006,"1.0,1.0,1.0,1.3,1.5,1.4,1.4,1.3,1.3,1.3,1.5,1.5",2012,"7.3,7.3,7.3,7.8,8.1,7.8,7.8,7.8,7.8,7.8,7.8,8.2",2023-12-15 10:53:16
495931,The Fund For Peace,Fragile State Index,Total,2023,104,150,9,0.95981,2011,"25.3,26.5,24.8,26.1,24.6,22.5,22.3,20.7393047786885,20.6",2013,"70.4,71.5,70.8,71.1,70.4,68.81558956891207,66.4,65.09591525499161,64.30000000000001",2023-12-13 12:24:58
4959354,The Fund For Peace,Fragile State Index,P1: State Legitimacy,2023,104,150,9,0.93342,2011,"2.0,2.2,1.9,1.8,1.5,1.2,1.0,0.7,0.7",2013,"4.1,4.1,3.8,3.5,3.3,3.0035868776647856,3.0,2.969021820413545,3.0",2023-12-18 15:59:54
7095472,The Fund For Peace,Fragile State Index,X1: External Intervention,2023,104,150,9,0.93351,2011,"2.4,2.4,2.2,2.0,1.9,1.6,1.4,1.1,1.2",2013,"6.5,7.2,6.9,6.6,6.4,6.1000000000000005,5.8,5.5,5.2",2023-12-20 12:41:18
496797,The Fund For Peace,Fragile State Index,Total,2023,104,99,9,0.9582,2011,"25.3,26.5,24.8,26.1,24.6,22.5,22.3,20.7393047786885,20.6",2013,"24.7,25.9,23.4,22.8,22.5,20.3,19.8,17.799999999999997,18.0",2023-12-13 12:25:58
2526313,The Fund For Peace,Fragile State Index,C3: Group Grievance,2023,104,99,9,0.9048,2011,"1.3,1.6,1.6,1.6,1.9,1.6,1.4,1.1,1.0",2013,"1.0,1.0,1.3,1.3,1.3,1.1,1.0,0.7,0.5",2023-12-15 14:38:04
7095807,The Fund For Peace,Fragile State Index,X1: External Intervention,2023,104,99,9,0.96354,2011,"2.4,2.4,2.2,2.0,1.9,1.6,1.4,1.1,1.2",2013,"5.2,4.9,4.6,4.3,4.1,3.9,3.8,3.5,3.2",2023-12-20 12:41:44
495906,The Fund For Peace,Fragile State Index,Total,2023,104,181,9,0.94117,2011,"25.3,26.5,24.8,26.1,24.6,22.5,22.3,20.7393047786885,20.6",2010,"60.2,59.8,59.5,57.4,56.9,54.2,52.9,50.9,49.36140868153144",2023-12-13 12:24:56
2885461,The Fund For Peace,Fragile State Index,E1: Economy,2023,104,181,9,0.90742,2011,"3.9,3.8,3.9,4.2,4.1,3.6,3.4,3.1,2.8",2010,"5.6,5.8,6.0,5.7,5.7,5.2,4.9,4.7,4.620465684351524",2023-12-16 07:20:37
7095466,The Fund For Peace,Fragile State Index,X1: External Intervention,2023,104,181,9,0.97471,2011,"2.4,2.4,2.2,2.0,1.9,1.6,1.4,1.1,1.2",2010,"5.5,5.2,4.9,4.6,4.3,4.1,3.8,3.6,3.3000000000000003",2023-12-20 12:41:18
495863,The Fund For Peace,Fragile State Index,Total,2023,104,53,9,0.93707,2011,"25.3,26.5,24.8,26.1,24.6,22.5,22.3,20.7393047786885,20.6",2008,"59.4,60.1,59.0,57.3,56.3,54.1,52.9,51.0,52.4",2023-12-13 12:24:53
4959324,The Fund For Peace,Fragile State Index,P1: State Legitimacy,2023,104,53,9,0.94111,2011,"2.0,2.2,1.9,1.8,1.5,1.2,1.0,0.7,0.7",2008,"4.4,4.5,4.8,4.4,4.2,3.9,3.7,3.4,3.1",2023-12-18 15:59:52
7095453,The Fund For Peace,Fragile State Index,X1: External Intervention,2023,104,53,9,0.94403,2011,"2.4,2.4,2.2,2.0,1.9,1.6,1.4,1.1,1.2",2008,"5.7,5.8,5.4,5.0,5.3,5.0,4.7,4.4,4.8",2023-12-20 12:41:17
496615,The Fund For Peace,Fragile State Index,Total,2023,104,25,9,0.91642,2011,"25.3,26.5,24.8,26.1,24.6,22.5,22.3,20.7393047786885,20.6",2015,"78.7,77.6,76.0,74.27398470769302,72.0,69.50902262964706,68.3,67.39999999999999,66.4",2023-12-13 12:25:45
4959557,The Fund For Peace,Fragile State Index,P1: State Legitimacy,2023,104,25,9,0.95797,2011,"2.0,2.2,1.9,1.8,1.5,1.2,1.0,0.7,0.7",2015,"5.0,4.5,4.3,4.0,3.7,3.4000000000000004,3.1,2.8,2.8",2023-12-18 16:00:06
7095743,The Fund For Peace,Fragile State Index,X1: External Intervention,2023,104,25,9,0.94735,2011,"2.4,2.4,2.2,2.0,1.9,1.6,1.4,1.1,1.2",2015,"7.9,8.2,8.0,8.0,7.7,7.4,7.1,6.8,6.5",2023-12-20 12:41:37
496324,The Fund For Peace,Fragile State Index,Total,2023,104,118,9,0.91667,2011,"25.3,26.5,24.8,26.1,24.6,22.5,22.3,20.7393047786885,20.6",2010,"88.4,91.8,87.4,85.7,83.9,82.2,81.1,80.3,78.6341219093271",2023-12-13 12:25:24
4959498,The Fund For Peace,Fragile State Index,P1: State Legitimacy,2023,104,118,9,0.95047,2011,"2.0,2.2,1.9,1.8,1.5,1.2,1.0,0.7,0.7",2010,"8.4,9.0,8.7,8.4,8.2,7.8,7.9,7.7,7.4",2023-12-18 16:00:03
7095648,The Fund For Peace,Fragile State Index,X1: External Intervention,2023,104,118,9,0.95273,2011,"2.4,2.4,2.2,2.0,1.9,1.6,1.4,1.1,1.2",2010,"7.6,7.9,7.6,7.3,7.6,6.9,6.6,6.4,6.7",2023-12-20 12:41:30
495881,The Fund For Peace,Fragile State Index,Total,2023,104,82,9,0.92817,2011,"25.3,26.5,24.8,26.1,24.6,22.5,22.3,20.7393047786885,20.6",2013,"69.1,70.7,71.8,71.2,69.7,68.1221863165064,65.9,64.15816913182405,63.900000000000006",2023-12-13 12:24:55
2885458,The Fund For Peace,Fragile State Index,E1: Economy,2023,104,82,9,0.9168,2011,"3.9,3.8,3.9,4.2,4.1,3.6,3.4,3.1,2.8",2013,"6.1,6.0,6.3,6.6,6.1,6.0,5.7,5.4,5.5",2023-12-16 07:20:37
4959331,The Fund For Peace,Fragile State Index,P1: State Legitimacy,2023,104,82,9,0.97307,2011,"2.0,2.2,1.9,1.8,1.5,1.2,1.0,0.7,0.7",2013,"5.1,4.8,5.0,4.7,4.2,3.9,3.6,3.3000000000000003,3.2",2023-12-18 15:59:52
496305,The Fund For Peace,Fragile State Index,Total,2023,104,101,9,0.91553,2011,"25.3,26.5,24.8,26.1,24.6,22.5,22.3,20.7393047786885,20.6",2009,"84.1,83.1,81.6,80.6,78.2,76.8,75.0,74.9,72.9",2023-12-13 12:25:23
4959492,The Fund For Peace,Fragile State Index,P1: State Legitimacy,2023,104,101,9,0.93386,2011,"2.0,2.2,1.9,1.8,1.5,1.2,1.0,0.7,0.7",2009,"6.7,6.9,6.7,6.7,6.4,6.5,5.6,5.3,5.1",2023-12-18 16:00:02
7095638,The Fund For Peace,Fragile State Index,X1: External Intervention,2023,104,101,9,0.9673,2011,"2.4,2.4,2.2,2.0,1.9,1.6,1.4,1.1,1.2",2009,"6.9,6.7,6.5,6.2,5.9,5.6,5.3,5.4,5.2",2023-12-20 12:41:29
496150,The Fund For Peace,Fragile State Index,Total,2023,104,176,9,0.9222,2011,"25.3,26.5,24.8,26.1,24.6,22.5,22.3,20.7393047786885,20.6",2008,"47.6,49.6,49.0,46.8,44.3,40.9,42.1,39.8,40.7",2023-12-13 12:25:12
4959421,The Fund For Peace,Fragile State Index,P1: State Legitimacy,2023,104,176,9,0.92674,2011,"2.0,2.2,1.9,1.8,1.5,1.2,1.0,0.7,0.7",2008,"4.2,4.4,4.5,4.2,3.7,3.4,3.5,3.2,3.5",2023-12-18 15:59:58
7095580,The Fund For Peace,Fragile State Index,X1: External Intervention,2023,104,176,9,0.96721,2011,"2.4,2.4,2.2,2.0,1.9,1.6,1.4,1.1,1.2",2008,"4.0,4.4,4.0,3.9,3.6,3.3,3.0,2.7,3.1",2023-12-20 12:41:25
496303,The Fund For Peace,Fragile State Index,Total,2023,104,101,9,0.92682,2011,"25.3,26.5,24.8,26.1,24.6,22.5,22.3,20.7393047786885,20.6",2007,"84.4,83.3,84.1,83.1,81.6,80.6,78.2,76.8,75.0",2023-12-13 12:25:23
2885493,The Fund For Peace,Fragile State Index,E1: Economy,2023,104,101,9,0.92141,2011,"3.9,3.8,3.9,4.2,4.1,3.6,3.4,3.1,2.8",2007,"6.5,6.3,6.9,6.7,6.4,6.0,5.5,5.5,5.2",2023-12-16 07:20:39
7095636,The Fund For Peace,Fragile State Index,X1: External Intervention,2023,104,101,9,0.96645,2011,"2.4,2.4,2.2,2.0,1.9,1.6,1.4,1.1,1.2",2007,"6.9,6.9,6.9,6.7,6.5,6.2,5.9,5.6,5.3",2023-12-20 12:41:29
2885478,The Fund For Peace,Fragile State Index,E1: Economy,2023,104,81,9,0.93913,2011,"3.9,3.8,3.9,4.2,4.1,3.6,3.4,3.1,2.8",2012,"2.6,2.6,2.9,2.9,2.4,2.2,1.9,1.6,1.3",2023-12-16 07:20:38
4959447,The Fund For Peace,Fragile State Index,P1: State Legitimacy,2023,104,81,9,0.9326,2011,"2.0,2.2,1.9,1.8,1.5,1.2,1.0,0.7,0.7",2012,"1.7,1.4,1.5,1.2,1.0,1.0,0.7,0.7,0.5",2023-12-18 15:59:59
7095599,The Fund For Peace,Fragile State Index,X1: External Intervention,2023,104,81,9,0.94164,2011,"2.4,2.4,2.2,2.0,1.9,1.6,1.4,1.1,1.2",2012,"1.7,1.4,1.6,1.3,1.0,1.0,0.7,0.7,0.5",2023-12-20 12:41:26
496001,The Fund For Peace,Fragile State Index,Total,2023,104,113,9,0.91724,2011,"25.3,26.5,24.8,26.1,24.6,22.5,22.3,20.7393047786885,20.6",2013,"69.8,68.5,68.3,66.5,65.9,63.43851484252681,61.6,59.770101356315976,61.20000000000001",2023-12-13 12:25:02
2885465,The Fund For Peace,Fragile State Index,E1: Economy,2023,104,113,9,0.91294,2011,"3.9,3.8,3.9,4.2,4.1,3.6,3.4,3.1,2.8",2013,"6.2,5.9,6.5,6.6,6.4,5.9,5.6,5.3,5.5",2023-12-16 07:20:37
7095501,The Fund For Peace,Fragile State Index,X1: External Intervention,2023,104,113,9,0.98059,2011,"2.4,2.4,2.2,2.0,1.9,1.6,1.4,1.1,1.2",2013,"5.3,5.0,4.7,4.4,4.2,3.9,3.6,3.3000000000000003,3.0",2023-12-20 12:41:20
496789,The Fund For Peace,Fragile State Index,Total,2023,104,127,9,0.91871,2011,"25.3,26.5,24.8,26.1,24.6,22.5,22.3,20.7393047786885,20.6",2013,"23.3,24.6,22.1,24.1,23.4,20.757276455472248,20.4,18.84924040750671,21.1",2023-12-13 12:25:58
4959649,The Fund For Peace,Fragile State Index,P1: State Legitimacy,2023,104,127,9,0.91299,2011,"2.0,2.2,1.9,1.8,1.5,1.2,1.0,0.7,0.7",2013,"1.9,1.6,1.3,1.0,1.0,0.7,0.7,0.5,0.5",2023-12-18 16:00:12
7095801,The Fund For Peace,Fragile State Index,X1: External Intervention,2023,104,127,9,0.97844,2011,"2.4,2.4,2.2,2.0,1.9,1.6,1.4,1.1,1.2",2013,"2.0,1.9,1.6,1.3,1.1,0.8,0.8,0.5,0.5",2023-12-20 12:41:43
496274,The Fund For Peace,Fragile State Index,Total,2023,104,152,9,0.91086,2011,"25.3,26.5,24.8,26.1,24.6,22.5,22.3,20.7393047786885,20.6",2015,"90.5,91.2,91.0,87.87642693759165,84.7,82.56660214637142,82.2,80.6,80.2",2023-12-13 12:25:21
2526307,The Fund For Peace,Fragile State Index,C3: Group Grievance,2023,104,152,9,0.91516,2011,"1.3,1.6,1.6,1.6,1.9,1.6,1.4,1.1,1.0",2015,"9.1,9.5,9.4,9.59837836653636,9.7,9.748870493625386,9.4,9.1,8.8",2023-12-15 14:38:03
7095625,The Fund For Peace,Fragile State Index,X1: External Intervention,2023,104,152,9,0.98274,2011,"2.4,2.4,2.2,2.0,1.9,1.6,1.4,1.1,1.2",2015,"7.4,7.1,6.9,6.811682630531924,6.5,6.2,5.9,5.6,5.9",2023-12-20 12:41:29
495818,The Fund For Peace,Fragile State Index,Total,2023,104,109,9,0.9224,2011,"25.3,26.5,24.8,26.1,24.6,22.5,22.3,20.7393047786885,20.6",2013,"65.6,64.9,64.6,65.0,65.2,63.11945865018858,61.2,60.02494703870308,61.2",2023-12-13 12:24:51
4959311,The Fund For Peace,Fragile State Index,P1: State Legitimacy,2023,104,109,9,0.9525,2011,"2.0,2.2,1.9,1.8,1.5,1.2,1.0,0.7,0.7",2013,"6.1,5.6,5.3,5.0,4.8,4.5,4.2,3.9,3.6",2023-12-18 15:59:51
7095429,The Fund For Peace,Fragile State Index,X1: External Intervention,2023,104,109,9,0.93177,2011,"2.4,2.4,2.2,2.0,1.9,1.6,1.4,1.1,1.2",2013,"6.3,6.0,5.7,6.0,5.8,5.5,5.2,4.985097858913624,4.7",2023-12-20 12:41:16
4491386,The Fund For Peace,Fragile State Index,E3: Human Flight and Brain Drain,2023,104,21,12,0.93221,2006,"2.0,2.1,2.0,2.0,2.0,2.4,3.0,2.8,3.1,2.8,2.5,2.8",2006,"1.0,1.1,1.1,1.3,1.3,1.6,1.9,1.8,1.9,1.9,1.6,1.6",2023-12-18 07:20:23
6659407,The Fund For Peace,Fragile State Index,S2: Refugees and IDPs,2023,104,21,12,0.93858,2006,"1.4,1.5,1.5,1.5,1.6,2.0,1.7,1.4,1.4,1.4,1.7,2.0",2006,"1.5,1.6,1.6,1.7,1.8,2.1,1.9,1.6,1.6,1.6,2.1,2.4",2023-12-20 04:16:10
496753,The Fund For Peace,Fragile State Index,Total,2023,104,93,9,0.94675,2011,"25.3,26.5,24.8,26.1,24.6,22.5,22.3,20.7393047786885,20.6",2015,"70.5,70.9,71.3,70.35847016331266,68.2,65.95105985340093,66.1,64.19999999999999,61.6",2023-12-13 12:25:55
2885514,The Fund For Peace,Fragile State Index,E1: Economy,2023,104,93,9,0.94302,2011,"3.9,3.8,3.9,4.2,4.1,3.6,3.4,3.1,2.8",2015,"6.2,6.1,6.0,6.082149789170812,5.8,5.5,4.5,4.0,3.5",2023-12-16 07:20:41
4959627,The Fund For Peace,Fragile State Index,P1: State Legitimacy,2023,104,93,9,0.91627,2011,"2.0,2.2,1.9,1.8,1.5,1.2,1.0,0.7,0.7",2015,"5.9,5.6,5.4,5.1000000000000005,4.8,4.5,4.6,4.5,4.4",2023-12-18 16:00:11
4959581,The Fund For Peace,Fragile State Index,P1: State Legitimacy,2023,104,16,9,0.95979,2011,"2.0,2.2,1.9,1.8,1.5,1.2,1.0,0.7,0.7",2010,"5.5,5.2,4.9,4.9,4.6,4.3,4.0,3.8,3.3",2023-12-18 16:00:08
5741176,The Fund For Peace,Fragile State Index,P3: Human Rights,2023,104,16,9,0.9212,2011,"1.2,1.3,1.3,1.2,1.2,1.1,1.4,1.7,1.8",2010,"2.8,3.2,3.1,2.8,3.1,3.0,3.3,3.6,3.670139344951605",2023-12-19 08:23:05
7095783,The Fund For Peace,Fragile State Index,X1: External Intervention,2023,104,16,9,0.92469,2011,"2.4,2.4,2.2,2.0,1.9,1.6,1.4,1.1,1.2",2010,"5.3,4.9,4.6,4.3,4.0,3.7,3.4,3.7,3.4000000000000004",2023-12-20 12:41:41
496880,The Fund For Peace,Fragile State Index,Total,2023,104,132,9,0.93125,2011,"25.3,26.5,24.8,26.1,24.6,22.5,22.3,20.7393047786885,20.6",2014,"75.4,74.3,74.0,74.4,72.4,69.8,66.2,67.6,64.50000000000001",2023-12-13 12:26:04
4959690,The Fund For Peace,Fragile State Index,P1: State Legitimacy,2023,104,132,9,0.90037,2011,"2.0,2.2,1.9,1.8,1.5,1.2,1.0,0.7,0.7",2014,"8.4,8.5,8.7,8.5,8.3,8.3,7.800000000000001,7.5,7.2",2023-12-18 16:00:15
7095839,The Fund For Peace,Fragile State Index,X1: External Intervention,2023,104,132,9,0.97252,2011,"2.4,2.4,2.2,2.0,1.9,1.6,1.4,1.1,1.2",2014,"6.7,7.0,6.7,6.5,6.2,5.9,5.6000000000000005,5.6,5.6",2023-12-20 12:41:46
2526305,The Fund For Peace,Fragile State Index,C3: Group Grievance,2023,104,203,9,0.914,2011,"1.3,1.6,1.6,1.6,1.9,1.6,1.4,1.1,1.0",2014,"3.6,3.9,4.2,4.5,4.5,4.2,3.9,3.6,3.3",2023-12-15 14:38:03
4959451,The Fund For Peace,Fragile State Index,P1: State Legitimacy,2023,104,203,9,0.93132,2011,"2.0,2.2,1.9,1.8,1.5,1.2,1.0,0.7,0.7",2014,"2.9,2.6,2.9,2.7,2.4000000000000004,2.1,1.8,1.9,1.7",2023-12-18 16:00:00
7095603,The Fund For Peace,Fragile State Index,X1: External Intervention,2023,104,203,9,0.95514,2011,"2.4,2.4,2.2,2.0,1.9,1.6,1.4,1.1,1.2",2014,"2.5,2.3,2.5,2.3,2.0,1.7,1.4,1.1,0.8",2023-12-20 12:41:27
496051,The Fund For Peace,Fragile State Index,Total,2023,104,110,9,0.93537,2011,"25.3,26.5,24.8,26.1,24.6,22.5,22.3,20.7393047786885,20.6",2014,"36.3,36.0,35.1,37.4,34.47489966723306,34.3,32.332289117028274,32.2,31.0",2023-12-13 12:25:06
4959387,The Fund For Peace,Fragile State Index,P1: State Legitimacy,2023,104,110,9,0.94031,2011,"2.0,2.2,1.9,1.8,1.5,1.2,1.0,0.7,0.7",2014,"2.0,1.7,1.4,1.2,0.8999999999999999,0.9,0.6009723264075552,0.5,0.2",2023-12-18 15:59:56
7095527,The Fund For Peace,Fragile State Index,X1: External Intervention,2023,104,110,9,0.92405,2011,"2.4,2.4,2.2,2.0,1.9,1.6,1.4,1.1,1.2",2014,"3.9,3.6,4.0,3.8,3.5,3.2,2.9000000000000004,2.6,2.3",2023-12-20 12:41:22
495833,The Fund For Peace,Fragile State Index,Total,2023,104,196,9,0.92794,2011,"25.3,26.5,24.8,26.1,24.6,22.5,22.3,20.7393047786885,20.6",2015,"82.9,83.6,82.3,79.62828847155544,77.2,74.5646477541905,73.39999999999999,72.10000000000001,71.50000000000001",2023-12-13 12:24:52
4959317,The Fund For Peace,Fragile State Index,P1: State Legitimacy,2023,104,196,9,0.90522,2011,"2.0,2.2,1.9,1.8,1.5,1.2,1.0,0.7,0.7",2015,"5.5,5.2,4.7,4.4,4.1,3.8,3.6,3.7,3.7",2023-12-18 15:59:51
7095442,The Fund For Peace,Fragile State Index,X1: External Intervention,2023,104,196,9,0.96574,2011,"2.4,2.4,2.2,2.0,1.9,1.6,1.4,1.1,1.2",2015,"6.5,6.8,6.7,6.4,6.1,5.8,5.5,5.2,4.9",2023-12-20 12:41:16
496048,The Fund For Peace,Fragile State Index,Total,2023,104,153,9,0.93663,2011,"25.3,26.5,24.8,26.1,24.6,22.5,22.3,20.7393047786885,20.6",2015,"26.9,28.2,27.4,26.16998872873363,24.8,22.859835187501517,24.1,22.1,21.0",2023-12-13 12:25:05
4959383,The Fund For Peace,Fragile State Index,P1: State Legitimacy,2023,104,153,9,0.9598,2011,"2.0,2.2,1.9,1.8,1.5,1.2,1.0,0.7,0.7",2015,"1.0,1.5,1.3,1.0,1.0,0.7,0.5,0.3,0.3",2023-12-18 15:59:56
7095526,The Fund For Peace,Fragile State Index,X1: External Intervention,2023,104,153,9,0.90089,2011,"2.4,2.4,2.2,2.0,1.9,1.6,1.4,1.1,1.2",2015,"1.2,0.9,1.2,1.2,1.0,0.7,0.5,0.3,0.4",2023-12-20 12:41:22
1967424,The Fund For Peace,Fragile State Index,C1: Security Apparatus,2023,104,236,12,0.95605,2006,"1.0,1.0,1.0,1.1,1.4,1.6,1.7,1.8,2.1,1.8,1.8,2.1",2009,"1.4,1.6,1.6,1.9,2.2,2.7,2.8,2.9,3.2,3.464329018518069,3.5,3.8",2023-12-15 03:46:01
3469037,The Fund For Peace,Fragile State Index,E2: Economic Inequality,2023,104,236,12,0.90868,2006,"3.0,2.9,3.0,3.0,2.8,2.6,2.7,2.5,2.7,2.7,2.4,2.2",2009,"5.3,5.4,5.4,5.1,4.8,4.5,4.8,4.5,4.3,4.0,3.7,3.4000000000000004",2023-12-16 18:11:34
496272,The Fund For Peace,Fragile State Index,Total,2023,104,152,9,0.94796,2011,"25.3,26.5,24.8,26.1,24.6,22.5,22.3,20.7393047786885,20.6",2013,"91.8,91.0,90.5,91.2,91.0,87.87642693759165,84.7,82.56660214637142,82.2",2023-12-13 12:25:21
2885485,The Fund For Peace,Fragile State Index,E1: Economy,2023,104,152,9,0.91948,2011,"3.9,3.8,3.9,4.2,4.1,3.6,3.4,3.1,2.8",2013,"7.3,7.1,6.8,7.0,7.5,6.104263923471317,5.6,5.3,5.3",2023-12-16 07:20:39
7095623,The Fund For Peace,Fragile State Index,X1: External Intervention,2023,104,152,9,0.92474,2011,"2.4,2.4,2.2,2.0,1.9,1.6,1.4,1.1,1.2",2013,"7.1,7.3,7.4,7.1,6.9,6.811682630531924,6.5,6.2,5.9",2023-12-20 12:41:28
4960029,The Fund For Peace,Fragile State Index,P1: State Legitimacy,2023,104,118,12,0.95079,2008,"1.5,1.8,1.6,2.0,2.2,1.9,1.8,1.5,1.2,1.0,0.7,0.7",2007,"8.2,8.4,8.3,8.4,9.0,8.7,8.4,8.2,7.8,7.9,7.7,7.4",2023-12-18 16:00:37
5365730,The Fund For Peace,Fragile State Index,P2: Public Services,2023,104,118,12,0.90112,2008,"2.0,2.3,2.4,2.2,2.2,1.9,2.2,1.9,1.6,1.4,1.441695562783806,1.4",2007,"6.3,6.5,6.5,6.3,6.0,5.4,5.9,5.9,5.6,5.3,5.1,4.8",2023-12-19 00:09:21
496206,The Fund For Peace,Fragile State Index,Total,2023,104,203,9,0.92885,2011,"25.3,26.5,24.8,26.1,24.6,22.5,22.3,20.7393047786885,20.6",2013,"32.3,32.6,31.5,33.9,32.4,30.33350186495465,28.0,25.84648022438141,28.2",2023-12-13 12:25:16
4959450,The Fund For Peace,Fragile State Index,P1: State Legitimacy,2023,104,203,9,0.94578,2011,"2.0,2.2,1.9,1.8,1.5,1.2,1.0,0.7,0.7",2013,"2.8,2.9,2.6,2.9,2.7,2.4000000000000004,2.1,1.8,1.9",2023-12-18 16:00:00
7095602,The Fund For Peace,Fragile State Index,X1: External Intervention,2023,104,203,9,0.90306,2011,"2.4,2.4,2.2,2.0,1.9,1.6,1.4,1.1,1.2",2013,"2.3,2.5,2.3,2.5,2.3,2.0,1.7,1.4,1.1",2023-12-20 12:41:26
496699,The Fund For Peace,Fragile State Index,Total,2023,104,16,9,0.91362,2011,"25.3,26.5,24.8,26.1,24.6,22.5,22.3,20.7393047786885,20.6",2007,"60.1,60.5,60.9,58.9,56.5,55.1,54.7,54.1,51.5",2023-12-13 12:25:51
4959578,The Fund For Peace,Fragile State Index,P1: State Legitimacy,2023,104,16,9,0.92649,2011,"2.0,2.2,1.9,1.8,1.5,1.2,1.0,0.7,0.7",2007,"6.4,5.9,5.5,5.5,5.2,4.9,4.9,4.6,4.3",2023-12-18 16:00:08
7095780,The Fund For Peace,Fragile State Index,X1: External Intervention,2023,104,16,9,0.93646,2011,"2.4,2.4,2.2,2.0,1.9,1.6,1.4,1.1,1.2",2007,"5.2,5.2,5.3,5.3,4.9,4.6,4.3,4.0,3.7",2023-12-20 12:41:41
496667,The Fund For Peace,Fragile State Index,Total,2023,104,20,9,0.95833,2011,"25.3,26.5,24.8,26.1,24.6,22.5,22.3,20.7393047786885,20.6",2012,"76.6,76.7,75.0,75.6,73.9,72.4,70.54071433248335,68.2,65.75186010132514",2023-12-13 12:25:48
2526312,The Fund For Peace,Fragile State Index,C3: Group Grievance,2023,104,20,9,0.90218,2011,"1.3,1.6,1.6,1.6,1.9,1.6,1.4,1.1,1.0",2012,"6.5,6.8,7.1,6.8,7.1,7.1,6.8,6.5,6.2",2023-12-15 14:38:04
2885512,The Fund For Peace,Fragile State Index,E1: Economy,2023,104,20,9,0.91126,2011,"3.9,3.8,3.9,4.2,4.1,3.6,3.4,3.1,2.8",2012,"6.5,6.2,6.0,6.1,6.2,6.0,5.540714332483349,5.2,4.9",2023-12-16 07:20:41
2526304,The Fund For Peace,Fragile State Index,C3: Group Grievance,2023,104,81,9,0.92998,2011,"1.3,1.6,1.6,1.6,1.9,1.6,1.4,1.1,1.0",2014,"4.3,4.6,4.8,5.0,4.9,4.6,4.3,4.0,3.7",2023-12-15 14:38:03
4959449,The Fund For Peace,Fragile State Index,P1: State Legitimacy,2023,104,81,9,0.91419,2011,"2.0,2.2,1.9,1.8,1.5,1.2,1.0,0.7,0.7",2014,"1.5,1.2,1.0,1.0,0.7,0.7,0.5,0.5,0.4",2023-12-18 16:00:00
7095601,The Fund For Peace,Fragile State Index,X1: External Intervention,2023,104,81,9,0.92423,2011,"2.4,2.4,2.2,2.0,1.9,1.6,1.4,1.1,1.2",2014,"1.6,1.3,1.0,1.0,0.7,0.7,0.5,0.5,0.3",2023-12-20 12:41:26
2526339,The Fund For Peace,Fragile State Index,C3: Group Grievance,2023,104,84,12,0.91275,2008,"1.0,1.0,1.0,1.3,1.6,1.6,1.6,1.9,1.6,1.4,1.1,1.0",2010,"4.2,4.5,4.8,4.8,5.1,5.0,5.1,5.4,5.1000000000000005,4.8,4.5,4.2",2023-12-15 14:38:08
2885544,The Fund For Peace,Fragile State Index,E1: Economy,2023,104,84,12,0.92966,2008,"2.0,2.7,3.3,3.9,3.8,3.9,4.2,4.1,3.6,3.4,3.1,2.8",2010,"4.3,5.1,5.9,6.4,6.5,6.5,7.0,6.5,6.2,5.7,5.2,6.0",2023-12-16 07:20:46
1967423,The Fund For Peace,Fragile State Index,C1: Security Apparatus,2023,104,236,12,0.93303,2006,"1.0,1.0,1.0,1.1,1.4,1.6,1.7,1.8,2.1,1.8,1.8,2.1",2008,"1.3,1.4,1.6,1.6,1.9,2.2,2.7,2.8,2.9,3.2,3.464329018518069,3.5",2023-12-15 03:46:01
3469036,The Fund For Peace,Fragile State Index,E2: Economic Inequality,2023,104,236,12,0.9065,2006,"3.0,2.9,3.0,3.0,2.8,2.6,2.7,2.5,2.7,2.7,2.4,2.2",2008,"5.5,5.3,5.4,5.4,5.1,4.8,4.5,4.8,4.5,4.3,4.0,3.7",2023-12-16 18:11:34
2885536,The Fund For Peace,Fragile State Index,E1: Economy,2023,104,56,12,0.91397,2008,"2.0,2.7,3.3,3.9,3.8,3.9,4.2,4.1,3.6,3.4,3.1,2.8",2009,"4.0,4.3,5.0,5.4,5.8,6.4,6.7,6.4,6.0,5.7,5.4,5.1000000000000005",2023-12-16 07:20:45
4960007,The Fund For Peace,Fragile State Index,P1: State Legitimacy,2023,104,56,12,0.92516,2008,"1.5,1.8,1.6,2.0,2.2,1.9,1.8,1.5,1.2,1.0,0.7,0.7",2009,"5.4,5.2,5.0,5.2,5.5,5.6,5.3,5.0,4.8,4.5,4.2,3.9",2023-12-18 16:00:36
496084,The Fund For Peace,Fragile State Index,Total,2023,104,156,9,0.91667,2011,"25.3,26.5,24.8,26.1,24.6,22.5,22.3,20.7393047786885,20.6",2011,"24.8,25.6,22.7,24.1,22.6,21.3,22.6,20.888699780987427,20.1",2023-12-13 12:25:08
2526297,The Fund For Peace,Fragile State Index,C3: Group Grievance,2023,104,156,9,0.9374,2011,"1.3,1.6,1.6,1.6,1.9,1.6,1.4,1.1,1.0",2011,"3.5,3.8,3.5,3.8,4.1,3.8,3.6,3.3000000000000003,3.2",2023-12-15 14:38:03
2885473,The Fund For Peace,Fragile State Index,E1: Economy,2023,104,156,9,0.90441,2011,"3.9,3.8,3.9,4.2,4.1,3.6,3.4,3.1,2.8",2011,"3.8,3.9,3.6,3.9,3.9,3.8,3.6,3.3000000000000003,3.2",2023-12-16 07:20:38
495888,The Fund For Peace,Fragile State Index,Total,2023,104,170,9,0.90599,2011,"25.3,26.5,24.8,26.1,24.6,22.5,22.3,20.7393047786885,20.6",2010,"59.3,57.8,56.1,55.8,55.7,54.6,53.2,50.7,49.48072267554133",2023-12-13 12:24:55
4959334,The Fund For Peace,Fragile State Index,P1: State Legitimacy,2023,104,170,9,0.93806,2011,"2.0,2.2,1.9,1.8,1.5,1.2,1.0,0.7,0.7",2010,"4.8,4.6,4.6,4.7,4.6,4.0,3.7,3.2,3.031674531996406",2023-12-18 15:59:52
7095457,The Fund For Peace,Fragile State Index,X1: External Intervention,2023,104,170,9,0.91097,2011,"2.4,2.4,2.2,2.0,1.9,1.6,1.4,1.1,1.2",2010,"4.0,3.6,3.3,3.3,3.5,3.2,2.9,2.7,2.411286906401584",2023-12-20 12:41:17
496251,The Fund For Peace,Fragile State Index,Total,2023,104,239,9,0.91702,2011,"25.3,26.5,24.8,26.1,24.6,22.5,22.3,20.7393047786885,20.6",2015,"85.3,83.5,81.5,79.1,75.7,73.10388718030978,72.00000000000001,69.6,66.80000000000001",2023-12-13 12:25:19
4959470,The Fund For Peace,Fragile State Index,P1: State Legitimacy,2023,104,239,9,0.92723,2011,"2.0,2.2,1.9,1.8,1.5,1.2,1.0,0.7,0.7",2015,"9.6,9.7,9.5,9.5,9.5,9.440511660128443,9.3,9.2,9.0",2023-12-18 16:00:01
7095618,The Fund For Peace,Fragile State Index,X1: External Intervention,2023,104,239,9,0.90783,2011,"2.4,2.4,2.2,2.0,1.9,1.6,1.4,1.1,1.2",2015,"5.1,4.8,4.6,4.1,4.1,4.263375520181347,4.0,3.7,3.4",2023-12-20 12:41:28
1967390,The Fund For Peace,Fragile State Index,C1: Security Apparatus,2023,104,206,12,0.90323,2006,"1.0,1.0,1.0,1.1,1.4,1.6,1.7,1.8,2.1,1.8,1.8,2.1",2008,"3.9,4.3,4.1,4.5,4.8,5.1,4.9,5.3,5.8,6.1,6.4,6.5",2023-12-15 03:45:59
3469023,The Fund For Peace,Fragile State Index,E2: Economic Inequality,2023,104,206,12,0.9279,2006,"3.0,2.9,3.0,3.0,2.8,2.6,2.7,2.5,2.7,2.7,2.4,2.2",2008,"8.5,8.5,8.5,8.2,8.2,8.0,7.7,7.4,7.7,7.5,7.2,6.9",2023-12-16 18:11:33
1967449,The Fund For Peace,Fragile State Index,C1: Security Apparatus,2023,104,129,12,0.91757,2006,"1.0,1.0,1.0,1.1,1.4,1.6,1.7,1.8,2.1,1.8,1.8,2.1",2007,"6.1,5.8,5.9,6.4,6.8,6.9,7.0,6.8,7.1,7.3,7.1,7.199999999999999",2023-12-15 03:46:03
2337078,The Fund For Peace,Fragile State Index,C2: Factionalized Elites,2023,104,129,12,0.91346,2006,"1.0,1.0,1.0,1.3,1.5,1.4,1.4,1.3,1.3,1.3,1.5,1.5",2007,"6.7,7.0,7.1,7.7,8.0,7.8,7.5,7.6,7.6,7.8,7.8,7.8",2023-12-15 10:53:17
498440,The Fund For Peace,Fragile State Index,Total,2023,104,209,12,0.90222,2008,"19.9,21.6,22.4,25.3,26.5,24.8,26.1,24.6,22.5,22.3,20.7393047786885,20.6",2012,"108.4,110.6,112.9,114.5,113.8,113.9,113.35731518994112,112.2,110.75219038198196,109.4,108.4,108.5",2023-12-13 12:27:46
2885547,The Fund For Peace,Fragile State Index,E1: Economy,2023,104,209,12,0.92811,2008,"2.0,2.7,3.3,3.9,3.8,3.9,4.2,4.1,3.6,3.4,3.1,2.8",2012,"7.3,8.6,8.8,9.0,9.3,10.0,10.0,9.8,9.5,9.2,8.9,8.6",2023-12-16 07:20:46
1967438,The Fund For Peace,Fragile State Index,C1: Security Apparatus,2023,104,174,12,0.92539,2006,"1.0,1.0,1.0,1.1,1.4,1.6,1.7,1.8,2.1,1.8,1.8,2.1",2007,"7.6,7.4,7.7,7.9,8.3,8.4,8.7,8.8,9.1,9.4,9.7,9.8",2023-12-15 03:46:02
3469050,The Fund For Peace,Fragile State Index,E2: Economic Inequality,2023,104,174,12,0.9032,2006,"3.0,2.9,3.0,3.0,2.8,2.6,2.7,2.5,2.7,2.7,2.4,2.2",2007,"7.6,7.6,7.6,7.4,7.1,6.8,6.5,6.3,6.2,5.9,5.7,5.4",2023-12-16 18:11:35
1967422,The Fund For Peace,Fragile State Index,C1: Security Apparatus,2023,104,236,12,0.92284,2006,"1.0,1.0,1.0,1.1,1.4,1.6,1.7,1.8,2.1,1.8,1.8,2.1",2007,"1.3,1.3,1.4,1.6,1.6,1.9,2.2,2.7,2.8,2.9,3.2,3.464329018518069",2023-12-15 03:46:01
3469035,The Fund For Peace,Fragile State Index,E2: Economic Inequality,2023,104,236,12,0.90506,2006,"3.0,2.9,3.0,3.0,2.8,2.6,2.7,2.5,2.7,2.7,2.4,2.2",2007,"5.8,5.5,5.3,5.4,5.4,5.1,4.8,4.5,4.8,4.5,4.3,4.0",2023-12-16 18:11:34
496896,The Fund For Peace,Fragile State Index,Total,2023,104,122,9,0.90581,2011,"25.3,26.5,24.8,26.1,24.6,22.5,22.3,20.7393047786885,20.6",2015,"79.9,80.9,81.7,80.13336187638737,79.7,78.29011539823739,77.9,77.4,76.3",2023-12-13 12:26:05
4959703,The Fund For Peace,Fragile State Index,P1: State Legitimacy,2023,104,122,9,0.92861,2011,"2.0,2.2,1.9,1.8,1.5,1.2,1.0,0.7,0.7",2015,"6.4,6.1,5.9,5.6000000000000005,5.3,5.0,4.7,4.8,4.9",2023-12-18 16:00:16
7095841,The Fund For Peace,Fragile State Index,X1: External Intervention,2023,104,122,9,0.90405,2011,"2.4,2.4,2.2,2.0,1.9,1.6,1.4,1.1,1.2",2015,"7.8,8.0,7.8,7.5,7.2,6.9,7.0,7.1,6.8",2023-12-20 12:41:46
1967408,The Fund For Peace,Fragile State Index,C1: Security Apparatus,2023,104,52,12,0.90988,2006,"1.0,1.0,1.0,1.1,1.4,1.6,1.7,1.8,2.1,1.8,1.8,2.1",2009,"2.2,2.5,2.5,2.8,2.5,2.8,3.1,3.3,3.6,3.547397858341265,3.7,3.832739194810456",2023-12-15 03:46:01
3469028,The Fund For Peace,Fragile State Index,E2: Economic Inequality,2023,104,52,12,0.90877,2006,"3.0,2.9,3.0,3.0,2.8,2.6,2.7,2.5,2.7,2.7,2.4,2.2",2009,"6.7,6.5,6.5,6.4,6.1,5.8,5.5,5.5,5.3,5.0,4.7,4.4",2023-12-16 18:11:34
5365721,The Fund For Peace,Fragile State Index,P2: Public Services,2023,104,216,12,0.91035,2008,"2.0,2.3,2.4,2.2,2.2,1.9,2.2,1.9,1.6,1.4,1.441695562783806,1.4",2008,"1.4,1.6,1.4,1.6,1.7,1.4,1.7,1.4,1.1,1.0,0.9329727415066152,1.0",2023-12-19 00:09:21
7095861,The Fund For Peace,Fragile State Index,X1: External Intervention,2023,104,216,12,0.90771,2008,"1.5,1.5,1.3,2.4,2.4,2.2,2.0,1.9,1.6,1.4,1.1,1.2",2008,"0.9,1.2,1.0,1.4,1.7,1.4,1.6,1.3,1.0,1.0,0.7,0.7",2023-12-20 12:41:50
1967444,The Fund For Peace,Fragile State Index,C1: Security Apparatus,2023,104,182,12,0.91236,2006,"1.0,1.0,1.0,1.1,1.4,1.6,1.7,1.8,2.1,1.8,1.8,2.1",2008,"7.0,6.9,6.8,7.2,8.2,8.5,8.6,9.1,9.2,8.9,8.6,8.3",2023-12-15 03:46:03
3469054,The Fund For Peace,Fragile State Index,E2: Economic Inequality,2023,104,182,12,0.90397,2006,"3.0,2.9,3.0,3.0,2.8,2.6,2.7,2.5,2.7,2.7,2.4,2.2",2008,"7.9,8.1,7.9,7.6,7.3,7.0,6.7,6.4,6.4,6.2,5.9,5.6",2023-12-16 18:11:35
2337060,The Fund For Peace,Fragile State Index,C2: Factionalized Elites,2023,104,147,12,0.90206,2006,"1.0,1.0,1.0,1.3,1.5,1.4,1.4,1.3,1.3,1.3,1.5,1.5",2009,"6.2,6.2,6.3,6.6,6.6,6.6,6.6,6.6,6.6,6.6,6.6,6.6",2023-12-15 10:53:15
3469019,The Fund For Peace,Fragile State Index,E2: Economic Inequality,2023,104,147,12,0.91128,2006,"3.0,2.9,3.0,3.0,2.8,2.6,2.7,2.5,2.7,2.7,2.4,2.2",2009,"7.8,7.6,7.5,7.2,6.9,6.6,6.3,6.4,6.2,5.9,5.4,5.1000000000000005",2023-12-16 18:11:33
498096,The Fund For Peace,Fragile State Index,Total,2023,104,169,11,0.93985,2009,"21.6,22.4,25.3,26.5,24.8,26.1,24.6,22.5,22.3,20.7393047786885,20.6",2006,"79.4,79.6,83.6,84.6,84.6,84.4,82.2,80.8,79.5,79.4,79.7",2023-12-13 12:27:23
4959961,The Fund For Peace,Fragile State Index,P1: State Legitimacy,2023,104,169,11,0.9674,2009,"1.8,1.6,2.0,2.2,1.9,1.8,1.5,1.2,1.0,0.7,0.7",2006,"7.3,7.3,7.5,7.5,7.3,7.3,7.0,6.7,6.6,6.3,6.6",2023-12-18 16:00:33
1966935,The Fund For Peace,Fragile State Index,C1: Security Apparatus,2023,104,40,8,0.96751,2006,"1.0,1.0,1.0,1.1,1.4,1.6,1.7,1.8",2006,"1.0,1.0,1.0,1.1,1.2,1.5,1.8,1.8",2023-12-15 03:45:30
2336833,The Fund For Peace,Fragile State Index,C2: Factionalized Elites,2023,104,40,8,0.93013,2006,"1.0,1.0,1.0,1.3,1.5,1.4,1.4,1.3",2006,"1.6,1.6,1.8,2.4,2.4,2.5,2.5,2.5",2023-12-15 10:52:57
3468787,The Fund For Peace,Fragile State Index,E2: Economic Inequality,2023,104,40,8,0.92379,2006,"3.0,2.9,3.0,3.0,2.8,2.6,2.7,2.5",2006,"5.0,5.0,5.0,4.7,4.5,4.1,3.8,3.5",2023-12-16 18:11:16
1967343,The Fund For Peace,Fragile State Index,C1: Security Apparatus,2023,104,35,11,0.9364,2006,"1.0,1.0,1.0,1.1,1.4,1.6,1.7,1.8,2.1,1.8,1.8",2012,"7.1,7.2,6.9,7.4,8.1,8.4,8.5,8.2,8.7,9.0,8.7",2023-12-15 03:45:56
2337042,The Fund For Peace,Fragile State Index,C2: Factionalized Elites,2023,104,35,11,0.94226,2006,"1.0,1.0,1.0,1.3,1.5,1.4,1.4,1.3,1.3,1.3,1.5",2012,"7.3,7.3,7.3,7.8,8.1,7.8,7.8,7.8,7.8,7.8,7.8",2023-12-15 10:53:14
497795,The Fund For Peace,Fragile State Index,Total,2023,104,196,11,0.94243,2009,"21.6,22.4,25.3,26.5,24.8,26.1,24.6,22.5,22.3,20.7393047786885,20.6",2011,"76.8,79.3,81.4,82.8,82.9,83.6,82.3,79.62828847155544,77.2,74.5646477541905,73.39999999999999",2023-12-13 12:27:03
4959886,The Fund For Peace,Fragile State Index,P1: State Legitimacy,2023,104,196,11,0.93208,2009,"1.8,1.6,2.0,2.2,1.9,1.8,1.5,1.2,1.0,0.7,0.7",2011,"5.9,6.0,5.9,6.0,5.5,5.2,4.7,4.4,4.1,3.8,3.6",2023-12-18 16:00:28
1966911,The Fund For Peace,Fragile State Index,C1: Security Apparatus,2023,104,140,8,0.92726,2006,"1.0,1.0,1.0,1.1,1.4,1.6,1.7,1.8",2006,"6.0,6.1,5.8,7.0,7.5,7.9,7.7,7.9",2023-12-15 03:45:28
2336821,The Fund For Peace,Fragile State Index,C2: Factionalized Elites,2023,104,140,8,0.95143,2006,"1.0,1.0,1.0,1.3,1.5,1.4,1.4,1.3",2006,"4.7,4.8,4.8,5.0,5.5,5.2,5.2,5.2",2023-12-15 10:52:56
3468772,The Fund For Peace,Fragile State Index,E2: Economic Inequality,2023,104,140,8,0.92917,2006,"3.0,2.9,3.0,3.0,2.8,2.6,2.7,2.5",2006,"8.3,8.4,8.4,8.2,8.0,7.7,7.5,7.2",2023-12-16 18:11:15
1967375,The Fund For Peace,Fragile State Index,C1: Security Apparatus,2023,104,122,11,0.9435,2006,"1.0,1.0,1.0,1.1,1.4,1.6,1.7,1.8,2.1,1.8,1.8",2012,"5.5,5.2,4.9,5.6,5.9,6.2,6.192950347524725,6.5,6.680287113355039,6.4,6.1",2023-12-15 03:45:58
2337055,The Fund For Peace,Fragile State Index,C2: Factionalized Elites,2023,104,122,11,0.92086,2006,"1.0,1.0,1.0,1.3,1.5,1.4,1.4,1.3,1.3,1.3,1.5",2012,"7.0,7.0,7.0,7.3,7.3,7.3,7.3,7.3,7.3,7.3,7.3",2023-12-15 10:53:15
497812,The Fund For Peace,Fragile State Index,Total,2023,104,82,11,0.90131,2009,"21.6,22.4,25.3,26.5,24.8,26.1,24.6,22.5,22.3,20.7393047786885,20.6",2011,"67.7,67.5,69.1,70.7,71.8,71.2,69.7,68.1221863165064,65.9,64.15816913182405,63.900000000000006",2023-12-13 12:27:04
4959892,The Fund For Peace,Fragile State Index,P1: State Legitimacy,2023,104,82,11,0.95999,2009,"1.8,1.6,2.0,2.2,1.9,1.8,1.5,1.2,1.0,0.7,0.7",2011,"4.8,4.8,5.1,4.8,5.0,4.7,4.2,3.9,3.6,3.3000000000000003,3.2",2023-12-18 16:00:28
2526330,The Fund For Peace,Fragile State Index,C3: Group Grievance,2023,104,203,11,0.94356,2009,"1.0,1.0,1.3,1.6,1.6,1.6,1.9,1.6,1.4,1.1,1.0",2012,"3.3,3.3,3.6,3.9,4.2,4.5,4.5,4.2,3.9,3.6,3.3",2023-12-15 14:38:07
4959930,The Fund For Peace,Fragile State Index,P1: State Legitimacy,2023,104,203,11,0.91271,2009,"1.8,1.6,2.0,2.2,1.9,1.8,1.5,1.2,1.0,0.7,0.7",2012,"2.7,2.8,2.9,2.6,2.9,2.7,2.4000000000000004,2.1,1.8,1.9,1.7",2023-12-18 16:00:31
1967314,The Fund For Peace,Fragile State Index,C1: Security Apparatus,2023,104,40,11,0.95316,2006,"1.0,1.0,1.0,1.1,1.4,1.6,1.7,1.8,2.1,1.8,1.8",2006,"1.0,1.0,1.0,1.1,1.2,1.5,1.8,1.8,2.1,2.2,1.9",2023-12-15 03:45:55
2337036,The Fund For Peace,Fragile State Index,C2: Factionalized Elites,2023,104,40,11,0.90083,2006,"1.0,1.0,1.0,1.3,1.5,1.4,1.4,1.3,1.3,1.3,1.5",2006,"1.6,1.6,1.8,2.4,2.4,2.5,2.5,2.5,2.5,2.5,2.5",2023-12-15 10:53:13
1967296,The Fund For Peace,Fragile State Index,C1: Security Apparatus,2023,104,133,11,0.93575,2006,"1.0,1.0,1.0,1.1,1.4,1.6,1.7,1.8,2.1,1.8,1.8",2009,"6.5,7.0,7.1,7.1,8.1,8.0,8.7,9.2,9.0,9.3,9.5",2023-12-15 03:45:53
4491355,The Fund For Peace,Fragile State Index,E3: Human Flight and Brain Drain,2023,104,133,11,0.91225,2006,"2.0,2.1,2.0,2.0,2.0,2.4,3.0,2.8,3.1,2.8,2.5",2009,"7.4,7.5,7.3,7.3,7.8,8.1,8.4,8.7,8.5,8.5609907046705,8.3",2023-12-18 07:20:20
1967373,The Fund For Peace,Fragile State Index,C1: Security Apparatus,2023,104,129,11,0.91439,2006,"1.0,1.0,1.0,1.1,1.4,1.6,1.7,1.8,2.1,1.8,1.8",2007,"6.1,5.8,5.9,6.4,6.8,6.9,7.0,6.8,7.1,7.3,7.1",2023-12-15 03:45:58
2337054,The Fund For Peace,Fragile State Index,C2: Factionalized Elites,2023,104,129,11,0.91531,2006,"1.0,1.0,1.0,1.3,1.5,1.4,1.4,1.3,1.3,1.3,1.5",2007,"6.7,7.0,7.1,7.7,8.0,7.8,7.5,7.6,7.6,7.8,7.8",2023-12-15 10:53:15
1967304,The Fund For Peace,Fragile State Index,C1: Security Apparatus,2023,104,206,11,0.90711,2006,"1.0,1.0,1.0,1.1,1.4,1.6,1.7,1.8,2.1,1.8,1.8",2010,"4.1,4.5,4.8,5.1,4.9,5.3,5.8,6.1,6.4,6.5,6.719999693225616",2023-12-15 03:45:54
4491357,The Fund For Peace,Fragile State Index,E3: Human Flight and Brain Drain,2023,104,206,11,0.92108,2006,"2.0,2.1,2.0,2.0,2.0,2.4,3.0,2.8,3.1,2.8,2.5",2010,"4.4,4.1,4.0,4.3,4.6,4.9,5.2,5.5,5.8,5.5,5.2",2023-12-18 07:20:20
1967249,The Fund For Peace,Fragile State Index,C1: Security Apparatus,2023,104,35,10,0.93178,2006,"1.0,1.0,1.0,1.1,1.4,1.6,1.7,1.8,2.1,1.8",2012,"7.1,7.2,6.9,7.4,8.1,8.4,8.5,8.2,8.7,9.0",2023-12-15 03:45:50
2337001,The Fund For Peace,Fragile State Index,C2: Factionalized Elites,2023,104,35,10,0.97669,2006,"1.0,1.0,1.0,1.3,1.5,1.4,1.4,1.3,1.3,1.3",2012,"7.3,7.3,7.3,7.8,8.1,7.8,7.8,7.8,7.8,7.8",2023-12-15 10:53:10
497470,The Fund For Peace,Fragile State Index,Total,2023,104,169,10,0.93474,2010,"22.4,25.3,26.5,24.8,26.1,24.6,22.5,22.3,20.7393047786885,20.6",2007,"79.6,83.6,84.6,84.6,84.4,82.2,80.8,79.5,79.4,79.7",2023-12-13 12:26:41
4959815,The Fund For Peace,Fragile State Index,P1: State Legitimacy,2023,104,169,10,0.96607,2010,"1.6,2.0,2.2,1.9,1.8,1.5,1.2,1.0,0.7,0.7",2007,"7.3,7.5,7.5,7.3,7.3,7.0,6.7,6.6,6.3,6.6",2023-12-18 16:00:23
1967285,The Fund For Peace,Fragile State Index,C1: Security Apparatus,2023,104,122,10,0.95507,2006,"1.0,1.0,1.0,1.1,1.4,1.6,1.7,1.8,2.1,1.8",2012,"5.5,5.2,4.9,5.6,5.9,6.2,6.192950347524725,6.5,6.680287113355039,6.4",2023-12-15 03:45:53
2337025,The Fund For Peace,Fragile State Index,C2: Factionalized Elites,2023,104,122,10,0.93713,2006,"1.0,1.0,1.0,1.3,1.5,1.4,1.4,1.3,1.3,1.3",2012,"7.0,7.0,7.0,7.3,7.3,7.3,7.3,7.3,7.3,7.3",2023-12-15 10:53:12
1967188,The Fund For Peace,Fragile State Index,C1: Security Apparatus,2023,104,133,10,0.94242,2006,"1.0,1.0,1.0,1.1,1.4,1.6,1.7,1.8,2.1,1.8",2008,"5.9,6.5,7.0,7.1,7.1,8.1,8.0,8.7,9.2,9.0",2023-12-15 03:45:46
4491304,The Fund For Peace,Fragile State Index,E3: Human Flight and Brain Drain,2023,104,133,10,0.94775,2006,"2.0,2.1,2.0,2.0,2.0,2.4,3.0,2.8,3.1,2.8",2008,"7.4,7.4,7.5,7.3,7.3,7.8,8.1,8.4,8.7,8.5",2023-12-18 07:20:16
2336993,The Fund For Peace,Fragile State Index,C2: Factionalized Elites,2023,104,235,10,0.94224,2006,"1.0,1.0,1.0,1.3,1.5,1.4,1.4,1.3,1.3,1.3",2007,"2.7,2.7,2.9,3.2,3.6,3.6,3.5,3.5,3.5,3.5",2023-12-15 10:53:09
3468994,The Fund For Peace,Fragile State Index,E2: Economic Inequality,2023,104,235,10,0.94155,2006,"3.0,2.9,3.0,3.0,2.8,2.6,2.7,2.5,2.7,2.7",2007,"4.7,4.5,4.7,4.5,4.2,3.9,3.6,3.4,3.7,3.8",2023-12-16 18:11:30
496970,The Fund For Peace,Fragile State Index,Total,2023,104,82,10,0.92411,2010,"22.4,25.3,26.5,24.8,26.1,24.6,22.5,22.3,20.7393047786885,20.6",2012,"67.5,69.1,70.7,71.8,71.2,69.7,68.1221863165064,65.9,64.15816913182405,63.900000000000006",2023-12-13 12:26:09
4959720,The Fund For Peace,Fragile State Index,P1: State Legitimacy,2023,104,82,10,0.95874,2010,"1.6,2.0,2.2,1.9,1.8,1.5,1.2,1.0,0.7,0.7",2012,"4.8,5.1,4.8,5.0,4.7,4.2,3.9,3.6,3.3000000000000003,3.2",2023-12-18 16:00:17
496931,The Fund For Peace,Fragile State Index,Total,2023,104,196,10,0.93871,2010,"22.4,25.3,26.5,24.8,26.1,24.6,22.5,22.3,20.7393047786885,20.6",2012,"79.3,81.4,82.8,82.9,83.6,82.3,79.62828847155544,77.2,74.5646477541905,73.39999999999999",2023-12-13 12:26:07
4959712,The Fund For Peace,Fragile State Index,P1: State Legitimacy,2023,104,196,10,0.93552,2010,"1.6,2.0,2.2,1.9,1.8,1.5,1.2,1.0,0.7,0.7",2012,"6.0,5.9,6.0,5.5,5.2,4.7,4.4,4.1,3.8,3.6",2023-12-18 16:00:17
497430,The Fund For Peace,Fragile State Index,Total,2023,104,142,10,0.90262,2010,"22.4,25.3,26.5,24.8,26.1,24.6,22.5,22.3,20.7393047786885,20.6",2006,"82.5,85.7,85.7,85.1,83.8,81.2,78.7,76.5,75.1,73.0",2023-12-13 12:26:38
4959811,The Fund For Peace,Fragile State Index,P1: State Legitimacy,2023,104,142,10,0.96854,2010,"1.6,2.0,2.2,1.9,1.8,1.5,1.2,1.0,0.7,0.7",2006,"7.4,7.9,8.3,8.1,7.9,7.6,7.4,6.9,6.6,6.3",2023-12-18 16:00:23
1967189,The Fund For Peace,Fragile State Index,C1: Security Apparatus,2023,104,133,10,0.94249,2006,"1.0,1.0,1.0,1.1,1.4,1.6,1.7,1.8,2.1,1.8",2009,"6.5,7.0,7.1,7.1,8.1,8.0,8.7,9.2,9.0,9.3",2023-12-15 03:45:46
4491305,The Fund For Peace,Fragile State Index,E3: Human Flight and Brain Drain,2023,104,133,10,0.92002,2006,"2.0,2.1,2.0,2.0,2.0,2.4,3.0,2.8,3.1,2.8",2009,"7.4,7.5,7.3,7.3,7.8,8.1,8.4,8.7,8.5,8.5609907046705",2023-12-18 07:20:16
1967210,The Fund For Peace,Fragile State Index,C1: Security Apparatus,2023,104,40,10,0.94955,2006,"1.0,1.0,1.0,1.1,1.4,1.6,1.7,1.8,2.1,1.8",2006,"1.0,1.0,1.0,1.1,1.2,1.5,1.8,1.8,2.1,2.2",2023-12-15 03:45:48
2336988,The Fund For Peace,Fragile State Index,C2: Factionalized Elites,2023,104,40,10,0.91022,2006,"1.0,1.0,1.0,1.3,1.5,1.4,1.4,1.3,1.3,1.3",2006,"1.6,1.6,1.8,2.4,2.4,2.5,2.5,2.5,2.5,2.5",2023-12-15 10:53:09
1967180,The Fund For Peace,Fragile State Index,C1: Security Apparatus,2023,104,124,10,0.93667,2006,"1.0,1.0,1.0,1.1,1.4,1.6,1.7,1.8,2.1,1.8",2008,"5.6,5.4,5.2,5.9,9.0,8.9,9.2,9.3,9.6,9.6",2023-12-15 03:45:46
4491295,The Fund For Peace,Fragile State Index,E3: Human Flight and Brain Drain,2023,104,124,10,0.92287,2006,"2.0,2.1,2.0,2.0,2.0,2.4,3.0,2.8,3.1,2.8",2008,"4.0,4.0,4.2,3.9,3.9,4.2,5.5,6.4,6.5,6.3",2023-12-18 07:20:16
2336986,The Fund For Peace,Fragile State Index,C2: Factionalized Elites,2023,104,21,10,0.93713,2006,"1.0,1.0,1.0,1.3,1.5,1.4,1.4,1.3,1.3,1.3",2014,"3.9,3.9,3.9,4.4,4.4,4.4,4.4,4.4,4.4,4.4",2023-12-15 10:53:09
4491312,The Fund For Peace,Fragile State Index,E3: Human Flight and Brain Drain,2023,104,21,10,0.91639,2006,"2.0,2.1,2.0,2.0,2.0,2.4,3.0,2.8,3.1,2.8",2014,"1.9,1.9,1.6,1.6,1.7000000000000002,2.0,2.3,2.5,2.6,2.7",2023-12-18 07:20:17
1967198,The Fund For Peace,Fragile State Index,C1: Security Apparatus,2023,104,206,10,0.91952,2006,"1.0,1.0,1.0,1.1,1.4,1.6,1.7,1.8,2.1,1.8",2010,"4.1,4.5,4.8,5.1,4.9,5.3,5.8,6.1,6.4,6.5",2023-12-15 03:45:47
4491308,The Fund For Peace,Fragile State Index,E3: Human Flight and Brain Drain,2023,104,206,10,0.92767,2006,"2.0,2.1,2.0,2.0,2.0,2.4,3.0,2.8,3.1,2.8",2010,"4.4,4.1,4.0,4.3,4.6,4.9,5.2,5.5,5.8,5.5",2023-12-18 07:20:17
2336973,The Fund For Peace,Fragile State Index,C2: Factionalized Elites,2023,104,147,10,0.92626,2006,"1.0,1.0,1.0,1.3,1.5,1.4,1.4,1.3,1.3,1.3",2009,"6.2,6.2,6.3,6.6,6.6,6.6,6.6,6.6,6.6,6.6",2023-12-15 10:53:08
4491302,The Fund For Peace,Fragile State Index,E3: Human Flight and Brain Drain,2023,104,147,10,0.91699,2006,"2.0,2.1,2.0,2.0,2.0,2.4,3.0,2.8,3.1,2.8",2009,"6.2,6.4,6.4,6.7,7.0,7.3,7.6,7.9,8.2,8.02149619410298",2023-12-18 07:20:16
2526320,The Fund For Peace,Fragile State Index,C3: Group Grievance,2023,104,203,10,0.93324,2010,"1.0,1.3,1.6,1.6,1.6,1.9,1.6,1.4,1.1,1.0",2013,"3.3,3.6,3.9,4.2,4.5,4.5,4.2,3.9,3.6,3.3",2023-12-15 14:38:05
4959769,The Fund For Peace,Fragile State Index,P1: State Legitimacy,2023,104,203,10,0.90902,2010,"1.6,2.0,2.2,1.9,1.8,1.5,1.2,1.0,0.7,0.7",2013,"2.8,2.9,2.6,2.9,2.7,2.4000000000000004,2.1,1.8,1.9,1.7",2023-12-18 16:00:20
497138,The Fund For Peace,Fragile State Index,Total,2023,104,216,10,0.90733,2010,"22.4,25.3,26.5,24.8,26.1,24.6,22.5,22.3,20.7393047786885,20.6",2010,"21.8,23.2,23.3,21.5,23.3,22.3,21.8,21.1,19.20952631375106,18.7",2023-12-13 12:26:20
7095850,The Fund For Peace,Fragile State Index,X1: External Intervention,2023,104,216,10,0.92434,2010,"1.3,2.4,2.4,2.2,2.0,1.9,1.6,1.4,1.1,1.2",2010,"1.0,1.4,1.7,1.4,1.6,1.3,1.0,1.0,0.7,0.7",2023-12-20 12:41:47
497771,The Fund For Peace,Fragile State Index,Total,2023,104,122,10,0.90372,2010,"22.4,25.3,26.5,24.8,26.1,24.6,22.5,22.3,20.7393047786885,20.6",2014,"78.6,79.9,80.9,81.7,80.13336187638737,79.7,78.29011539823739,77.9,77.4,76.3",2023-12-13 12:27:01
4959879,The Fund For Peace,Fragile State Index,P1: State Legitimacy,2023,104,122,10,0.92771,2010,"1.6,2.0,2.2,1.9,1.8,1.5,1.2,1.0,0.7,0.7",2014,"5.7,6.4,6.1,5.9,5.6000000000000005,5.3,5.0,4.7,4.8,4.9",2023-12-18 16:00:27
1967284,The Fund For Peace,Fragile State Index,C1: Security Apparatus,2023,104,129,10,0.90765,2006,"1.0,1.0,1.0,1.1,1.4,1.6,1.7,1.8,2.1,1.8",2007,"6.1,5.8,5.9,6.4,6.8,6.9,7.0,6.8,7.1,7.3",2023-12-15 03:45:53
2337023,The Fund For Peace,Fragile State Index,C2: Factionalized Elites,2023,104,129,10,0.92044,2006,"1.0,1.0,1.0,1.3,1.5,1.4,1.4,1.3,1.3,1.3",2007,"6.7,7.0,7.1,7.7,8.0,7.8,7.5,7.6,7.6,7.8",2023-12-15 10:53:12
1967209,The Fund For Peace,Fragile State Index,C1: Security Apparatus,2023,104,44,10,0.92051,2006,"1.0,1.0,1.0,1.1,1.4,1.6,1.7,1.8,2.1,1.8",2013,"2.9,2.8,3.1,2.9,3.2,3.5,3.8,4.1,3.8,3.9",2023-12-15 03:45:48
2336987,The Fund For Peace,Fragile State Index,C2: Factionalized Elites,2023,104,44,10,0.90202,2006,"1.0,1.0,1.0,1.3,1.5,1.4,1.4,1.3,1.3,1.3",2013,"1.4,1.7,1.7,2.2,2.2,2.2,2.2,2.2,2.2,2.2",2023-12-15 10:53:09
4959580,The Fund For Peace,Fragile State Index,P1: State Legitimacy,2023,104,16,9,0.97874,2011,"2.0,2.2,1.9,1.8,1.5,1.2,1.0,0.7,0.7",2009,"5.5,5.5,5.2,4.9,4.9,4.6,4.3,4.0,3.8",2023-12-18 16:00:08
7095782,The Fund For Peace,Fragile State Index,X1: External Intervention,2023,104,16,9,0.98619,2011,"2.4,2.4,2.2,2.0,1.9,1.6,1.4,1.1,1.2",2009,"5.3,5.3,4.9,4.6,4.3,4.0,3.7,3.4,3.7",2023-12-20 12:41:41
496304,The Fund For Peace,Fragile State Index,Total,2023,104,101,9,0.95899,2011,"25.3,26.5,24.8,26.1,24.6,22.5,22.3,20.7393047786885,20.6",2008,"83.3,84.1,83.1,81.6,80.6,78.2,76.8,75.0,74.9",2023-12-13 12:25:23
7095637,The Fund For Peace,Fragile State Index,X1: External Intervention,2023,104,101,9,0.99682,2011,"2.4,2.4,2.2,2.0,1.9,1.6,1.4,1.1,1.2",2008,"6.9,6.9,6.7,6.5,6.2,5.9,5.6,5.3,5.4",2023-12-20 12:41:29
496318,The Fund For Peace,Fragile State Index,Total,2023,104,114,9,0.97532,2011,"25.3,26.5,24.8,26.1,24.6,22.5,22.3,20.7393047786885,20.6",2015,"97.3,98.3,96.4,97.38051499327098,93.5,90.31586992597772,89.2,88.19999999999997,87.8",2023-12-13 12:25:24
7095647,The Fund For Peace,Fragile State Index,X1: External Intervention,2023,104,114,9,0.97971,2011,"2.4,2.4,2.2,2.0,1.9,1.6,1.4,1.1,1.2",2015,"8.0,8.3,8.1,7.8,7.5,7.2,6.9,6.6,6.9",2023-12-20 12:41:30
4959452,The Fund For Peace,Fragile State Index,P1: State Legitimacy,2023,104,203,9,0.96798,2011,"2.0,2.2,1.9,1.8,1.5,1.2,1.0,0.7,0.7",2015,"2.6,2.9,2.7,2.4000000000000004,2.1,1.8,1.9,1.7,1.4",2023-12-18 16:00:00
7095604,The Fund For Peace,Fragile State Index,X1: External Intervention,2023,104,203,9,0.98579,2011,"2.4,2.4,2.2,2.0,1.9,1.6,1.4,1.1,1.2",2015,"2.3,2.5,2.3,2.0,1.7,1.4,1.1,0.8,1.1",2023-12-20 12:41:27
4959689,The Fund For Peace,Fragile State Index,P1: State Legitimacy,2023,104,129,9,0.96412,2011,"2.0,2.2,1.9,1.8,1.5,1.2,1.0,0.7,0.7",2013,"7.2,7.3,7.2,7.3,7.1,6.8,6.5,6.24142287084925,6.3",2023-12-18 16:00:15
7095836,The Fund For Peace,Fragile State Index,X1: External Intervention,2023,104,129,9,0.9859,2011,"2.4,2.4,2.2,2.0,1.9,1.6,1.4,1.1,1.2",2013,"7.7,7.6,7.3,7.0,6.8,6.5,6.2,5.9,5.6",2023-12-20 12:41:46
496603,The Fund For Peace,Fragile State Index,Total,2023,104,219,9,0.9711,2011,"25.3,26.5,24.8,26.1,24.6,22.5,22.3,20.7393047786885,20.6",2013,"85.2,84.6,83.4,83.8,81.8,79.5020376295363,77.7,75.50515391672525,75.1",2023-12-13 12:25:44
7095740,The Fund For Peace,Fragile State Index,X1: External Intervention,2023,104,219,9,0.97734,2011,"2.4,2.4,2.2,2.0,1.9,1.6,1.4,1.1,1.2",2013,"6.4,6.7,6.4,6.1,5.9,5.600030914735103,5.3,5.182169395074785,4.9",2023-12-20 12:41:37
4959381,The Fund For Peace,Fragile State Index,P1: State Legitimacy,2023,104,120,9,0.96794,2011,"2.0,2.2,1.9,1.8,1.5,1.2,1.0,0.7,0.7",2015,"3.9,3.6,3.4,3.1,2.8,2.5,2.2,2.1,1.8",2023-12-18 15:59:55
7095508,The Fund For Peace,Fragile State Index,X1: External Intervention,2023,104,120,9,0.97971,2011,"2.4,2.4,2.2,2.0,1.9,1.6,1.4,1.1,1.2",2015,"3.8,4.1,3.9,3.6,3.3,3.0,2.7,2.4,2.7",2023-12-20 12:41:20
2885481,The Fund For Peace,Fragile State Index,E1: Economy,2023,104,239,9,0.98438,2011,"3.9,3.8,3.9,4.2,4.1,3.6,3.4,3.1,2.8",2010,"7.0,6.8,7.1,7.2,7.1,6.8,6.5,6.3,6.1",2023-12-16 07:20:38
7095614,The Fund For Peace,Fragile State Index,X1: External Intervention,2023,104,239,9,0.96291,2011,"2.4,2.4,2.2,2.0,1.9,1.6,1.4,1.1,1.2",2010,"6.2,6.0,5.7,5.4,5.4,5.1,4.8,4.6,4.1",2023-12-20 12:41:28
495997,The Fund For Peace,Fragile State Index,Total,2023,104,113,9,0.95654,2011,"25.3,26.5,24.8,26.1,24.6,22.5,22.3,20.7393047786885,20.6",2009,"72.5,72.7,70.2,70.9,69.8,68.5,68.3,66.5,65.9",2023-12-13 12:25:02
7095497,The Fund For Peace,Fragile State Index,X1: External Intervention,2023,104,113,9,0.98801,2011,"2.4,2.4,2.2,2.0,1.9,1.6,1.4,1.1,1.2",2009,"6.4,6.2,5.9,5.6,5.3,5.0,4.7,4.4,4.2",2023-12-20 12:41:20
496589,The Fund For Peace,Fragile State Index,Total,2023,104,119,9,0.96663,2011,"25.3,26.5,24.8,26.1,24.6,22.5,22.3,20.7393047786885,20.6",2013,"83.7,84.3,84.4,84.4,82.4,80.72431003670523,78.7,76.86018745028443,76.0",2023-12-13 12:25:43
7095727,The Fund For Peace,Fragile State Index,X1: External Intervention,2023,104,119,9,0.9774,2011,"2.4,2.4,2.2,2.0,1.9,1.6,1.4,1.1,1.2",2013,"6.6,6.9,6.6,6.3,6.1,5.8,5.5,5.2,4.9",2023-12-20 12:41:34
496760,The Fund For Peace,Fragile State Index,Total,2023,104,86,9,0.96169,2011,"25.3,26.5,24.8,26.1,24.6,22.5,22.3,20.7393047786885,20.6",2013,"64.6,65.2,63.5,63.0,61.5,59.9,57.6,55.24684546356435,56.1",2023-12-13 12:25:56
4959631,The Fund For Peace,Fragile State Index,P1: State Legitimacy,2023,104,86,9,0.98135,2011,"2.0,2.2,1.9,1.8,1.5,1.2,1.0,0.7,0.7",2013,"6.2,6.2,5.9,5.6,5.4,5.2,4.9,4.6000000000000005,4.3",2023-12-18 16:00:11
4959607,The Fund For Peace,Fragile State Index,P1: State Legitimacy,2023,104,213,9,0.97282,2011,"2.0,2.2,1.9,1.8,1.5,1.2,1.0,0.7,0.7",2014,"5.8,5.5,5.2,5.0,4.7,4.4,4.1000000000000005,3.8,3.5",2023-12-18 16:00:10
7095787,The Fund For Peace,Fragile State Index,X1: External Intervention,2023,104,213,9,0.96914,2011,"2.4,2.4,2.2,2.0,1.9,1.6,1.4,1.1,1.2",2014,"6.2,6.2,6.1,5.9,5.6000000000000005,5.3,5.322306831094723,5.0,4.7",2023-12-20 12:41:42
4959646,The Fund For Peace,Fragile State Index,P1: State Legitimacy,2023,104,127,9,0.96573,2011,"2.0,2.2,1.9,1.8,1.5,1.2,1.0,0.7,0.7",2010,"2.7,2.5,2.2,1.9,1.6,1.3,1.0,1.0,0.7",2023-12-18 16:00:12
7095798,The Fund For Peace,Fragile State Index,X1: External Intervention,2023,104,127,9,0.97484,2011,"2.4,2.4,2.2,2.0,1.9,1.6,1.4,1.1,1.2",2010,"2.3,2.6,2.3,2.0,1.9,1.6,1.3,1.1,0.8",2023-12-20 12:41:43
496629,The Fund For Peace,Fragile State Index,Total,2023,104,229,9,0.96264,2011,"25.3,26.5,24.8,26.1,24.6,22.5,22.3,20.7393047786885,20.6",2013,"76.7,78.2,77.4,76.0,74.4,72.62111503765558,71.4,69.05814193586684,68.20000000000002",2023-12-13 12:25:46
7095753,The Fund For Peace,Fragile State Index,X1: External Intervention,2023,104,229,9,0.9774,2011,"2.4,2.4,2.2,2.0,1.9,1.6,1.4,1.1,1.2",2013,"4.6,4.9,4.6,4.3,4.1,3.8,3.5,3.2,2.9",2023-12-20 12:41:39
496635,The Fund For Peace,Fragile State Index,Total,2023,104,92,9,0.95727,2011,"25.3,26.5,24.8,26.1,24.6,22.5,22.3,20.7393047786885,20.6",2014,"100.6,99.9,99.8,99.5,98.09458991085197,95.5,92.90207550854626,92.0,91.3",2023-12-13 12:25:46
7095758,The Fund For Peace,Fragile State Index,X1: External Intervention,2023,104,92,9,0.98258,2011,"2.4,2.4,2.2,2.0,1.9,1.6,1.4,1.1,1.2",2014,"9.1,8.8,8.5,8.3,8.3,8.0,7.7,7.4,7.5",2023-12-20 12:41:39
495831,The Fund For Peace,Fragile State Index,Total,2023,104,196,9,0.94971,2011,"25.3,26.5,24.8,26.1,24.6,22.5,22.3,20.7393047786885,20.6",2013,"81.4,82.8,82.9,83.6,82.3,79.62828847155544,77.2,74.5646477541905,73.39999999999999",2023-12-13 12:24:51
4959315,The Fund For Peace,Fragile State Index,P1: State Legitimacy,2023,104,196,9,0.98887,2011,"2.0,2.2,1.9,1.8,1.5,1.2,1.0,0.7,0.7",2013,"5.9,6.0,5.5,5.2,4.7,4.4,4.1,3.8,3.6",2023-12-18 15:59:51
496851,The Fund For Peace,Fragile State Index,Total,2023,104,222,9,0.96043,2011,"25.3,26.5,24.8,26.1,24.6,22.5,22.3,20.7393047786885,20.6",2014,"91.0,90.5,90.8,90.5,88.25683064064846,85.5,82.66311377505994,80.9,79.3",2023-12-13 12:26:02
4959677,The Fund For Peace,Fragile State Index,P1: State Legitimacy,2023,104,222,9,0.97688,2011,"2.0,2.2,1.9,1.8,1.5,1.2,1.0,0.7,0.7",2014,"7.7,7.4,7.1,6.9,6.4,6.1,5.8,5.5,5.2",2023-12-18 16:00:13
4959301,The Fund For Peace,Fragile State Index,P1: State Legitimacy,2023,104,29,9,0.96698,2011,"2.0,2.2,1.9,1.8,1.5,1.2,1.0,0.7,0.7",2012,"4.7,4.4,4.1,3.8,3.5,3.3,3.0,2.7,2.4000000000000004",2023-12-18 15:59:50
7095424,The Fund For Peace,Fragile State Index,X1: External Intervention,2023,104,29,9,0.97012,2011,"2.4,2.4,2.2,2.0,1.9,1.6,1.4,1.1,1.2",2012,"5.1,4.8,4.9,4.6,4.3,4.1,3.8,3.5,3.2",2023-12-20 12:41:15
496255,The Fund For Peace,Fragile State Index,Total,2023,104,183,9,0.95024,2011,"25.3,26.5,24.8,26.1,24.6,22.5,22.3,20.7393047786885,20.6",2015,"90.2,91.3,90.8,89.28772432240727,87.5,86.02952230051775,84.99999999999999,83.7,82.30000000000001",2023-12-13 12:25:19
7095622,The Fund For Peace,Fragile State Index,X1: External Intervention,2023,104,183,9,0.98602,2011,"2.4,2.4,2.2,2.0,1.9,1.6,1.4,1.1,1.2",2015,"7.8,7.7,7.5,7.2,6.9,6.6000000000000005,6.3,6.0,5.7",2023-12-20 12:41:28
495828,The Fund For Peace,Fragile State Index,Total,2023,104,131,9,0.95517,2011,"25.3,26.5,24.8,26.1,24.6,22.5,22.3,20.7393047786885,20.6",2014,"66.2,65.9,66.1,65.4,63.59483707832034,60.5,57.561895525091394,56.89999999999999,56.4",2023-12-13 12:24:51
7095440,The Fund For Peace,Fragile State Index,X1: External Intervention,2023,104,131,9,0.98068,2011,"2.4,2.4,2.2,2.0,1.9,1.6,1.4,1.1,1.2",2014,"4.1,4.2,4.0,3.8,3.5,3.2,2.9000000000000004,2.6,2.3",2023-12-20 12:41:16
496168,The Fund For Peace,Fragile State Index,Total,2023,104,238,9,0.95208,2011,"25.3,26.5,24.8,26.1,24.6,22.5,22.3,20.7393047786885,20.6",2008,"41.4,41.2,41.3,40.4,40.5,38.4,37.9,36.4,36.2",2023-12-13 12:25:14
4959433,The Fund For Peace,Fragile State Index,P1: State Legitimacy,2023,104,238,9,0.98331,2011,"2.0,2.2,1.9,1.8,1.5,1.2,1.0,0.7,0.7",2008,"2.9,2.8,2.6,2.5,2.2,1.7,1.6,1.4,1.1",2023-12-18 15:59:59
2885456,The Fund For Peace,Fragile State Index,E1: Economy,2023,104,131,9,0.94129,2011,"3.9,3.8,3.9,4.2,4.1,3.6,3.4,3.1,2.8",2007,"4.6,4.2,4.7,5.1,4.9,4.6,4.1,3.9,3.6",2023-12-16 07:20:37
7095433,The Fund For Peace,Fragile State Index,X1: External Intervention,2023,104,131,9,0.99385,2011,"2.4,2.4,2.2,2.0,1.9,1.6,1.4,1.1,1.2",2007,"5.8,5.8,5.6,5.4,5.0,4.7,4.4,4.1,4.2",2023-12-20 12:41:16
495932,The Fund For Peace,Fragile State Index,Total,2023,104,150,9,0.9529,2011,"25.3,26.5,24.8,26.1,24.6,22.5,22.3,20.7393047786885,20.6",2014,"71.5,70.8,71.1,70.4,68.81558956891207,66.4,65.09591525499161,64.30000000000001,62.9",2023-12-13 12:24:58
7095473,The Fund For Peace,Fragile State Index,X1: External Intervention,2023,104,150,9,0.9812,2011,"2.4,2.4,2.2,2.0,1.9,1.6,1.4,1.1,1.2",2014,"7.2,6.9,6.6,6.4,6.1000000000000005,5.8,5.5,5.2,4.9",2023-12-20 12:41:18
496273,The Fund For Peace,Fragile State Index,Total,2023,104,152,9,0.95465,2011,"25.3,26.5,24.8,26.1,24.6,22.5,22.3,20.7393047786885,20.6",2014,"91.0,90.5,91.2,91.0,87.87642693759165,84.7,82.56660214637142,82.2,80.6",2023-12-13 12:25:21
7095624,The Fund For Peace,Fragile State Index,X1: External Intervention,2023,104,152,9,0.97931,2011,"2.4,2.4,2.2,2.0,1.9,1.6,1.4,1.1,1.2",2014,"7.3,7.4,7.1,6.9,6.811682630531924,6.5,6.2,5.9,5.6",2023-12-20 12:41:29
4959390,The Fund For Peace,Fragile State Index,P1: State Legitimacy,2023,104,21,9,0.94971,2011,"2.0,2.2,1.9,1.8,1.5,1.2,1.0,0.7,0.7",2010,"2.3,2.7,2.4,2.1,2.0,1.9,1.6,1.4,1.7",2023-12-18 15:59:56
7095544,The Fund For Peace,Fragile State Index,X1: External Intervention,2023,104,21,9,0.98414,2011,"2.4,2.4,2.2,2.0,1.9,1.6,1.4,1.1,1.2",2010,"2.8,2.6,2.3,2.0,1.9,1.5,1.2,1.0,0.7",2023-12-20 12:41:23
495955,The Fund For Peace,Fragile State Index,Total,2023,104,163,9,0.9483,2011,"25.3,26.5,24.8,26.1,24.6,22.5,22.3,20.7393047786885,20.6",2007,"74.1,74.6,74.4,72.7,71.0,69.1,68.0,66.4,64.5",2023-12-13 12:24:59
4959364,The Fund For Peace,Fragile State Index,P1: State Legitimacy,2023,104,163,9,0.98549,2011,"2.0,2.2,1.9,1.8,1.5,1.2,1.0,0.7,0.7",2007,"7.3,7.6,7.4,6.9,6.7,6.4,6.1,5.8,5.5",2023-12-18 15:59:54
495904,The Fund For Peace,Fragile State Index,Total,2023,104,181,9,0.96147,2011,"25.3,26.5,24.8,26.1,24.6,22.5,22.3,20.7393047786885,20.6",2008,"59.9,61.3,60.2,59.8,59.5,57.4,56.9,54.2,52.9",2023-12-13 12:24:56
7095464,The Fund For Peace,Fragile State Index,X1: External Intervention,2023,104,181,9,0.97184,2011,"2.4,2.4,2.2,2.0,1.9,1.6,1.4,1.1,1.2",2008,"5.4,5.5,5.5,5.2,4.9,4.6,4.3,4.1,3.8",2023-12-20 12:41:18
4959647,The Fund For Peace,Fragile State Index,P1: State Legitimacy,2023,104,127,9,0.94842,2011,"2.0,2.2,1.9,1.8,1.5,1.2,1.0,0.7,0.7",2011,"2.5,2.2,1.9,1.6,1.3,1.0,1.0,0.7,0.7",2023-12-18 16:00:12
7095799,The Fund For Peace,Fragile State Index,X1: External Intervention,2023,104,127,9,0.98476,2011,"2.4,2.4,2.2,2.0,1.9,1.6,1.4,1.1,1.2",2011,"2.6,2.3,2.0,1.9,1.6,1.3,1.1,0.8,0.8",2023-12-20 12:41:43
2526289,The Fund For Peace,Fragile State Index,C3: Group Grievance,2023,104,196,9,0.95187,2011,"1.3,1.6,1.6,1.6,1.9,1.6,1.4,1.1,1.0",2012,"6.0,6.3,6.6,6.3,6.6,6.4,6.1000000000000005,5.8,5.5",2023-12-15 14:38:02
4959314,The Fund For Peace,Fragile State Index,P1: State Legitimacy,2023,104,196,9,0.98099,2011,"2.0,2.2,1.9,1.8,1.5,1.2,1.0,0.7,0.7",2012,"6.0,5.9,6.0,5.5,5.2,4.7,4.4,4.1,3.8",2023-12-18 15:59:51
4959394,The Fund For Peace,Fragile State Index,P1: State Legitimacy,2023,104,40,9,0.95555,2011,"2.0,2.2,1.9,1.8,1.5,1.2,1.0,0.7,0.7",2015,"0.9,1.0,1.0,0.7,0.7,0.5,0.5,0.4,0.4",2023-12-18 15:59:56
7095556,The Fund For Peace,Fragile State Index,X1: External Intervention,2023,104,40,9,0.97614,2011,"2.4,2.4,2.2,2.0,1.9,1.6,1.4,1.1,1.2",2015,"1.0,1.0,1.0,0.7,0.7,0.5,0.5,0.3,0.4",2023-12-20 12:41:23
4959319,The Fund For Peace,Fragile State Index,P1: State Legitimacy,2023,104,31,9,0.9471,2011,"2.0,2.2,1.9,1.8,1.5,1.2,1.0,0.7,0.7",2007,"6.2,6.2,6.4,6.2,5.9,5.6,5.3,5.4,5.1",2023-12-18 15:59:51
7095446,The Fund For Peace,Fragile State Index,X1: External Intervention,2023,104,31,9,0.98347,2011,"2.4,2.4,2.2,2.0,1.9,1.6,1.4,1.1,1.2",2007,"4.6,4.6,4.4,4.2,3.9,3.6,3.3,3.0,2.7",2023-12-20 12:41:17
496463,The Fund For Peace,Fragile State Index,Total,2023,104,142,9,0.95501,2011,"25.3,26.5,24.8,26.1,24.6,22.5,22.3,20.7393047786885,20.6",2007,"85.7,85.7,85.1,83.8,81.2,78.7,76.5,75.1,73.0",2023-12-13 12:25:34
4959526,The Fund For Peace,Fragile State Index,P1: State Legitimacy,2023,104,142,9,0.97479,2011,"2.0,2.2,1.9,1.8,1.5,1.2,1.0,0.7,0.7",2007,"7.9,8.3,8.1,7.9,7.6,7.4,6.9,6.6,6.3",2023-12-18 16:00:04
4959312,The Fund For Peace,Fragile State Index,P1: State Legitimacy,2023,104,109,9,0.97113,2011,"2.0,2.2,1.9,1.8,1.5,1.2,1.0,0.7,0.7",2014,"5.6,5.3,5.0,4.8,4.5,4.2,3.9,3.6,3.7",2023-12-18 15:59:51
7095430,The Fund For Peace,Fragile State Index,X1: External Intervention,2023,104,109,9,0.95798,2011,"2.4,2.4,2.2,2.0,1.9,1.6,1.4,1.1,1.2",2014,"6.0,5.7,6.0,5.8,5.5,5.2,4.985097858913624,4.7,4.8",2023-12-20 12:41:16
496657,The Fund For Peace,Fragile State Index,Total,2023,104,61,9,0.94644,2011,"25.3,26.5,24.8,26.1,24.6,22.5,22.3,20.7393047786885,20.6",2015,"71.2,70.8,69.0,69.19632518627424,66.2,64.35620204936144,64.7,62.8,60.8",2023-12-13 12:25:48
7095764,The Fund For Peace,Fragile State Index,X1: External Intervention,2023,104,61,9,0.9825,2011,"2.4,2.4,2.2,2.0,1.9,1.6,1.4,1.1,1.2",2015,"5.9,5.6,5.4,5.1000000000000005,4.8,4.5,4.2,3.9,3.6",2023-12-20 12:41:40
2885516,The Fund For Peace,Fragile State Index,E1: Economy,2023,104,222,9,0.96882,2011,"3.9,3.8,3.9,4.2,4.1,3.6,3.4,3.1,2.8",2012,"8.0,7.9,8.2,8.4,8.1,7.9,7.6,7.5,7.2",2023-12-16 07:20:41
4959675,The Fund For Peace,Fragile State Index,P1: State Legitimacy,2023,104,222,9,0.95882,2011,"2.0,2.2,1.9,1.8,1.5,1.2,1.0,0.7,0.7",2012,"8.5,8.0,7.7,7.4,7.1,6.9,6.4,6.1,5.8",2023-12-18 16:00:13
4959299,The Fund For Peace,Fragile State Index,P1: State Legitimacy,2023,104,29,9,0.96924,2011,"2.0,2.2,1.9,1.8,1.5,1.2,1.0,0.7,0.7",2010,"5.3,5.0,4.7,4.4,4.1,3.8,3.5,3.3,3.0",2023-12-18 15:59:50
7095422,The Fund For Peace,Fragile State Index,X1: External Intervention,2023,104,29,9,0.95809,2011,"2.4,2.4,2.2,2.0,1.9,1.6,1.4,1.1,1.2",2010,"5.8,5.4,5.1,4.8,4.9,4.6,4.3,4.1,3.8",2023-12-20 12:41:15
4959645,The Fund For Peace,Fragile State Index,P1: State Legitimacy,2023,104,127,9,0.98245,2011,"2.0,2.2,1.9,1.8,1.5,1.2,1.0,0.7,0.7",2009,"2.9,2.7,2.5,2.2,1.9,1.6,1.3,1.0,1.0",2023-12-18 16:00:12
7095797,The Fund For Peace,Fragile State Index,X1: External Intervention,2023,104,127,9,0.94445,2011,"2.4,2.4,2.2,2.0,1.9,1.6,1.4,1.1,1.2",2009,"2.5,2.3,2.6,2.3,2.0,1.9,1.6,1.3,1.1",2023-12-20 12:41:43
4959430,The Fund For Peace,Fragile State Index,P1: State Legitimacy,2023,104,138,9,0.9506,2011,"2.0,2.2,1.9,1.8,1.5,1.2,1.0,0.7,0.7",2014,"3.8,3.5,3.2,3.0,2.7,2.4,2.1,2.1,2.1",2023-12-18 15:59:58
7095582,The Fund For Peace,Fragile State Index,X1: External Intervention,2023,104,138,9,0.97556,2011,"2.4,2.4,2.2,2.0,1.9,1.6,1.4,1.1,1.2",2014,"4.9,5.2,4.9,4.7,4.4,4.1,3.8,3.5,3.2",2023-12-20 12:41:25
495882,The Fund For Peace,Fragile State Index,Total,2023,104,82,9,0.94829,2011,"25.3,26.5,24.8,26.1,24.6,22.5,22.3,20.7393047786885,20.6",2014,"70.7,71.8,71.2,69.7,68.1221863165064,65.9,64.15816913182405,63.900000000000006,63.0",2023-12-13 12:24:55
4959332,The Fund For Peace,Fragile State Index,P1: State Legitimacy,2023,104,82,9,0.97763,2011,"2.0,2.2,1.9,1.8,1.5,1.2,1.0,0.7,0.7",2014,"4.8,5.0,4.7,4.2,3.9,3.6,3.3000000000000003,3.2,3.2",2023-12-18 15:59:52
496590,The Fund For Peace,Fragile State Index,Total,2023,104,119,9,0.93708,2011,"25.3,26.5,24.8,26.1,24.6,22.5,22.3,20.7393047786885,20.6",2014,"84.3,84.4,84.4,82.4,80.72431003670523,78.7,76.86018745028443,76.0,75.5",2023-12-13 12:25:43
7095728,The Fund For Peace,Fragile State Index,X1: External Intervention,2023,104,119,9,0.98758,2011,"2.4,2.4,2.2,2.0,1.9,1.6,1.4,1.1,1.2",2014,"6.9,6.6,6.3,6.1,5.8,5.5,5.2,4.9,5.0",2023-12-20 12:41:34
496254,The Fund For Peace,Fragile State Index,Total,2023,104,183,9,0.94459,2011,"25.3,26.5,24.8,26.1,24.6,22.5,22.3,20.7393047786885,20.6",2014,"90.5,90.2,91.3,90.8,89.28772432240727,87.5,86.02952230051775,84.99999999999999,83.7",2023-12-13 12:25:19
7095621,The Fund For Peace,Fragile State Index,X1: External Intervention,2023,104,183,9,0.97962,2011,"2.4,2.4,2.2,2.0,1.9,1.6,1.4,1.1,1.2",2014,"8.1,7.8,7.7,7.5,7.2,6.9,6.6000000000000005,6.3,6.0",2023-12-20 12:41:28
496211,The Fund For Peace,Fragile State Index,Total,2023,104,67,9,0.9524,2011,"25.3,26.5,24.8,26.1,24.6,22.5,22.3,20.7393047786885,20.6",2007,"50.5,51.0,51.2,50.7,49.3,47.5,45.3,45.2,43.7",2023-12-13 12:25:17
4959460,The Fund For Peace,Fragile State Index,P1: State Legitimacy,2023,104,67,9,0.97166,2011,"2.0,2.2,1.9,1.8,1.5,1.2,1.0,0.7,0.7",2007,"5.0,4.8,4.7,4.5,4.1,3.8,3.8,3.5,3.2",2023-12-18 16:00:00
4959494,The Fund For Peace,Fragile State Index,P1: State Legitimacy,2023,104,101,9,0.98295,2011,"2.0,2.2,1.9,1.8,1.5,1.2,1.0,0.7,0.7",2011,"6.7,6.7,6.4,6.5,5.6,5.3,5.1,4.8,4.5",2023-12-18 16:00:02
7095640,The Fund For Peace,Fragile State Index,X1: External Intervention,2023,104,101,9,0.94038,2011,"2.4,2.4,2.2,2.0,1.9,1.6,1.4,1.1,1.2",2011,"6.5,6.2,5.9,5.6,5.3,5.4,5.2,4.9,4.6",2023-12-20 12:41:29
1967138,The Fund For Peace,Fragile State Index,C1: Security Apparatus,2023,104,35,9,0.94492,2006,"1.0,1.0,1.0,1.1,1.4,1.6,1.7,1.8,2.1",2012,"7.1,7.2,6.9,7.4,8.1,8.4,8.5,8.2,8.7",2023-12-15 03:45:43
2336936,The Fund For Peace,Fragile State Index,C2: Factionalized Elites,2023,104,35,9,0.97794,2006,"1.0,1.0,1.0,1.3,1.5,1.4,1.4,1.3,1.3",2012,"7.3,7.3,7.3,7.8,8.1,7.8,7.8,7.8,7.8",2023-12-15 10:53:05
2885472,The Fund For Peace,Fragile State Index,E1: Economy,2023,104,58,9,0.96657,2011,"3.9,3.8,3.9,4.2,4.1,3.6,3.4,3.1,2.8",2012,"2.2,1.9,2.2,2.5,2.2,2.0,1.7338601032315033,1.6,1.3",2023-12-16 07:20:38
7095540,The Fund For Peace,Fragile State Index,X1: External Intervention,2023,104,58,9,0.95533,2011,"2.4,2.4,2.2,2.0,1.9,1.6,1.4,1.1,1.2",2012,"2.3,2.0,1.9,1.4,1.1,1.0,0.7,0.7,0.5",2023-12-20 12:41:22
4959579,The Fund For Peace,Fragile State Index,P1: State Legitimacy,2023,104,16,9,0.94567,2011,"2.0,2.2,1.9,1.8,1.5,1.2,1.0,0.7,0.7",2008,"5.9,5.5,5.5,5.2,4.9,4.9,4.6,4.3,4.0",2023-12-18 16:00:08
7095781,The Fund For Peace,Fragile State Index,X1: External Intervention,2023,104,16,9,0.97511,2011,"2.4,2.4,2.2,2.0,1.9,1.6,1.4,1.1,1.2",2008,"5.2,5.3,5.3,4.9,4.6,4.3,4.0,3.7,3.4",2023-12-20 12:41:41
4959298,The Fund For Peace,Fragile State Index,P1: State Legitimacy,2023,104,29,9,0.95742,2011,"2.0,2.2,1.9,1.8,1.5,1.2,1.0,0.7,0.7",2009,"5.8,5.3,5.0,4.7,4.4,4.1,3.8,3.5,3.3",2023-12-18 15:59:50
7095421,The Fund For Peace,Fragile State Index,X1: External Intervention,2023,104,29,9,0.96317,2011,"2.4,2.4,2.2,2.0,1.9,1.6,1.4,1.1,1.2",2009,"5.8,5.8,5.4,5.1,4.8,4.9,4.6,4.3,4.1",2023-12-20 12:41:15
495999,The Fund For Peace,Fragile State Index,Total,2023,104,113,9,0.94228,2011,"25.3,26.5,24.8,26.1,24.6,22.5,22.3,20.7393047786885,20.6",2011,"70.2,70.9,69.8,68.5,68.3,66.5,65.9,63.43851484252681,61.6",2023-12-13 12:25:02
7095499,The Fund For Peace,Fragile State Index,X1: External Intervention,2023,104,113,9,0.97798,2011,"2.4,2.4,2.2,2.0,1.9,1.6,1.4,1.1,1.2",2011,"5.9,5.6,5.3,5.0,4.7,4.4,4.2,3.9,3.6",2023-12-20 12:41:20
496514,The Fund For Peace,Fragile State Index,Total,2023,104,169,9,0.94237,2011,"25.3,26.5,24.8,26.1,24.6,22.5,22.3,20.7393047786885,20.6",2008,"83.6,84.6,84.6,84.4,82.2,80.8,79.5,79.4,79.7",2023-12-13 12:25:38
4959531,The Fund For Peace,Fragile State Index,P1: State Legitimacy,2023,104,169,9,0.97613,2011,"2.0,2.2,1.9,1.8,1.5,1.2,1.0,0.7,0.7",2008,"7.5,7.5,7.3,7.3,7.0,6.7,6.6,6.3,6.6",2023-12-18 16:00:05
496852,The Fund For Peace,Fragile State Index,Total,2023,104,222,9,0.9476,2011,"25.3,26.5,24.8,26.1,24.6,22.5,22.3,20.7393047786885,20.6",2015,"90.5,90.8,90.5,88.25683064064846,85.5,82.66311377505994,80.9,79.3,77.5",2023-12-13 12:26:02
4959678,The Fund For Peace,Fragile State Index,P1: State Legitimacy,2023,104,222,9,0.97044,2011,"2.0,2.2,1.9,1.8,1.5,1.2,1.0,0.7,0.7",2015,"7.4,7.1,6.9,6.4,6.1,5.8,5.5,5.2,4.9",2023-12-18 16:00:14
495907,The Fund For Peace,Fragile State Index,Total,2023,104,181,9,0.94559,2011,"25.3,26.5,24.8,26.1,24.6,22.5,22.3,20.7393047786885,20.6",2011,"59.8,59.5,57.4,56.9,54.2,52.9,50.9,49.36140868153144,47.8",2023-12-13 12:24:56
7095467,The Fund For Peace,Fragile State Index,X1: External Intervention,2023,104,181,9,0.97183,2011,"2.4,2.4,2.2,2.0,1.9,1.6,1.4,1.1,1.2",2011,"5.2,4.9,4.6,4.3,4.1,3.8,3.6,3.3000000000000003,3.6",2023-12-20 12:41:18
496739,The Fund For Peace,Fragile State Index,Total,2023,104,192,9,0.94894,2011,"25.3,26.5,24.8,26.1,24.6,22.5,22.3,20.7393047786885,20.6",2013,"68.7,69.3,68.2,67.6,67.1,65.53086971578227,64.2,63.2966485589962,64.2",2023-12-13 12:25:54
4959610,The Fund For Peace,Fragile State Index,P1: State Legitimacy,2023,104,192,9,0.96778,2011,"2.0,2.2,1.9,1.8,1.5,1.2,1.0,0.7,0.7",2013,"6.0,6.0,6.2,5.7,5.5,5.2,4.9,4.6000000000000005,4.3",2023-12-18 16:00:10
496248,The Fund For Peace,Fragile State Index,Total,2023,104,239,9,0.94674,2011,"25.3,26.5,24.8,26.1,24.6,22.5,22.3,20.7393047786885,20.6",2012,"87.5,86.9,86.3,85.3,83.5,81.5,79.1,75.7,73.10388718030978",2023-12-13 12:25:19
7095616,The Fund For Peace,Fragile State Index,X1: External Intervention,2023,104,239,9,0.9698,2011,"2.4,2.4,2.2,2.0,1.9,1.6,1.4,1.1,1.2",2012,"5.7,5.4,5.4,5.1,4.8,4.6,4.1,4.1,4.263375520181347",2023-12-20 12:41:28
495933,The Fund For Peace,Fragile State Index,Total,2023,104,150,9,0.93346,2011,"25.3,26.5,24.8,26.1,24.6,22.5,22.3,20.7393047786885,20.6",2015,"70.8,71.1,70.4,68.81558956891207,66.4,65.09591525499161,64.30000000000001,62.9,60.3",2023-12-13 12:24:58
7095474,The Fund For Peace,Fragile State Index,X1: External Intervention,2023,104,150,9,0.9825,2011,"2.4,2.4,2.2,2.0,1.9,1.6,1.4,1.1,1.2",2015,"6.9,6.6,6.4,6.1000000000000005,5.8,5.5,5.2,4.9,4.6",2023-12-20 12:41:18
495829,The Fund For Peace,Fragile State Index,Total,2023,104,131,9,0.93077,2011,"25.3,26.5,24.8,26.1,24.6,22.5,22.3,20.7393047786885,20.6",2015,"65.9,66.1,65.4,63.59483707832034,60.5,57.561895525091394,56.89999999999999,56.4,55.0",2023-12-13 12:24:51
7095441,The Fund For Peace,Fragile State Index,X1: External Intervention,2023,104,131,9,0.98491,2011,"2.4,2.4,2.2,2.0,1.9,1.6,1.4,1.1,1.2",2015,"4.2,4.0,3.8,3.5,3.2,2.9000000000000004,2.6,2.3,2.0",2023-12-20 12:41:16
496888,The Fund For Peace,Fragile State Index,Total,2023,104,37,9,0.94694,2011,"25.3,26.5,24.8,26.1,24.6,22.5,22.3,20.7393047786885,20.6",2013,"73.7,74.1,73.5,71.5,70.1,68.00000000000001,66.6,64.7781708998417,64.2",2023-12-13 12:26:04
4959698,The Fund For Peace,Fragile State Index,P1: State Legitimacy,2023,104,37,9,0.96867,2011,"2.0,2.2,1.9,1.8,1.5,1.2,1.0,0.7,0.7",2013,"6.3,6.0,5.7,5.5,5.3,5.0,4.7,4.4,4.1",2023-12-18 16:00:16
2526296,The Fund For Peace,Fragile State Index,C3: Group Grievance,2023,104,44,9,0.93944,2011,"1.3,1.6,1.6,1.6,1.9,1.6,1.4,1.1,1.0",2011,"3.5,3.8,3.5,3.8,4.1,3.8,3.6,3.3000000000000003,3.0",2023-12-15 14:38:03
7095549,The Fund For Peace,Fragile State Index,X1: External Intervention,2023,104,44,9,0.97571,2011,"2.4,2.4,2.2,2.0,1.9,1.6,1.4,1.1,1.2",2011,"3.3,3.5,3.2,3.1,2.6,2.3,2.1,1.8,1.5",2023-12-20 12:41:23
496899,The Fund For Peace,Fragile State Index,Total,2023,104,209,9,0.9484,2011,"25.3,26.5,24.8,26.1,24.6,22.5,22.3,20.7393047786885,20.6",2015,"114.5,113.8,113.9,113.35731518994112,112.2,110.75219038198196,109.4,108.4,108.5",2023-12-13 12:26:05
7095845,The Fund For Peace,Fragile State Index,X1: External Intervention,2023,104,209,9,0.96623,2011,"2.4,2.4,2.2,2.0,1.9,1.6,1.4,1.1,1.2",2015,"10.0,10.0,9.8,9.624950491181016,9.4,9.45741927196228,9.3,9.1,9.2",2023-12-20 12:41:46
496311,The Fund For Peace,Fragile State Index,Total,2023,104,101,9,0.94097,2011,"25.3,26.5,24.8,26.1,24.6,22.5,22.3,20.7393047786885,20.6",2015,"75.0,74.9,72.9,72.29772813709069,70.4,67.84550475118697,67.6,66.60000000000001,65.60000000000001",2023-12-13 12:25:23
7095644,The Fund For Peace,Fragile State Index,X1: External Intervention,2023,104,101,9,0.97318,2011,"2.4,2.4,2.2,2.0,1.9,1.6,1.4,1.1,1.2",2015,"5.3,5.4,5.2,4.9,4.6,4.3,4.3,4.0,3.7",2023-12-20 12:41:30
495811,The Fund For Peace,Fragile State Index,Total,2023,104,29,9,0.93123,2011,"25.3,26.5,24.8,26.1,24.6,22.5,22.3,20.7393047786885,20.6",2015,"62.8,63.5,63.8,61.98745014345976,59.5,57.07123296987986,56.99999999999999,56.1,55.29999999999999",2023-12-13 12:24:50
7095427,The Fund For Peace,Fragile State Index,X1: External Intervention,2023,104,29,9,0.9825,2011,"2.4,2.4,2.2,2.0,1.9,1.6,1.4,1.1,1.2",2015,"4.6,4.3,4.1,3.8,3.5,3.2,2.9,2.6,2.3",2023-12-20 12:41:16
496752,The Fund For Peace,Fragile State Index,Total,2023,104,93,9,0.93658,2011,"25.3,26.5,24.8,26.1,24.6,22.5,22.3,20.7393047786885,20.6",2014,"71.0,70.5,70.9,71.3,70.35847016331266,68.2,65.95105985340093,66.1,64.19999999999999",2023-12-13 12:25:55
4959626,The Fund For Peace,Fragile State Index,P1: State Legitimacy,2023,104,93,9,0.97714,2011,"2.0,2.2,1.9,1.8,1.5,1.2,1.0,0.7,0.7",2014,"5.6,5.9,5.6,5.4,5.1000000000000005,4.8,4.5,4.6,4.5",2023-12-18 16:00:11
496850,The Fund For Peace,Fragile State Index,Total,2023,104,222,9,0.93757,2011,"25.3,26.5,24.8,26.1,24.6,22.5,22.3,20.7393047786885,20.6",2013,"91.5,91.0,90.5,90.8,90.5,88.25683064064846,85.5,82.66311377505994,80.9",2023-12-13 12:26:02
4959676,The Fund For Peace,Fragile State Index,P1: State Legitimacy,2023,104,222,9,0.97571,2011,"2.0,2.2,1.9,1.8,1.5,1.2,1.0,0.7,0.7",2013,"8.0,7.7,7.4,7.1,6.9,6.4,6.1,5.8,5.5",2023-12-18 16:00:13
4959398,The Fund For Peace,Fragile State Index,P1: State Legitimacy,2023,104,216,9,0.96772,2011,"2.0,2.2,1.9,1.8,1.5,1.2,1.0,0.7,0.7",2015,"1.0,1.0,1.0,0.7,0.7,0.5,0.5,0.3,0.3",2023-12-18 15:59:57
7095563,The Fund For Peace,Fragile State Index,X1: External Intervention,2023,104,216,9,0.94538,2011,"2.4,2.4,2.2,2.0,1.9,1.6,1.4,1.1,1.2",2015,"1.3,1.0,1.0,0.7,0.7,0.5,0.5,0.3,0.4",2023-12-20 12:41:24
496413,The Fund For Peace,Fragile State Index,Total,2023,104,123,9,0.93168,2011,"25.3,26.5,24.8,26.1,24.6,22.5,22.3,20.7393047786885,20.6",2014,"94.3,97.3,95.5,93.8,92.560250792477,90.2,90.04390059160053,89.49999999999999,88.2",2023-12-13 12:25:31
7095673,The Fund For Peace,Fragile State Index,X1: External Intervention,2023,104,123,9,0.98134,2011,"2.4,2.4,2.2,2.0,1.9,1.6,1.4,1.1,1.2",2014,"9.7,10.0,9.5,9.3,9.0,8.7,8.399999999999999,8.1,7.8",2023-12-20 12:41:31
496299,The Fund For Peace,Fragile State Index,Total,2023,104,63,9,0.94595,2011,"25.3,26.5,24.8,26.1,24.6,22.5,22.3,20.7393047786885,20.6",2013,"90.6,91.0,89.9,90.2,89.8,88.73736287679192,88.4,86.00613825029183,85.0",2023-12-13 12:25:23
2885491,The Fund For Peace,Fragile State Index,E1: Economy,2023,104,63,9,0.96688,2011,"3.9,3.8,3.9,4.2,4.1,3.6,3.4,3.1,2.8",2013,"8.2,7.9,8.1,8.4,8.2,7.899999999999999,7.9,7.6,7.3",2023-12-16 07:20:39
4959296,The Fund For Peace,Fragile State Index,P1: State Legitimacy,2023,104,29,9,0.94874,2011,"2.0,2.2,1.9,1.8,1.5,1.2,1.0,0.7,0.7",2007,"5.4,5.4,5.8,5.3,5.0,4.7,4.4,4.1,3.8",2023-12-18 15:59:50
7095419,The Fund For Peace,Fragile State Index,X1: External Intervention,2023,104,29,9,0.96368,2011,"2.4,2.4,2.2,2.0,1.9,1.6,1.4,1.1,1.2",2007,"6.0,6.0,5.8,5.8,5.4,5.1,4.8,4.9,4.6",2023-12-20 12:41:15
496210,The Fund For Peace,Fragile State Index,Total,2023,104,67,9,0.92953,2011,"25.3,26.5,24.8,26.1,24.6,22.5,22.3,20.7393047786885,20.6",2006,"51.0,50.5,51.0,51.2,50.7,49.3,47.5,45.3,45.2",2023-12-13 12:25:16
4959459,The Fund For Peace,Fragile State Index,P1: State Legitimacy,2023,104,67,9,0.98279,2011,"2.0,2.2,1.9,1.8,1.5,1.2,1.0,0.7,0.7",2006,"5.0,5.0,4.8,4.7,4.5,4.1,3.8,3.8,3.5",2023-12-18 16:00:00
4959493,The Fund For Peace,Fragile State Index,P1: State Legitimacy,2023,104,101,9,0.96171,2011,"2.0,2.2,1.9,1.8,1.5,1.2,1.0,0.7,0.7",2010,"6.9,6.7,6.7,6.4,6.5,5.6,5.3,5.1,4.8",2023-12-18 16:00:02
7095639,The Fund For Peace,Fragile State Index,X1: External Intervention,2023,104,101,9,0.95031,2011,"2.4,2.4,2.2,2.0,1.9,1.6,1.4,1.1,1.2",2010,"6.7,6.5,6.2,5.9,5.6,5.3,5.4,5.2,4.9",2023-12-20 12:41:29
4959495,The Fund For Peace,Fragile State Index,P1: State Legitimacy,2023,104,101,9,0.95467,2011,"2.0,2.2,1.9,1.8,1.5,1.2,1.0,0.7,0.7",2012,"6.7,6.4,6.5,5.6,5.3,5.1,4.8,4.5,4.2",2023-12-18 16:00:02
7095641,The Fund For Peace,Fragile State Index,X1: External Intervention,2023,104,101,9,0.95654,2011,"2.4,2.4,2.2,2.0,1.9,1.6,1.4,1.1,1.2",2012,"6.2,5.9,5.6,5.3,5.4,5.2,4.9,4.6,4.3",2023-12-20 12:41:30
4959608,The Fund For Peace,Fragile State Index,P1: State Legitimacy,2023,104,213,9,0.94184,2011,"2.0,2.2,1.9,1.8,1.5,1.2,1.0,0.7,0.7",2015,"5.5,5.2,5.0,4.7,4.4,4.1000000000000005,3.8,3.5,4.0",2023-12-18 16:00:10
7095788,The Fund For Peace,Fragile State Index,X1: External Intervention,2023,104,213,9,0.96921,2011,"2.4,2.4,2.2,2.0,1.9,1.6,1.4,1.1,1.2",2015,"6.2,6.1,5.9,5.6000000000000005,5.3,5.322306831094723,5.0,4.7,4.4",2023-12-20 12:41:42
496841,The Fund For Peace,Fragile State Index,Total,2023,104,204,9,0.96486,2011,"25.3,26.5,24.8,26.1,24.6,22.5,22.3,20.7393047786885,20.6",2013,"85.2,86.4,85.9,85.3,84.8,83.10491831793692,81.9,79.74524648137532,79.30000000000001",2023-12-13 12:26:01
4959668,The Fund For Peace,Fragile State Index,P1: State Legitimacy,2023,104,204,9,0.94603,2011,"2.0,2.2,1.9,1.8,1.5,1.2,1.0,0.7,0.7",2013,"7.3,7.0,7.3,7.0,6.8,6.5,6.2,5.9,5.6",2023-12-18 16:00:13
496886,The Fund For Peace,Fragile State Index,Total,2023,104,37,9,0.94882,2011,"25.3,26.5,24.8,26.1,24.6,22.5,22.3,20.7393047786885,20.6",2011,"75.8,74.7,73.7,74.1,73.5,71.5,70.1,68.00000000000001,66.6",2023-12-13 12:26:04
4959696,The Fund For Peace,Fragile State Index,P1: State Legitimacy,2023,104,37,9,0.96203,2011,"2.0,2.2,1.9,1.8,1.5,1.2,1.0,0.7,0.7",2011,"6.9,6.6,6.3,6.0,5.7,5.5,5.3,5.0,4.7",2023-12-18 16:00:16
496000,The Fund For Peace,Fragile State Index,Total,2023,104,113,9,0.93318,2011,"25.3,26.5,24.8,26.1,24.6,22.5,22.3,20.7393047786885,20.6",2012,"70.9,69.8,68.5,68.3,66.5,65.9,63.43851484252681,61.6,59.770101356315976",2023-12-13 12:25:02
7095500,The Fund For Peace,Fragile State Index,X1: External Intervention,2023,104,113,9,0.97735,2011,"2.4,2.4,2.2,2.0,1.9,1.6,1.4,1.1,1.2",2012,"5.6,5.3,5.0,4.7,4.4,4.2,3.9,3.6,3.3000000000000003",2023-12-20 12:41:20
496401,The Fund For Peace,Fragile State Index,Total,2023,104,167,9,0.95945,2011,"25.3,26.5,24.8,26.1,24.6,22.5,22.3,20.7393047786885,20.6",2013,"102.9,103.0,103.0,101.7,98.9,96.33806005544712,94.2,92.07809303255932,90.5",2023-12-13 12:25:30
4959515,The Fund For Peace,Fragile State Index,P1: State Legitimacy,2023,104,167,9,0.95099,2011,"2.0,2.2,1.9,1.8,1.5,1.2,1.0,0.7,0.7",2013,"8.4,8.5,8.6,8.3,8.1,7.8,7.9,7.6,7.3",2023-12-18 16:00:04
496212,The Fund For Peace,Fragile State Index,Total,2023,104,67,9,0.94381,2011,"25.3,26.5,24.8,26.1,24.6,22.5,22.3,20.7393047786885,20.6",2008,"51.0,51.2,50.7,49.3,47.5,45.3,45.2,43.7,43.4",2023-12-13 12:25:17
4959461,The Fund For Peace,Fragile State Index,P1: State Legitimacy,2023,104,67,9,0.9662,2011,"2.0,2.2,1.9,1.8,1.5,1.2,1.0,0.7,0.7",2008,"4.8,4.7,4.5,4.1,3.8,3.8,3.5,3.2,2.9",2023-12-18 16:00:00
496242,The Fund For Peace,Fragile State Index,Total,2023,104,239,9,0.93989,2011,"25.3,26.5,24.8,26.1,24.6,22.5,22.3,20.7393047786885,20.6",2006,"94.4,93.5,93.4,92.8,90.5,88.3,87.5,86.9,86.3",2023-12-13 12:25:19
7095610,The Fund For Peace,Fragile State Index,X1: External Intervention,2023,104,239,9,0.96986,2011,"2.4,2.4,2.2,2.0,1.9,1.6,1.4,1.1,1.2",2006,"7.0,7.0,6.3,6.5,6.2,6.0,5.7,5.4,5.4",2023-12-20 12:41:27
4959388,The Fund For Peace,Fragile State Index,P1: State Legitimacy,2023,104,110,9,0.94374,2011,"2.0,2.2,1.9,1.8,1.5,1.2,1.0,0.7,0.7",2015,"1.7,1.4,1.2,0.8999999999999999,0.9,0.6009723264075552,0.5,0.2,0.3",2023-12-18 15:59:56
7095528,The Fund For Peace,Fragile State Index,X1: External Intervention,2023,104,110,9,0.9658,2011,"2.4,2.4,2.2,2.0,1.9,1.6,1.4,1.1,1.2",2015,"3.6,4.0,3.8,3.5,3.2,2.9000000000000004,2.6,2.3,2.0",2023-12-20 12:41:22
496039,The Fund For Peace,Fragile State Index,Total,2023,104,200,9,0.9465,2011,"25.3,26.5,24.8,26.1,24.6,22.5,22.3,20.7393047786885,20.6",2011,"35.1,35.6,34.0,35.9,34.4,32.9,32.5,30.421202731235,28.1",2023-12-13 12:25:05
7095520,The Fund For Peace,Fragile State Index,X1: External Intervention,2023,104,200,9,0.96304,2011,"2.4,2.4,2.2,2.0,1.9,1.6,1.4,1.1,1.2",2011,"2.8,2.5,2.2,2.0,1.7,1.4,1.2,1.2,1.0",2023-12-20 12:41:21
4959480,The Fund For Peace,Fragile State Index,P1: State Legitimacy,2023,104,48,9,0.92931,2011,"2.0,2.2,1.9,1.8,1.5,1.2,1.0,0.7,0.7",2010,"7.7,7.5,7.4,7.3,7.4,7.1,6.5,6.3,6.0",2023-12-18 16:00:01
7095628,The Fund For Peace,Fragile State Index,X1: External Intervention,2023,104,48,9,0.97932,2011,"2.4,2.4,2.2,2.0,1.9,1.6,1.4,1.1,1.2",2010,"8.0,7.7,7.4,7.1,6.8,6.5,6.2,6.0,5.7",2023-12-20 12:41:29
495827,The Fund For Peace,Fragile State Index,Total,2023,104,131,9,0.94384,2011,"25.3,26.5,24.8,26.1,24.6,22.5,22.3,20.7393047786885,20.6",2013,"66.1,66.2,65.9,66.1,65.4,63.59483707832034,60.5,57.561895525091394,56.89999999999999",2023-12-13 12:24:51
7095439,The Fund For Peace,Fragile State Index,X1: External Intervention,2023,104,131,9,0.96468,2011,"2.4,2.4,2.2,2.0,1.9,1.6,1.4,1.1,1.2",2013,"4.4,4.1,4.2,4.0,3.8,3.5,3.2,2.9000000000000004,2.6",2023-12-20 12:41:16
496672,The Fund For Peace,Fragile State Index,Total,2023,104,89,9,0.92127,2011,"25.3,26.5,24.8,26.1,24.6,22.5,22.3,20.7393047786885,20.6",2015,"80.4,83.2,83.1,81.83670919240136,81.4,79.17634843834767,79.4,77.5,77.3",2023-12-13 12:25:49
7095768,The Fund For Peace,Fragile State Index,X1: External Intervention,2023,104,89,9,0.98565,2011,"2.4,2.4,2.2,2.0,1.9,1.6,1.4,1.1,1.2",2015,"5.4,5.4,5.2,4.9,4.6,4.3,4.0,3.7,3.4",2023-12-20 12:41:40
4959443,The Fund For Peace,Fragile State Index,P1: State Legitimacy,2023,104,81,9,0.97501,2011,"2.0,2.2,1.9,1.8,1.5,1.2,1.0,0.7,0.7",2008,"2.3,2.3,2.1,1.9,1.7,1.4,1.5,1.2,1.0",2023-12-18 15:59:59
7095595,The Fund For Peace,Fragile State Index,X1: External Intervention,2023,104,81,9,0.93143,2011,"2.4,2.4,2.2,2.0,1.9,1.6,1.4,1.1,1.2",2008,"2.1,2.4,2.2,2.0,1.7,1.4,1.6,1.3,1.0",2023-12-20 12:41:26
4959528,The Fund For Peace,Fragile State Index,P1: State Legitimacy,2023,104,142,9,0.94388,2011,"2.0,2.2,1.9,1.8,1.5,1.2,1.0,0.7,0.7",2015,"6.3,6.8,6.6,6.6,6.3,6.0,5.7,5.2,4.9",2023-12-18 16:00:05
7095683,The Fund For Peace,Fragile State Index,X1: External Intervention,2023,104,142,9,0.96249,2011,"2.4,2.4,2.2,2.0,1.9,1.6,1.4,1.1,1.2",2015,"7.3,7.6,7.4,7.1000000000000005,6.8,6.5,6.2,5.9,6.4",2023-12-20 12:41:32
496887,The Fund For Peace,Fragile State Index,Total,2023,104,37,9,0.94345,2011,"25.3,26.5,24.8,26.1,24.6,22.5,22.3,20.7393047786885,20.6",2012,"74.7,73.7,74.1,73.5,71.5,70.1,68.00000000000001,66.6,64.7781708998417",2023-12-13 12:26:04
4959697,The Fund For Peace,Fragile State Index,P1: State Legitimacy,2023,104,37,9,0.96257,2011,"2.0,2.2,1.9,1.8,1.5,1.2,1.0,0.7,0.7",2012,"6.6,6.3,6.0,5.7,5.5,5.3,5.0,4.7,4.4",2023-12-18 16:00:16
4959348,The Fund For Peace,Fragile State Index,P1: State Legitimacy,2023,104,56,9,0.9503,2011,"2.0,2.2,1.9,1.8,1.5,1.2,1.0,0.7,0.7",2014,"5.6,5.3,5.0,4.8,4.5,4.2,3.9,4.0,3.7",2023-12-18 15:59:53
7095470,The Fund For Peace,Fragile State Index,X1: External Intervention,2023,104,56,9,0.9551,2011,"2.4,2.4,2.2,2.0,1.9,1.6,1.4,1.1,1.2",2014,"9.1,9.2,9.2,9.0,8.7,8.4,8.1,8.2,8.2",2023-12-20 12:41:18
496036,The Fund For Peace,Fragile State Index,Total,2023,104,202,9,0.9193,2011,"25.3,26.5,24.8,26.1,24.6,22.5,22.3,20.7393047786885,20.6",2015,"42.6,44.9,44.3,42.47488888000861,40.5,38.22181460375541,39.00000000000001,37.1,37.8",2023-12-13 12:25:05
7095515,The Fund For Peace,Fragile State Index,X1: External Intervention,2023,104,202,9,0.98579,2011,"2.4,2.4,2.2,2.0,1.9,1.6,1.4,1.1,1.2",2015,"3.3,3.5,3.3,3.0,2.7,2.4000000000000004,2.1,1.8,2.1",2023-12-20 12:41:21
496813,The Fund For Peace,Fragile State Index,Total,2023,104,234,9,0.92202,2011,"25.3,26.5,24.8,26.1,24.6,22.5,22.3,20.7393047786885,20.6",2011,"50.4,48.9,47.3,47.6,46.2,44.5,43.7,42.8292445126518,40.1",2023-12-13 12:25:59
7095815,The Fund For Peace,Fragile State Index,X1: External Intervention,2023,104,234,9,0.98245,2011,"2.4,2.4,2.2,2.0,1.9,1.6,1.4,1.1,1.2",2011,"4.1,3.8,3.5,3.2,2.9,2.6,2.4,2.1,2.1",2023-12-20 12:41:44
496634,The Fund For Peace,Fragile State Index,Total,2023,104,92,9,0.93724,2011,"25.3,26.5,24.8,26.1,24.6,22.5,22.3,20.7393047786885,20.6",2013,"101.1,100.6,99.9,99.8,99.5,98.09458991085197,95.5,92.90207550854626,92.0",2023-12-13 12:25:46
7095757,The Fund For Peace,Fragile State Index,X1: External Intervention,2023,104,92,9,0.96694,2011,"2.4,2.4,2.2,2.0,1.9,1.6,1.4,1.1,1.2",2013,"9.0,9.1,8.8,8.5,8.3,8.3,8.0,7.7,7.4",2023-12-20 12:41:39
495995,The Fund For Peace,Fragile State Index,Total,2023,104,113,9,0.91984,2011,"25.3,26.5,24.8,26.1,24.6,22.5,22.3,20.7393047786885,20.6",2007,"72.3,72.4,72.5,72.7,70.2,70.9,69.8,68.5,68.3",2023-12-13 12:25:02
7095495,The Fund For Peace,Fragile State Index,X1: External Intervention,2023,104,113,9,0.98347,2011,"2.4,2.4,2.2,2.0,1.9,1.6,1.4,1.1,1.2",2007,"6.6,6.6,6.4,6.2,5.9,5.6,5.3,5.0,4.7",2023-12-20 12:41:20
495967,The Fund For Peace,Fragile State Index,Total,2023,104,221,9,0.92108,2011,"25.3,26.5,24.8,26.1,24.6,22.5,22.3,20.7393047786885,20.6",2014,"77.0,79.1,78.8,76.2,74.98003133114115,73.1,70.81357974524154,70.89999999999999,70.0",2023-12-13 12:25:00
7095483,The Fund For Peace,Fragile State Index,X1: External Intervention,2023,104,221,9,0.9812,2011,"2.4,2.4,2.2,2.0,1.9,1.6,1.4,1.1,1.2",2014,"4.6,4.3,4.0,3.8,3.5,3.2,2.9000000000000004,2.6,2.3",2023-12-20 12:41:19
496630,The Fund For Peace,Fragile State Index,Total,2023,104,229,9,0.92089,2011,"25.3,26.5,24.8,26.1,24.6,22.5,22.3,20.7393047786885,20.6",2014,"78.2,77.4,76.0,74.4,72.62111503765558,71.4,69.05814193586684,68.20000000000002,66.5",2023-12-13 12:25:46
7095754,The Fund For Peace,Fragile State Index,X1: External Intervention,2023,104,229,9,0.9812,2011,"2.4,2.4,2.2,2.0,1.9,1.6,1.4,1.1,1.2",2014,"4.9,4.6,4.3,4.1,3.8,3.5,3.2,2.9,2.6",2023-12-20 12:41:39
496261,The Fund For Peace,Fragile State Index,Total,2023,104,211,9,0.96081,2011,"25.3,26.5,24.8,26.1,24.6,22.5,22.3,20.7393047786885,20.6",2011,"93.1,92.2,92.9,92.6,90.7,87.7,86.6,84.89668808927048,84.0",2023-12-13 12:25:20
4959475,The Fund For Peace,Fragile State Index,P1: State Legitimacy,2023,104,211,9,0.94103,2011,"2.0,2.2,1.9,1.8,1.5,1.2,1.0,0.7,0.7",2011,"8.5,8.1,8.2,8.3,8.0,7.4,6.9,6.6000000000000005,6.9",2023-12-18 16:00:01
496158,The Fund For Peace,Fragile State Index,Total,2023,104,138,9,0.93276,2011,"25.3,26.5,24.8,26.1,24.6,22.5,22.3,20.7393047786885,20.6",2013,"44.5,46.1,45.2,43.2,41.7,40.49020053885572,38.9,37.18472003299283,38.10000000000001",2023-12-13 12:25:13
4959429,The Fund For Peace,Fragile State Index,P1: State Legitimacy,2023,104,138,9,0.96898,2011,"2.0,2.2,1.9,1.8,1.5,1.2,1.0,0.7,0.7",2013,"4.1,3.8,3.5,3.2,3.0,2.7,2.4,2.1,2.1",2023-12-18 15:59:58
496063,The Fund For Peace,Fragile State Index,Total,2023,104,58,9,0.95155,2011,"25.3,26.5,24.8,26.1,24.6,22.5,22.3,20.7393047786885,20.6",2013,"21.9,22.8,21.4,21.5,21.5,19.785177227543933,19.5,17.213586679528063,18.8",2023-12-13 12:25:06
7095541,The Fund For Peace,Fragile State Index,X1: External Intervention,2023,104,58,9,0.94962,2011,"2.4,2.4,2.2,2.0,1.9,1.6,1.4,1.1,1.2",2013,"2.0,1.9,1.4,1.1,1.0,0.7,0.7,0.5,0.5",2023-12-20 12:41:22
496135,The Fund For Peace,Fragile State Index,Total,2023,104,126,9,0.93258,2011,"25.3,26.5,24.8,26.1,24.6,22.5,22.3,20.7393047786885,20.6",2013,"43.0,43.2,43.0,42.4,41.7,39.40955428935555,38.1,36.47089084336904,38.7",2023-12-13 12:25:11
4959409,The Fund For Peace,Fragile State Index,P1: State Legitimacy,2023,104,126,9,0.96855,2011,"2.0,2.2,1.9,1.8,1.5,1.2,1.0,0.7,0.7",2013,"3.8,3.5,3.2,2.9,2.7,2.4000000000000004,2.1,1.8,1.5",2023-12-18 15:59:57
496636,The Fund For Peace,Fragile State Index,Total,2023,104,92,9,0.9423,2011,"25.3,26.5,24.8,26.1,24.6,22.5,22.3,20.7393047786885,20.6",2015,"99.9,99.8,99.5,98.09458991085197,95.5,92.90207550854626,92.0,91.3,89.90000000000002",2023-12-13 12:25:46
7095759,The Fund For Peace,Fragile State Index,X1: External Intervention,2023,104,92,9,0.95876,2011,"2.4,2.4,2.2,2.0,1.9,1.6,1.4,1.1,1.2",2015,"8.8,8.5,8.3,8.3,8.0,7.7,7.4,7.5,7.2",2023-12-20 12:41:39
496898,The Fund For Peace,Fragile State Index,Total,2023,104,209,9,0.95176,2011,"25.3,26.5,24.8,26.1,24.6,22.5,22.3,20.7393047786885,20.6",2014,"112.9,114.5,113.8,113.9,113.35731518994112,112.2,110.75219038198196,109.4,108.4",2023-12-13 12:26:05
7095844,The Fund For Peace,Fragile State Index,X1: External Intervention,2023,104,209,9,0.94929,2011,"2.4,2.4,2.2,2.0,1.9,1.6,1.4,1.1,1.2",2014,"9.9,10.0,10.0,9.8,9.624950491181016,9.4,9.45741927196228,9.3,9.1",2023-12-20 12:41:46
4959444,The Fund For Peace,Fragile State Index,P1: State Legitimacy,2023,104,81,9,0.94911,2011,"2.0,2.2,1.9,1.8,1.5,1.2,1.0,0.7,0.7",2009,"2.3,2.1,1.9,1.7,1.4,1.5,1.2,1.0,1.0",2023-12-18 15:59:59
7095596,The Fund For Peace,Fragile State Index,X1: External Intervention,2023,104,81,9,0.95109,2011,"2.4,2.4,2.2,2.0,1.9,1.6,1.4,1.1,1.2",2009,"2.4,2.2,2.0,1.7,1.4,1.6,1.3,1.0,1.0",2023-12-20 12:41:26
496144,The Fund For Peace,Fragile State Index,Total,2023,104,52,9,0.91094,2011,"25.3,26.5,24.8,26.1,24.6,22.5,22.3,20.7393047786885,20.6",2012,"49.7,48.7,48.5,46.8,45.1,44.1,43.236723940075855,42.0,40.184017849675776",2023-12-13 12:25:12
4959417,The Fund For Peace,Fragile State Index,P1: State Legitimacy,2023,104,52,9,0.98869,2011,"2.0,2.2,1.9,1.8,1.5,1.2,1.0,0.7,0.7",2012,"3.2,3.5,3.2,2.9,2.6,2.4,2.1,1.8,1.5",2023-12-18 15:59:58
496759,The Fund For Peace,Fragile State Index,Total,2023,104,86,9,0.92018,2011,"25.3,26.5,24.8,26.1,24.6,22.5,22.3,20.7393047786885,20.6",2012,"65.0,64.6,65.2,63.5,63.0,61.5,59.9,57.6,55.24684546356435",2023-12-13 12:25:56
4959630,The Fund For Peace,Fragile State Index,P1: State Legitimacy,2023,104,86,9,0.97917,2011,"2.0,2.2,1.9,1.8,1.5,1.2,1.0,0.7,0.7",2012,"6.2,6.2,6.2,5.9,5.6,5.4,5.2,4.9,4.6000000000000005",2023-12-18 16:00:11
496691,The Fund For Peace,Fragile State Index,Total,2023,104,226,9,0.91316,2011,"25.3,26.5,24.8,26.1,24.6,22.5,22.3,20.7393047786885,20.6",2008,"67.0,66.7,66.1,63.7,64.4,62.6,61.3,58.7,57.8",2023-12-13 12:25:51
7095776,The Fund For Peace,Fragile State Index,X1: External Intervention,2023,104,226,9,0.98602,2011,"2.4,2.4,2.2,2.0,1.9,1.6,1.4,1.1,1.2",2008,"5.4,5.3,5.1,4.8,4.5,4.2,3.9,3.6,3.3",2023-12-20 12:41:41
496218,The Fund For Peace,Fragile State Index,Total,2023,104,67,9,0.92592,2011,"25.3,26.5,24.8,26.1,24.6,22.5,22.3,20.7393047786885,20.6",2014,"45.2,43.7,43.4,44.7,42.990053644081904,40.8,38.52345451018706,39.50000000000001,37.7",2023-12-13 12:25:17
4959467,The Fund For Peace,Fragile State Index,P1: State Legitimacy,2023,104,67,9,0.97282,2011,"2.0,2.2,1.9,1.8,1.5,1.2,1.0,0.7,0.7",2014,"3.5,3.2,2.9,2.7,2.4000000000000004,2.1,1.8,1.5,1.2",2023-12-18 16:00:01
496631,The Fund For Peace,Fragile State Index,Total,2023,104,229,9,0.91624,2011,"25.3,26.5,24.8,26.1,24.6,22.5,22.3,20.7393047786885,20.6",2015,"77.4,76.0,74.4,72.62111503765558,71.4,69.05814193586684,68.20000000000002,66.5,64.5",2023-12-13 12:25:46
7095755,The Fund For Peace,Fragile State Index,X1: External Intervention,2023,104,229,9,0.9825,2011,"2.4,2.4,2.2,2.0,1.9,1.6,1.4,1.1,1.2",2015,"4.6,4.3,4.1,3.8,3.5,3.2,2.9,2.6,2.3",2023-12-20 12:41:39
1967085,The Fund For Peace,Fragile State Index,C1: Security Apparatus,2023,104,40,9,0.98041,2006,"1.0,1.0,1.0,1.1,1.4,1.6,1.7,1.8,2.1",2006,"1.0,1.0,1.0,1.1,1.2,1.5,1.8,1.8,2.1",2023-12-15 03:45:40
2336920,The Fund For Peace,Fragile State Index,C2: Factionalized Elites,2023,104,40,9,0.91829,2006,"1.0,1.0,1.0,1.3,1.5,1.4,1.4,1.3,1.3",2006,"1.6,1.6,1.8,2.4,2.4,2.5,2.5,2.5,2.5",2023-12-15 10:53:03
496778,The Fund For Peace,Fragile State Index,Total,2023,104,33,9,0.95241,2011,"25.3,26.5,24.8,26.1,24.6,22.5,22.3,20.7393047786885,20.6",2013,"63.2,63.6,63.0,62.0,61.6,59.80623958429162,57.5,56.60002751710281,56.3",2023-12-13 12:25:57
7095795,The Fund For Peace,Fragile State Index,X1: External Intervention,2023,104,33,9,0.9459,2011,"2.4,2.4,2.2,2.0,1.9,1.6,1.4,1.1,1.2",2013,"4.1,4.1,4.1,3.8,3.6,3.3000000000000003,3.3,3.3,3.3",2023-12-20 12:41:43
496157,The Fund For Peace,Fragile State Index,Total,2023,104,138,9,0.93091,2011,"25.3,26.5,24.8,26.1,24.6,22.5,22.3,20.7393047786885,20.6",2012,"44.7,44.5,46.1,45.2,43.2,41.7,40.49020053885572,38.9,37.18472003299283",2023-12-13 12:25:13
4959428,The Fund For Peace,Fragile State Index,P1: State Legitimacy,2023,104,138,9,0.96698,2011,"2.0,2.2,1.9,1.8,1.5,1.2,1.0,0.7,0.7",2012,"4.4,4.1,3.8,3.5,3.2,3.0,2.7,2.4,2.1",2023-12-18 15:59:58
496034,The Fund For Peace,Fragile State Index,Total,2023,104,202,9,0.94869,2011,"25.3,26.5,24.8,26.1,24.6,22.5,22.3,20.7393047786885,20.6",2013,"45.3,45.3,42.6,44.9,44.3,42.47488888000861,40.5,38.22181460375541,39.00000000000001",2023-12-13 12:25:04
7095513,The Fund For Peace,Fragile State Index,X1: External Intervention,2023,104,202,9,0.94898,2011,"2.4,2.4,2.2,2.0,1.9,1.6,1.4,1.1,1.2",2013,"3.9,3.6,3.3,3.5,3.3,3.0,2.7,2.4000000000000004,2.1",2023-12-20 12:41:21
496822,The Fund For Peace,Fragile State Index,Total,2023,104,134,9,0.94088,2011,"25.3,26.5,24.8,26.1,24.6,22.5,22.3,20.7393047786885,20.6",2011,"45.4,43.8,42.4,43.0,40.9,39.6,38.6,36.2062447804085,34.5",2023-12-13 12:26:00
7095823,The Fund For Peace,Fragile State Index,X1: External Intervention,2023,104,134,9,0.95666,2011,"2.4,2.4,2.2,2.0,1.9,1.6,1.4,1.1,1.2",2011,"4.4,4.1,3.8,3.9,3.6,3.5,3.3,3.0,2.8",2023-12-20 12:41:45
496525,The Fund For Peace,Fragile State Index,Total,2023,104,173,9,0.91865,2011,"25.3,26.5,24.8,26.1,24.6,22.5,22.3,20.7393047786885,20.6",2012,"73.5,72.3,72.9,72.0,72.0,70.3,70.0729820656276,68.2,67.62810848276709",2023-12-13 12:25:39
7095697,The Fund For Peace,Fragile State Index,X1: External Intervention,2023,104,173,9,0.97844,2011,"2.4,2.4,2.2,2.0,1.9,1.6,1.4,1.1,1.2",2012,"4.8,4.5,4.4,4.0,3.7,3.5,3.2,2.9,2.6",2023-12-20 12:41:33
495921,The Fund For Peace,Fragile State Index,Total,2023,104,56,9,0.94131,2011,"25.3,26.5,24.8,26.1,24.6,22.5,22.3,20.7393047786885,20.6",2012,"66.8,67.0,67.9,66.2,64.0,62.6,60.286306956278125,57.8,56.05796495249495",2023-12-13 12:24:57
4959346,The Fund For Peace,Fragile State Index,P1: State Legitimacy,2023,104,56,9,0.95532,2011,"2.0,2.2,1.9,1.8,1.5,1.2,1.0,0.7,0.7",2012,"5.2,5.5,5.6,5.3,5.0,4.8,4.5,4.2,3.9",2023-12-18 15:59:53
4959479,The Fund For Peace,Fragile State Index,P1: State Legitimacy,2023,104,48,9,0.90494,2011,"2.0,2.2,1.9,1.8,1.5,1.2,1.0,0.7,0.7",2009,"7.9,7.7,7.5,7.4,7.3,7.4,7.1,6.5,6.3",2023-12-18 16:00:01
7095627,The Fund For Peace,Fragile State Index,X1: External Intervention,2023,104,48,9,0.99108,2011,"2.4,2.4,2.2,2.0,1.9,1.6,1.4,1.1,1.2",2009,"8.0,8.0,7.7,7.4,7.1,6.8,6.5,6.2,6.0",2023-12-20 12:41:29
496655,The Fund For Peace,Fragile State Index,Total,2023,104,61,9,0.92788,2011,"25.3,26.5,24.8,26.1,24.6,22.5,22.3,20.7393047786885,20.6",2013,"73.2,73.4,71.2,70.8,69.0,69.19632518627424,66.2,64.35620204936144,64.7",2023-12-13 12:25:48
7095762,The Fund For Peace,Fragile State Index,X1: External Intervention,2023,104,61,9,0.96807,2011,"2.4,2.4,2.2,2.0,1.9,1.6,1.4,1.1,1.2",2013,"5.9,5.8,5.9,5.6,5.4,5.1000000000000005,4.8,4.5,4.2",2023-12-20 12:41:40
496608,The Fund For Peace,Fragile State Index,Total,2023,104,25,9,0.92656,2011,"25.3,26.5,24.8,26.1,24.6,22.5,22.3,20.7393047786885,20.6",2008,"85.4,87.3,87.3,85.0,82.4,81.8,80.9,78.7,77.6",2023-12-13 12:25:44
4959550,The Fund For Peace,Fragile State Index,P1: State Legitimacy,2023,104,25,9,0.96906,2011,"2.0,2.2,1.9,1.8,1.5,1.2,1.0,0.7,0.7",2008,"7.7,7.4,6.9,6.6,6.3,6.0,5.5,5.0,4.5",2023-12-18 16:00:06
496594,The Fund For Peace,Fragile State Index,Total,2023,104,137,9,0.91906,2011,"25.3,26.5,24.8,26.1,24.6,22.5,22.3,20.7393047786885,20.6",2014,"93.0,94.9,95.4,93.7,92.15282858350264,90.1,88.74246859603146,89.10000000000001,87.89999999999999",2023-12-13 12:25:43
7095735,The Fund For Peace,Fragile State Index,X1: External Intervention,2023,104,137,9,0.97556,2011,"2.4,2.4,2.2,2.0,1.9,1.6,1.4,1.1,1.2",2014,"8.2,8.5,8.2,8.0,7.7,7.4,7.1000000000000005,6.8,6.5",2023-12-20 12:41:35
5741177,The Fund For Peace,Fragile State Index,P3: Human Rights,2023,104,33,9,0.96362,2011,"1.2,1.3,1.3,1.2,1.2,1.1,1.4,1.7,1.8",2007,"6.6,6.8,6.8,6.9,6.7,6.6,6.9,7.4,7.7",2023-12-19 08:23:06
7095789,The Fund For Peace,Fragile State Index,X1: External Intervention,2023,104,33,9,0.93076,2011,"2.4,2.4,2.2,2.0,1.9,1.6,1.4,1.1,1.2",2007,"4.7,4.7,4.7,4.7,4.7,4.4,4.1,4.1,4.1",2023-12-20 12:41:42
2885492,The Fund For Peace,Fragile State Index,E1: Economy,2023,104,101,9,0.94962,2011,"3.9,3.8,3.9,4.2,4.1,3.6,3.4,3.1,2.8",2006,"6.8,6.5,6.3,6.9,6.7,6.4,6.0,5.5,5.5",2023-12-16 07:20:39
7095635,The Fund For Peace,Fragile State Index,X1: External Intervention,2023,104,101,9,0.94456,2011,"2.4,2.4,2.2,2.0,1.9,1.6,1.4,1.1,1.2",2006,"7.3,6.9,6.9,6.9,6.7,6.5,6.2,5.9,5.6",2023-12-20 12:41:29
1967178,The Fund For Peace,Fragile State Index,C1: Security Apparatus,2023,104,122,9,0.95074,2006,"1.0,1.0,1.0,1.1,1.4,1.6,1.7,1.8,2.1",2012,"5.5,5.2,4.9,5.6,5.9,6.2,6.192950347524725,6.5,6.680287113355039",2023-12-15 03:45:46
2336966,The Fund For Peace,Fragile State Index,C2: Factionalized Elites,2023,104,122,9,0.94324,2006,"1.0,1.0,1.0,1.3,1.5,1.4,1.4,1.3,1.3",2012,"7.0,7.0,7.0,7.3,7.3,7.3,7.3,7.3,7.3",2023-12-15 10:53:07
496156,The Fund For Peace,Fragile State Index,Total,2023,104,138,9,0.92575,2011,"25.3,26.5,24.8,26.1,24.6,22.5,22.3,20.7393047786885,20.6",2011,"44.2,44.7,44.5,46.1,45.2,43.2,41.7,40.49020053885572,38.9",2023-12-13 12:25:13
4959427,The Fund For Peace,Fragile State Index,P1: State Legitimacy,2023,104,138,9,0.96812,2011,"2.0,2.2,1.9,1.8,1.5,1.2,1.0,0.7,0.7",2011,"4.7,4.4,4.1,3.8,3.5,3.2,3.0,2.7,2.4",2023-12-18 15:59:58
2885480,The Fund For Peace,Fragile State Index,E1: Economy,2023,104,67,9,0.90935,2011,"3.9,3.8,3.9,4.2,4.1,3.6,3.4,3.1,2.8",2012,"3.8,3.5,3.8,3.6,3.7,3.5,3.440499334167319,3.1,2.8000000000000003",2023-12-16 07:20:38
4959465,The Fund For Peace,Fragile State Index,P1: State Legitimacy,2023,104,67,9,0.98448,2011,"2.0,2.2,1.9,1.8,1.5,1.2,1.0,0.7,0.7",2012,"3.8,3.8,3.5,3.2,2.9,2.7,2.4000000000000004,2.1,1.8",2023-12-18 16:00:01
4959648,The Fund For Peace,Fragile State Index,P1: State Legitimacy,2023,104,127,9,0.92504,2011,"2.0,2.2,1.9,1.8,1.5,1.2,1.0,0.7,0.7",2012,"2.2,1.9,1.6,1.3,1.0,1.0,0.7,0.7,0.5",2023-12-18 16:00:12
7095800,The Fund For Peace,Fragile State Index,X1: External Intervention,2023,104,127,9,0.96781,2011,"2.4,2.4,2.2,2.0,1.9,1.6,1.4,1.1,1.2",2012,"2.3,2.0,1.9,1.6,1.3,1.1,0.8,0.8,0.5",2023-12-20 12:41:43
496607,The Fund For Peace,Fragile State Index,Total,2023,104,25,9,0.92532,2011,"25.3,26.5,24.8,26.1,24.6,22.5,22.3,20.7393047786885,20.6",2007,"86.4,85.4,87.3,87.3,85.0,82.4,81.8,80.9,78.7",2023-12-13 12:25:44
4959549,The Fund For Peace,Fragile State Index,P1: State Legitimacy,2023,104,25,9,0.96745,2011,"2.0,2.2,1.9,1.8,1.5,1.2,1.0,0.7,0.7",2007,"8.0,7.7,7.4,6.9,6.6,6.3,6.0,5.5,5.0",2023-12-18 16:00:06
496184,The Fund For Peace,Fragile State Index,Total,2023,104,81,9,0.92124,2011,"25.3,26.5,24.8,26.1,24.6,22.5,22.3,20.7393047786885,20.6",2006,"39.7,38.4,37.3,36.2,35.4,33.9,31.7,29.7,30.6",2023-12-13 12:25:15
4959441,The Fund For Peace,Fragile State Index,P1: State Legitimacy,2023,104,81,9,0.97141,2011,"2.0,2.2,1.9,1.8,1.5,1.2,1.0,0.7,0.7",2006,"2.3,2.3,2.3,2.3,2.1,1.9,1.7,1.4,1.5",2023-12-18 15:59:59
496232,The Fund For Peace,Fragile State Index,Total,2023,104,3,9,0.91084,2011,"25.3,26.5,24.8,26.1,24.6,22.5,22.3,20.7393047786885,20.6",2014,"78.8,79.6,78.3,76.8,75.78505154191771,75.4,74.57518290066574,73.6,72.2",2023-12-13 12:25:18
7095607,The Fund For Peace,Fragile State Index,X1: External Intervention,2023,104,3,9,0.9812,2011,"2.4,2.4,2.2,2.0,1.9,1.6,1.4,1.1,1.2",2014,"5.7,5.4,5.1,4.9,4.6000000000000005,4.3,4.0,3.7,3.4",2023-12-20 12:41:27
496768,The Fund For Peace,Fragile State Index,Total,2023,104,198,9,0.92437,2011,"25.3,26.5,24.8,26.1,24.6,22.5,22.3,20.7393047786885,20.6",2012,"65.1,64.0,63.7,62.1,60.2,59.4,56.754155689071474,55.2,54.6754977355289",2023-12-13 12:25:56
4959639,The Fund For Peace,Fragile State Index,P1: State Legitimacy,2023,104,198,9,0.96756,2011,"2.0,2.2,1.9,1.8,1.5,1.2,1.0,0.7,0.7",2012,"6.3,6.3,6.0,5.7,5.7,5.5,5.2,4.9,4.6000000000000005",2023-12-18 16:00:11
496024,The Fund For Peace,Fragile State Index,Total,2023,104,120,9,0.92289,2011,"25.3,26.5,24.8,26.1,24.6,22.5,22.3,20.7393047786885,20.6",2013,"47.9,48.0,48.5,47.4,46.4,44.899921744994565,43.9,42.31122746144478,44.0",2023-12-13 12:25:04
4959379,The Fund For Peace,Fragile State Index,P1: State Legitimacy,2023,104,120,9,0.96855,2011,"2.0,2.2,1.9,1.8,1.5,1.2,1.0,0.7,0.7",2013,"4.5,4.2,3.9,3.6,3.4,3.1,2.8,2.5,2.2",2023-12-18 15:59:55
496889,The Fund For Peace,Fragile State Index,Total,2023,104,37,9,0.91705,2011,"25.3,26.5,24.8,26.1,24.6,22.5,22.3,20.7393047786885,20.6",2014,"74.1,73.5,71.5,70.1,68.00000000000001,66.6,64.7781708998417,64.2,61.4",2023-12-13 12:26:04
4959699,The Fund For Peace,Fragile State Index,P1: State Legitimacy,2023,104,37,9,0.97436,2011,"2.0,2.2,1.9,1.8,1.5,1.2,1.0,0.7,0.7",2014,"6.0,5.7,5.5,5.3,5.0,4.7,4.4,4.1,3.8",2023-12-18 16:00:16
496015,The Fund For Peace,Fragile State Index,Total,2023,104,23,9,0.92333,2011,"25.3,26.5,24.8,26.1,24.6,22.5,22.3,20.7393047786885,20.6",2014,"78.2,78.8,78.9,77.6,75.69009689938682,73.6,72.54479808532312,72.8,72.5",2023-12-13 12:25:03
7095506,The Fund For Peace,Fragile State Index,X1: External Intervention,2023,104,23,9,0.96805,2011,"2.4,2.4,2.2,2.0,1.9,1.6,1.4,1.1,1.2",2014,"7.6,7.1,6.8,6.6,6.3,6.0,5.777981320422433,5.5,5.2",2023-12-20 12:41:20
496622,The Fund For Peace,Fragile State Index,Total,2023,104,229,9,0.92815,2011,"25.3,26.5,24.8,26.1,24.6,22.5,22.3,20.7393047786885,20.6",2006,"86.1,87.5,86.2,84.3,82.5,79.7,77.4,76.7,78.2",2023-12-13 12:25:45
7095746,The Fund For Peace,Fragile State Index,X1: External Intervention,2023,104,229,9,0.96251,2011,"2.4,2.4,2.2,2.0,1.9,1.6,1.4,1.1,1.2",2006,"6.0,6.5,6.3,6.0,5.6,5.2,4.9,4.6,4.9",2023-12-20 12:41:38
496811,The Fund For Peace,Fragile State Index,Total,2023,104,234,9,0.90013,2011,"25.3,26.5,24.8,26.1,24.6,22.5,22.3,20.7393047786885,20.6",2009,"51.8,52.4,50.4,48.9,47.3,47.6,46.2,44.5,43.7",2023-12-13 12:25:59
7095813,The Fund For Peace,Fragile State Index,X1: External Intervention,2023,104,234,9,0.99002,2011,"2.4,2.4,2.2,2.0,1.9,1.6,1.4,1.1,1.2",2009,"4.5,4.5,4.1,3.8,3.5,3.2,2.9,2.6,2.4",2023-12-20 12:41:44
495832,The Fund For Peace,Fragile State Index,Total,2023,104,196,9,0.9524,2011,"25.3,26.5,24.8,26.1,24.6,22.5,22.3,20.7393047786885,20.6",2014,"82.8,82.9,83.6,82.3,79.62828847155544,77.2,74.5646477541905,73.39999999999999,72.10000000000001",2023-12-13 12:24:52
4959316,The Fund For Peace,Fragile State Index,P1: State Legitimacy,2023,104,196,9,0.93756,2011,"2.0,2.2,1.9,1.8,1.5,1.2,1.0,0.7,0.7",2014,"6.0,5.5,5.2,4.7,4.4,4.1,3.8,3.6,3.7",2023-12-18 15:59:51
496500,The Fund For Peace,Fragile State Index,Total,2023,104,54,9,0.93576,2011,"25.3,26.5,24.8,26.1,24.6,22.5,22.3,20.7393047786885,20.6",2007,"78.6,78.6,80.6,79.4,76.6,73.1,72.8,70.8,67.4",2023-12-13 12:25:37
2885505,The Fund For Peace,Fragile State Index,E1: Economy,2023,104,54,9,0.95376,2011,"3.9,3.8,3.9,4.2,4.1,3.6,3.4,3.1,2.8",2007,"6.3,6.1,6.3,6.3,6.0,5.5,5.2,4.8,4.5",2023-12-16 07:20:40
495968,The Fund For Peace,Fragile State Index,Total,2023,104,221,9,0.90691,2011,"25.3,26.5,24.8,26.1,24.6,22.5,22.3,20.7393047786885,20.6",2015,"79.1,78.8,76.2,74.98003133114115,73.1,70.81357974524154,70.89999999999999,70.0,68.0",2023-12-13 12:25:00
7095484,The Fund For Peace,Fragile State Index,X1: External Intervention,2023,104,221,9,0.9825,2011,"2.4,2.4,2.2,2.0,1.9,1.6,1.4,1.1,1.2",2015,"4.3,4.0,3.8,3.5,3.2,2.9000000000000004,2.6,2.3,2.0",2023-12-20 12:41:19
2336926,The Fund For Peace,Fragile State Index,C2: Factionalized Elites,2023,104,235,9,0.94864,2006,"1.0,1.0,1.0,1.3,1.5,1.4,1.4,1.3,1.3",2007,"2.7,2.7,2.9,3.2,3.6,3.6,3.5,3.5,3.5",2023-12-15 10:53:04
3468965,The Fund For Peace,Fragile State Index,E2: Economic Inequality,2023,104,235,9,0.94013,2006,"3.0,2.9,3.0,3.0,2.8,2.6,2.7,2.5,2.7",2007,"4.7,4.5,4.7,4.5,4.2,3.9,3.6,3.4,3.7",2023-12-16 18:11:27
496253,The Fund For Peace,Fragile State Index,Total,2023,104,183,9,0.91077,2011,"25.3,26.5,24.8,26.1,24.6,22.5,22.3,20.7393047786885,20.6",2013,"89.3,90.5,90.2,91.3,90.8,89.28772432240727,87.5,86.02952230051775,84.99999999999999",2023-12-13 12:25:19
7095620,The Fund For Peace,Fragile State Index,X1: External Intervention,2023,104,183,9,0.97788,2011,"2.4,2.4,2.2,2.0,1.9,1.6,1.4,1.1,1.2",2013,"8.0,8.1,7.8,7.7,7.5,7.2,6.9,6.6000000000000005,6.3",2023-12-20 12:41:28
496871,The Fund For Peace,Fragile State Index,Total,2023,104,129,9,0.90743,2011,"25.3,26.5,24.8,26.1,24.6,22.5,22.3,20.7393047786885,20.6",2014,"83.1,83.6,84.2,84.0,83.57162962089447,80.9,79.53029880171496,79.49999999999999,80.4",2023-12-13 12:26:03
7095837,The Fund For Peace,Fragile State Index,X1: External Intervention,2023,104,129,9,0.9812,2011,"2.4,2.4,2.2,2.0,1.9,1.6,1.4,1.1,1.2",2014,"7.6,7.3,7.0,6.8,6.5,6.2,5.9,5.6,5.3",2023-12-20 12:41:46
495954,The Fund For Peace,Fragile State Index,Total,2023,104,163,9,0.94775,2011,"25.3,26.5,24.8,26.1,24.6,22.5,22.3,20.7393047786885,20.6",2006,"75.1,74.1,74.6,74.4,72.7,71.0,69.1,68.0,66.4",2023-12-13 12:24:59
4959363,The Fund For Peace,Fragile State Index,P1: State Legitimacy,2023,104,163,9,0.94074,2011,"2.0,2.2,1.9,1.8,1.5,1.2,1.0,0.7,0.7",2006,"7.2,7.3,7.6,7.4,6.9,6.7,6.4,6.1,5.8",2023-12-18 15:59:54
496524,The Fund For Peace,Fragile State Index,Total,2023,104,173,9,0.91071,2011,"25.3,26.5,24.8,26.1,24.6,22.5,22.3,20.7393047786885,20.6",2011,"73.6,73.5,72.3,72.9,72.0,72.0,70.3,70.0729820656276,68.2",2023-12-13 12:25:39
7095696,The Fund For Peace,Fragile State Index,X1: External Intervention,2023,104,173,9,0.9771,2011,"2.4,2.4,2.2,2.0,1.9,1.6,1.4,1.1,1.2",2011,"5.1,4.8,4.5,4.4,4.0,3.7,3.5,3.2,2.9",2023-12-20 12:41:33
1967130,The Fund For Peace,Fragile State Index,C1: Security Apparatus,2023,104,236,9,0.95928,2006,"1.0,1.0,1.0,1.1,1.4,1.6,1.7,1.8,2.1",2013,"2.2,2.7,2.8,2.9,3.2,3.464329018518069,3.5,3.8,4.3",2023-12-15 03:45:42
3468972,The Fund For Peace,Fragile State Index,E2: Economic Inequality,2023,104,236,9,0.92837,2006,"3.0,2.9,3.0,3.0,2.8,2.6,2.7,2.5,2.7",2013,"4.8,4.5,4.8,4.5,4.3,4.0,3.7,3.4000000000000004,3.7",2023-12-16 18:11:27
496727,The Fund For Peace,Fragile State Index,Total,2023,104,213,9,0.9369,2011,"25.3,26.5,24.8,26.1,24.6,22.5,22.3,20.7393047786885,20.6",2010,"72.5,71.1,71.2,71.2,70.6,68.4,66.7,65.9,64.01235952203785",2023-12-13 12:25:54
4959603,The Fund For Peace,Fragile State Index,P1: State Legitimacy,2023,104,213,9,0.95074,2011,"2.0,2.2,1.9,1.8,1.5,1.2,1.0,0.7,0.7",2010,"6.5,6.1,6.4,6.1,5.8,5.5,5.2,5.0,4.7",2023-12-18 16:00:09
496810,The Fund For Peace,Fragile State Index,Total,2023,104,234,9,0.91829,2011,"25.3,26.5,24.8,26.1,24.6,22.5,22.3,20.7393047786885,20.6",2008,"51.2,51.8,52.4,50.4,48.9,47.3,47.6,46.2,44.5",2023-12-13 12:25:59
7095812,The Fund For Peace,Fragile State Index,X1: External Intervention,2023,104,234,9,0.96917,2011,"2.4,2.4,2.2,2.0,1.9,1.6,1.4,1.1,1.2",2008,"4.3,4.5,4.5,4.1,3.8,3.5,3.2,2.9,2.6",2023-12-20 12:41:44
496832,The Fund For Peace,Fragile State Index,Total,2023,104,72,9,0.92528,2011,"25.3,26.5,24.8,26.1,24.6,22.5,22.3,20.7393047786885,20.6",2014,"79.0,76.7,76.2,76.9,74.51822129476686,71.7,69.85212211648623,70.4,68.9",2023-12-13 12:26:00
4959662,The Fund For Peace,Fragile State Index,P1: State Legitimacy,2023,104,72,9,0.96192,2011,"2.0,2.2,1.9,1.8,1.5,1.2,1.0,0.7,0.7",2014,"7.8,7.4,7.1,6.9,6.6000000000000005,6.3,6.0,5.7,5.8",2023-12-18 16:00:13
496604,The Fund For Peace,Fragile State Index,Total,2023,104,219,9,0.91098,2011,"25.3,26.5,24.8,26.1,24.6,22.5,22.3,20.7393047786885,20.6",2014,"84.6,83.4,83.8,81.8,79.5020376295363,77.7,75.50515391672525,75.1,75.0",2023-12-13 12:25:44
7095741,The Fund For Peace,Fragile State Index,X1: External Intervention,2023,104,219,9,0.97608,2011,"2.4,2.4,2.2,2.0,1.9,1.6,1.4,1.1,1.2",2014,"6.7,6.4,6.1,5.9,5.600030914735103,5.3,5.182169395074785,4.9,5.0",2023-12-20 12:41:37
4959389,The Fund For Peace,Fragile State Index,P1: State Legitimacy,2023,104,21,9,0.90376,2011,"2.0,2.2,1.9,1.8,1.5,1.2,1.0,0.7,0.7",2009,"2.8,2.3,2.7,2.4,2.1,2.0,1.9,1.6,1.4",2023-12-18 15:59:56
7095543,The Fund For Peace,Fragile State Index,X1: External Intervention,2023,104,21,9,0.98318,2011,"2.4,2.4,2.2,2.0,1.9,1.6,1.4,1.1,1.2",2009,"3.0,2.8,2.6,2.3,2.0,1.9,1.5,1.2,1.0",2023-12-20 12:41:23
495884,The Fund For Peace,Fragile State Index,Total,2023,104,170,9,0.94952,2011,"25.3,26.5,24.8,26.1,24.6,22.5,22.3,20.7393047786885,20.6",2006,"59.6,59.4,58.6,59.7,59.3,57.8,56.1,55.8,55.7",2023-12-13 12:24:55
2885459,The Fund For Peace,Fragile State Index,E1: Economy,2023,104,170,9,0.93737,2011,"3.9,3.8,3.9,4.2,4.1,3.6,3.4,3.1,2.8",2006,"5.7,5.8,5.6,5.6,5.6,4.9,4.3,3.8,3.7",2023-12-16 07:20:37
496842,The Fund For Peace,Fragile State Index,Total,2023,104,204,9,0.92139,2011,"25.3,26.5,24.8,26.1,24.6,22.5,22.3,20.7393047786885,20.6",2014,"86.4,85.9,85.3,84.8,83.10491831793692,81.9,79.74524648137532,79.30000000000001,80.39999999999999",2023-12-13 12:26:01
4959669,The Fund For Peace,Fragile State Index,P1: State Legitimacy,2023,104,204,9,0.96524,2011,"2.0,2.2,1.9,1.8,1.5,1.2,1.0,0.7,0.7",2014,"7.0,7.3,7.0,6.8,6.5,6.2,5.9,5.6,6.1",2023-12-18 16:00:13
4959295,The Fund For Peace,Fragile State Index,P1: State Legitimacy,2023,104,29,9,0.90686,2011,"2.0,2.2,1.9,1.8,1.5,1.2,1.0,0.7,0.7",2006,"5.5,5.4,5.4,5.8,5.3,5.0,4.7,4.4,4.1",2023-12-18 15:59:50
7095418,The Fund For Peace,Fragile State Index,X1: External Intervention,2023,104,29,9,0.97964,2011,"2.4,2.4,2.2,2.0,1.9,1.6,1.4,1.1,1.2",2006,"6.0,6.0,6.0,5.8,5.8,5.4,5.1,4.8,4.9",2023-12-20 12:41:15
5741172,The Fund For Peace,Fragile State Index,P3: Human Rights,2023,104,123,9,0.91163,2011,"1.2,1.3,1.3,1.2,1.2,1.1,1.4,1.7,1.8",2015,"6.7,6.7,6.5,6.2,6.5,6.2,6.7,7.0,7.5",2023-12-19 08:23:05
7095674,The Fund For Peace,Fragile State Index,X1: External Intervention,2023,104,123,9,0.9745,2011,"2.4,2.4,2.2,2.0,1.9,1.6,1.4,1.1,1.2",2015,"10.0,9.5,9.3,9.0,8.7,8.399999999999999,8.1,7.8,7.5",2023-12-20 12:41:31
496041,The Fund For Peace,Fragile State Index,Total,2023,104,200,9,0.95571,2011,"25.3,26.5,24.8,26.1,24.6,22.5,22.3,20.7393047786885,20.6",2013,"34.0,35.9,34.4,32.9,32.5,30.421202731235,28.1,26.3261946557654,26.6",2023-12-13 12:25:05
7095522,The Fund For Peace,Fragile State Index,X1: External Intervention,2023,104,200,9,0.93034,2011,"2.4,2.4,2.2,2.0,1.9,1.6,1.4,1.1,1.2",2013,"2.2,2.0,1.7,1.4,1.2,1.2,1.0,1.0,0.7",2023-12-20 12:41:21
496602,The Fund For Peace,Fragile State Index,Total,2023,104,219,9,0.92595,2011,"25.3,26.5,24.8,26.1,24.6,22.5,22.3,20.7393047786885,20.6",2012,"85.7,85.2,84.6,83.4,83.8,81.8,79.5020376295363,77.7,75.50515391672525",2023-12-13 12:25:44
7095739,The Fund For Peace,Fragile State Index,X1: External Intervention,2023,104,219,9,0.96,2011,"2.4,2.4,2.2,2.0,1.9,1.6,1.4,1.1,1.2",2012,"6.7,6.4,6.7,6.4,6.1,5.9,5.600030914735103,5.3,5.182169395074785",2023-12-20 12:41:37
496758,The Fund For Peace,Fragile State Index,Total,2023,104,86,9,0.91904,2011,"25.3,26.5,24.8,26.1,24.6,22.5,22.3,20.7393047786885,20.6",2011,"66.4,65.0,64.6,65.2,63.5,63.0,61.5,59.9,57.6",2023-12-13 12:25:56
4959629,The Fund For Peace,Fragile State Index,P1: State Legitimacy,2023,104,86,9,0.96656,2011,"2.0,2.2,1.9,1.8,1.5,1.2,1.0,0.7,0.7",2011,"6.2,6.2,6.2,6.2,5.9,5.6,5.4,5.2,4.9",2023-12-18 16:00:11
496360,The Fund For Peace,Fragile State Index,Total,2023,104,108,9,0.93052,2011,"25.3,26.5,24.8,26.1,24.6,22.5,22.3,20.7393047786885,20.6",2010,"101.2,102.8,103.6,103.5,101.7,100.1,97.9,96.5,94.56151916975632",2023-12-13 12:25:27
4959508,The Fund For Peace,Fragile State Index,P1: State Legitimacy,2023,104,108,9,0.95499,2011,"2.0,2.2,1.9,1.8,1.5,1.2,1.0,0.7,0.7",2010,"9.0,9.5,9.6,9.3,8.8,8.5,8.1,7.9,7.6",2023-12-18 16:00:03
4959483,The Fund For Peace,Fragile State Index,P1: State Legitimacy,2023,104,48,9,0.9573,2011,"2.0,2.2,1.9,1.8,1.5,1.2,1.0,0.7,0.7",2013,"7.3,7.4,7.1,6.5,6.3,6.0,5.7,5.8,5.5",2023-12-18 16:00:02
7095631,The Fund For Peace,Fragile State Index,X1: External Intervention,2023,104,48,9,0.92801,2011,"2.4,2.4,2.2,2.0,1.9,1.6,1.4,1.1,1.2",2013,"7.1,6.8,6.5,6.2,6.0,5.7,5.4,5.7,5.4",2023-12-20 12:41:29
496231,The Fund For Peace,Fragile State Index,Total,2023,104,3,9,0.92458,2011,"25.3,26.5,24.8,26.1,24.6,22.5,22.3,20.7393047786885,20.6",2013,"78.7,78.8,79.6,78.3,76.8,75.78505154191771,75.4,74.57518290066574,73.6",2023-12-13 12:25:18
7095606,The Fund For Peace,Fragile State Index,X1: External Intervention,2023,104,3,9,0.96047,2011,"2.4,2.4,2.2,2.0,1.9,1.6,1.4,1.1,1.2",2013,"5.2,5.7,5.4,5.1,4.9,4.6000000000000005,4.3,4.0,3.7",2023-12-20 12:41:27
4959445,The Fund For Peace,Fragile State Index,P1: State Legitimacy,2023,104,81,9,0.93589,2011,"2.0,2.2,1.9,1.8,1.5,1.2,1.0,0.7,0.7",2010,"2.1,1.9,1.7,1.4,1.5,1.2,1.0,1.0,0.7",2023-12-18 15:59:59
7095597,The Fund For Peace,Fragile State Index,X1: External Intervention,2023,104,81,9,0.94903,2011,"2.4,2.4,2.2,2.0,1.9,1.6,1.4,1.1,1.2",2010,"2.2,2.0,1.7,1.4,1.6,1.3,1.0,1.0,0.7",2023-12-20 12:41:26
496249,The Fund For Peace,Fragile State Index,Total,2023,104,239,9,0.94804,2011,"25.3,26.5,24.8,26.1,24.6,22.5,22.3,20.7393047786885,20.6",2013,"86.9,86.3,85.3,83.5,81.5,79.1,75.7,73.10388718030978,72.00000000000001",2023-12-13 12:25:19
7095617,The Fund For Peace,Fragile State Index,X1: External Intervention,2023,104,239,9,0.93657,2011,"2.4,2.4,2.2,2.0,1.9,1.6,1.4,1.1,1.2",2013,"5.4,5.4,5.1,4.8,4.6,4.1,4.1,4.263375520181347,4.0",2023-12-20 12:41:28
496612,The Fund For Peace,Fragile State Index,Total,2023,104,25,9,0.92532,2011,"25.3,26.5,24.8,26.1,24.6,22.5,22.3,20.7393047786885,20.6",2012,"82.4,81.8,80.9,78.7,77.6,76.0,74.27398470769302,72.0,69.50902262964706",2023-12-13 12:25:45
4959554,The Fund For Peace,Fragile State Index,P1: State Legitimacy,2023,104,25,9,0.95927,2011,"2.0,2.2,1.9,1.8,1.5,1.2,1.0,0.7,0.7",2012,"6.3,6.0,5.5,5.0,4.5,4.3,4.0,3.7,3.4000000000000004",2023-12-18 16:00:06
496167,The Fund For Peace,Fragile State Index,Total,2023,104,238,9,0.90682,2011,"25.3,26.5,24.8,26.1,24.6,22.5,22.3,20.7393047786885,20.6",2007,"40.9,41.4,41.2,41.3,40.4,40.5,38.4,37.9,36.4",2023-12-13 12:25:13
4959432,The Fund For Peace,Fragile State Index,P1: State Legitimacy,2023,104,238,9,0.97775,2011,"2.0,2.2,1.9,1.8,1.5,1.2,1.0,0.7,0.7",2007,"2.9,2.9,2.8,2.6,2.5,2.2,1.7,1.6,1.4",2023-12-18 15:59:59
4959333,The Fund For Peace,Fragile State Index,P1: State Legitimacy,2023,104,82,9,0.90654,2011,"2.0,2.2,1.9,1.8,1.5,1.2,1.0,0.7,0.7",2015,"5.0,4.7,4.2,3.9,3.6,3.3000000000000003,3.2,3.2,3.2",2023-12-18 15:59:52
7095456,The Fund For Peace,Fragile State Index,X1: External Intervention,2023,104,82,9,0.97767,2011,"2.4,2.4,2.2,2.0,1.9,1.6,1.4,1.1,1.2",2015,"6.6,6.9,6.7,6.597778969373875,6.3,6.0,5.7,5.4,5.5",2023-12-20 12:41:17
496595,The Fund For Peace,Fragile State Index,Total,2023,104,137,9,0.90162,2011,"25.3,26.5,24.8,26.1,24.6,22.5,22.3,20.7393047786885,20.6",2015,"94.9,95.4,93.7,92.15282858350264,90.1,88.74246859603146,89.10000000000001,87.89999999999999,87.0",2023-12-13 12:25:44
7095736,The Fund For Peace,Fragile State Index,X1: External Intervention,2023,104,137,9,0.9825,2011,"2.4,2.4,2.2,2.0,1.9,1.6,1.4,1.1,1.2",2015,"8.5,8.2,8.0,7.7,7.4,7.1000000000000005,6.8,6.5,6.2",2023-12-20 12:41:35
496372,The Fund For Peace,Fragile State Index,Total,2023,104,103,9,0.92856,2011,"25.3,26.5,24.8,26.1,24.6,22.5,22.3,20.7393047786885,20.6",2015,"104.4,104.7,105.4,102.20568542153823,99.1,95.94116979347216,96.2,93.8,91.4",2023-12-13 12:25:28
7095662,The Fund For Peace,Fragile State Index,X1: External Intervention,2023,104,103,9,0.95409,2011,"2.4,2.4,2.2,2.0,1.9,1.6,1.4,1.1,1.2",2015,"9.4,9.7,9.7,9.4,9.1,8.799999999999999,8.5,8.2,7.9",2023-12-20 12:41:31
4959318,The Fund For Peace,Fragile State Index,P1: State Legitimacy,2023,104,227,9,0.90015,2011,"2.0,2.2,1.9,1.8,1.5,1.2,1.0,0.7,0.7",2015,"7.0,6.7,6.5,6.6,6.7,6.2,5.9,6.0,5.7",2023-12-18 15:59:51
7095444,The Fund For Peace,Fragile State Index,X1: External Intervention,2023,104,227,9,0.9825,2011,"2.4,2.4,2.2,2.0,1.9,1.6,1.4,1.1,1.2",2015,"6.9,6.6,6.4,6.1000000000000005,5.8,5.5,5.2,4.9,4.6",2023-12-20 12:41:17
496185,The Fund For Peace,Fragile State Index,Total,2023,104,81,9,0.91475,2011,"25.3,26.5,24.8,26.1,24.6,22.5,22.3,20.7393047786885,20.6",2007,"38.4,37.3,36.2,35.4,33.9,31.7,29.7,30.6,28.1",2023-12-13 12:25:15
4959442,The Fund For Peace,Fragile State Index,P1: State Legitimacy,2023,104,81,9,0.96786,2011,"2.0,2.2,1.9,1.8,1.5,1.2,1.0,0.7,0.7",2007,"2.3,2.3,2.3,2.1,1.9,1.7,1.4,1.5,1.2",2023-12-18 15:59:59
496002,The Fund For Peace,Fragile State Index,Total,2023,104,113,9,0.90133,2011,"25.3,26.5,24.8,26.1,24.6,22.5,22.3,20.7393047786885,20.6",2014,"68.5,68.3,66.5,65.9,63.43851484252681,61.6,59.770101356315976,61.20000000000001,59.5",2023-12-13 12:25:02
7095502,The Fund For Peace,Fragile State Index,X1: External Intervention,2023,104,113,9,0.9812,2011,"2.4,2.4,2.2,2.0,1.9,1.6,1.4,1.1,1.2",2014,"5.0,4.7,4.4,4.2,3.9,3.6,3.3000000000000003,3.0,2.7",2023-12-20 12:41:20
496890,The Fund For Peace,Fragile State Index,Total,2023,104,37,9,0.90208,2011,"25.3,26.5,24.8,26.1,24.6,22.5,22.3,20.7393047786885,20.6",2015,"73.5,71.5,70.1,68.00000000000001,66.6,64.7781708998417,64.2,61.4,60.1",2023-12-13 12:26:04
4959700,The Fund For Peace,Fragile State Index,P1: State Legitimacy,2023,104,37,9,0.9801,2011,"2.0,2.2,1.9,1.8,1.5,1.2,1.0,0.7,0.7",2015,"5.7,5.5,5.3,5.0,4.7,4.4,4.1,3.8,3.5",2023-12-18 16:00:16
4959570,The Fund For Peace,Fragile State Index,P1: State Legitimacy,2023,104,226,9,0.90363,2011,"2.0,2.2,1.9,1.8,1.5,1.2,1.0,0.7,0.7",2007,"6.4,6.4,6.1,5.9,5.5,5.9,5.6,5.3,5.0",2023-12-18 16:00:07
7095775,The Fund For Peace,Fragile State Index,X1: External Intervention,2023,104,226,9,0.97846,2011,"2.4,2.4,2.2,2.0,1.9,1.6,1.4,1.1,1.2",2007,"5.4,5.4,5.3,5.1,4.8,4.5,4.2,3.9,3.6",2023-12-20 12:41:41
496611,The Fund For Peace,Fragile State Index,Total,2023,104,25,9,0.90796,2011,"25.3,26.5,24.8,26.1,24.6,22.5,22.3,20.7393047786885,20.6",2011,"85.0,82.4,81.8,80.9,78.7,77.6,76.0,74.27398470769302,72.0",2023-12-13 12:25:45
4959553,The Fund For Peace,Fragile State Index,P1: State Legitimacy,2023,104,25,9,0.97326,2011,"2.0,2.2,1.9,1.8,1.5,1.2,1.0,0.7,0.7",2011,"6.6,6.3,6.0,5.5,5.0,4.5,4.3,4.0,3.7",2023-12-18 16:00:06
495994,The Fund For Peace,Fragile State Index,Total,2023,104,113,9,0.91469,2011,"25.3,26.5,24.8,26.1,24.6,22.5,22.3,20.7393047786885,20.6",2006,"71.9,72.3,72.4,72.5,72.7,70.2,70.9,69.8,68.5",2023-12-13 12:25:02
7095494,The Fund For Peace,Fragile State Index,X1: External Intervention,2023,104,113,9,0.96645,2011,"2.4,2.4,2.2,2.0,1.9,1.6,1.4,1.1,1.2",2006,"6.6,6.6,6.6,6.4,6.2,5.9,5.6,5.3,5.0",2023-12-20 12:41:20
496777,The Fund For Peace,Fragile State Index,Total,2023,104,33,9,0.91884,2011,"25.3,26.5,24.8,26.1,24.6,22.5,22.3,20.7393047786885,20.6",2012,"64.1,63.2,63.6,63.0,62.0,61.6,59.80623958429162,57.5,56.60002751710281",2023-12-13 12:25:57
7095794,The Fund For Peace,Fragile State Index,X1: External Intervention,2023,104,33,9,0.96168,2011,"2.4,2.4,2.2,2.0,1.9,1.6,1.4,1.1,1.2",2012,"4.4,4.1,4.1,4.1,3.8,3.6,3.3000000000000003,3.3,3.3",2023-12-20 12:41:43
496762,The Fund For Peace,Fragile State Index,Total,2023,104,86,9,0.9057,2011,"25.3,26.5,24.8,26.1,24.6,22.5,22.3,20.7393047786885,20.6",2015,"63.5,63.0,61.5,59.9,57.6,55.24684546356435,56.1,54.3,53.7",2023-12-13 12:25:56
4959633,The Fund For Peace,Fragile State Index,P1: State Legitimacy,2023,104,86,9,0.97436,2011,"2.0,2.2,1.9,1.8,1.5,1.2,1.0,0.7,0.7",2015,"5.9,5.6,5.4,5.2,4.9,4.6000000000000005,4.3,4.0,3.7",2023-12-18 16:00:11
496613,The Fund For Peace,Fragile State Index,Total,2023,104,25,9,0.93748,2011,"25.3,26.5,24.8,26.1,24.6,22.5,22.3,20.7393047786885,20.6",2013,"81.8,80.9,78.7,77.6,76.0,74.27398470769302,72.0,69.50902262964706,68.3",2023-12-13 12:25:45
4959555,The Fund For Peace,Fragile State Index,P1: State Legitimacy,2023,104,25,9,0.94246,2011,"2.0,2.2,1.9,1.8,1.5,1.2,1.0,0.7,0.7",2013,"6.0,5.5,5.0,4.5,4.3,4.0,3.7,3.4000000000000004,3.1",2023-12-18 16:00:06
496712,The Fund For Peace,Fragile State Index,Total,2023,104,19,9,0.90944,2011,"25.3,26.5,24.8,26.1,24.6,22.5,22.3,20.7393047786885,20.6",2013,"50.8,51.4,49.3,49.0,49.6,48.18332936752863,48.0,46.40725753500914,46.99999999999999",2023-12-13 12:25:53
4959591,The Fund For Peace,Fragile State Index,P1: State Legitimacy,2023,104,19,9,0.97007,2011,"2.0,2.2,1.9,1.8,1.5,1.2,1.0,0.7,0.7",2013,"3.6,3.3,3.0,2.7,2.5,2.2,1.9,1.6,1.4",2023-12-18 16:00:09
496262,The Fund For Peace,Fragile State Index,Total,2023,104,211,9,0.933,2011,"25.3,26.5,24.8,26.1,24.6,22.5,22.3,20.7393047786885,20.6",2012,"92.2,92.9,92.6,90.7,87.7,86.6,84.89668808927048,84.0,81.8",2023-12-13 12:25:20
4959476,The Fund For Peace,Fragile State Index,P1: State Legitimacy,2023,104,211,9,0.94549,2011,"2.0,2.2,1.9,1.8,1.5,1.2,1.0,0.7,0.7",2012,"8.1,8.2,8.3,8.0,7.4,6.9,6.6000000000000005,6.9,6.6000000000000005",2023-12-18 16:00:01
496345,The Fund For Peace,Fragile State Index,Total,2023,104,195,9,0.9337,2011,"25.3,26.5,24.8,26.1,24.6,22.5,22.3,20.7393047786885,20.6",2007,"76.5,76.9,77.5,77.5,75.2,73.4,72.7,73.1,71.6",2023-12-13 12:25:26
7095650,The Fund For Peace,Fragile State Index,X1: External Intervention,2023,104,195,9,0.94356,2011,"2.4,2.4,2.2,2.0,1.9,1.6,1.4,1.1,1.2",2007,"6.5,6.8,6.5,6.3,5.9,5.9,5.6,5.3,4.8",2023-12-20 12:41:30
496129,The Fund For Peace,Fragile State Index,Total,2023,104,126,9,0.91992,2011,"25.3,26.5,24.8,26.1,24.6,22.5,22.3,20.7393047786885,20.6",2007,"49.0,48.7,48.0,47.8,45.3,44.2,43.0,43.2,43.0",2023-12-13 12:25:11
7095577,The Fund For Peace,Fragile State Index,X1: External Intervention,2023,104,126,9,0.95727,2011,"2.4,2.4,2.2,2.0,1.9,1.6,1.4,1.1,1.2",2007,"4.0,4.3,4.3,4.1,3.8,3.5,3.2,3.0,3.0",2023-12-20 12:41:25
495970,The Fund For Peace,Fragile State Index,Total,2023,104,79,9,0.91175,2011,"25.3,26.5,24.8,26.1,24.6,22.5,22.3,20.7393047786885,20.6",2015,"85.4,86.8,89.4,87.06418531960836,83.9,82.21463956781182,80.5,78.6,76.10000000000001",2023-12-13 12:25:01
7095487,The Fund For Peace,Fragile State Index,X1: External Intervention,2023,104,79,9,0.96444,2011,"2.4,2.4,2.2,2.0,1.9,1.6,1.4,1.1,1.2",2015,"7.5,7.2,7.0,6.7,6.4,6.397726675829536,6.1,5.8,5.5",2023-12-20 12:41:19
2336914,The Fund For Peace,Fragile State Index,C2: Factionalized Elites,2023,104,206,9,0.91418,2006,"1.0,1.0,1.0,1.3,1.5,1.4,1.4,1.3,1.3",2014,"5.6,5.6,5.6,6.1,6.6,6.6,6.6,6.3,6.8",2023-12-15 10:53:03
3468959,The Fund For Peace,Fragile State Index,E2: Economic Inequality,2023,104,206,9,0.96138,2006,"3.0,2.9,3.0,3.0,2.8,2.6,2.7,2.5,2.7",2014,"7.7,7.4,7.7,7.5,7.2,6.9,6.800000000000001,6.7,7.0",2023-12-16 18:11:26
4959399,The Fund For Peace,Fragile State Index,P1: State Legitimacy,2023,104,215,9,0.91472,2011,"2.0,2.2,1.9,1.8,1.5,1.2,1.0,0.7,0.7",2015,"1.0,1.0,1.0,0.8,0.8,0.5,0.5,0.6,0.5",2023-12-18 15:59:57
7095567,The Fund For Peace,Fragile State Index,X1: External Intervention,2023,104,215,9,0.96063,2011,"2.4,2.4,2.2,2.0,1.9,1.6,1.4,1.1,1.2",2015,"1.0,1.3,1.1,0.9,0.9,0.6000000000000001,0.5,0.3,0.5",2023-12-20 12:41:24
2885470,The Fund For Peace,Fragile State Index,E1: Economy,2023,104,200,9,0.93505,2011,"3.9,3.8,3.9,4.2,4.1,3.6,3.4,3.1,2.8",2008,"3.1,3.2,3.7,3.6,3.3,3.0,2.8,2.5,2.2",2023-12-16 07:20:38
7095517,The Fund For Peace,Fragile State Index,X1: External Intervention,2023,104,200,9,0.93971,2011,"2.4,2.4,2.2,2.0,1.9,1.6,1.4,1.1,1.2",2008,"2.8,2.8,3.0,2.8,2.5,2.2,2.0,1.7,1.4",2023-12-20 12:41:21
496765,The Fund For Peace,Fragile State Index,Total,2023,104,198,9,0.91722,2011,"25.3,26.5,24.8,26.1,24.6,22.5,22.3,20.7393047786885,20.6",2009,"67.7,67.9,67.0,65.1,64.0,63.7,62.1,60.2,59.4",2023-12-13 12:25:56
4959636,The Fund For Peace,Fragile State Index,P1: State Legitimacy,2023,104,198,9,0.95732,2011,"2.0,2.2,1.9,1.8,1.5,1.2,1.0,0.7,0.7",2009,"7.1,7.0,6.8,6.3,6.3,6.0,5.7,5.7,5.5",2023-12-18 16:00:11
496464,The Fund For Peace,Fragile State Index,Total,2023,104,142,9,0.91813,2011,"25.3,26.5,24.8,26.1,24.6,22.5,22.3,20.7393047786885,20.6",2008,"85.7,85.1,83.8,81.2,78.7,76.5,75.1,73.0,73.2",2023-12-13 12:25:34
4959527,The Fund For Peace,Fragile State Index,P1: State Legitimacy,2023,104,142,9,0.95612,2011,"2.0,2.2,1.9,1.8,1.5,1.2,1.0,0.7,0.7",2008,"8.3,8.1,7.9,7.6,7.4,6.9,6.6,6.3,6.8",2023-12-18 16:00:05
496449,The Fund For Peace,Fragile State Index,Total,2023,104,223,9,0.9414,2011,"25.3,26.5,24.8,26.1,24.6,22.5,22.3,20.7393047786885,20.6",2010,"88.1,89.4,87.5,87.8,87.8,86.8,85.8,83.9,85.15884542590535",2023-12-13 12:25:33
7095677,The Fund For Peace,Fragile State Index,X1: External Intervention,2023,104,223,9,0.9321,2011,"2.4,2.4,2.2,2.0,1.9,1.6,1.4,1.1,1.2",2010,"6.9,7.1,6.8,6.5,6.8,6.5,6.2,6.0,5.7",2023-12-20 12:41:32
496606,The Fund For Peace,Fragile State Index,Total,2023,104,25,9,0.90599,2011,"25.3,26.5,24.8,26.1,24.6,22.5,22.3,20.7393047786885,20.6",2006,"87.9,86.4,85.4,87.3,87.3,85.0,82.4,81.8,80.9",2023-12-13 12:25:44
4959548,The Fund For Peace,Fragile State Index,P1: State Legitimacy,2023,104,25,9,0.96676,2011,"2.0,2.2,1.9,1.8,1.5,1.2,1.0,0.7,0.7",2006,"8.4,8.0,7.7,7.4,6.9,6.6,6.3,6.0,5.5",2023-12-18 16:00:06
496217,The Fund For Peace,Fragile State Index,Total,2023,104,67,9,0.9037,2011,"25.3,26.5,24.8,26.1,24.6,22.5,22.3,20.7393047786885,20.6",2013,"45.3,45.2,43.7,43.4,44.7,42.990053644081904,40.8,38.52345451018706,39.50000000000001",2023-12-13 12:25:17
4959466,The Fund For Peace,Fragile State Index,P1: State Legitimacy,2023,104,67,9,0.96855,2011,"2.0,2.2,1.9,1.8,1.5,1.2,1.0,0.7,0.7",2013,"3.8,3.5,3.2,2.9,2.7,2.4000000000000004,2.1,1.8,1.5",2023-12-18 16:00:01
496291,The Fund For Peace,Fragile State Index,Total,2023,104,130,9,0.92079,2011,"25.3,26.5,24.8,26.1,24.6,22.5,22.3,20.7393047786885,20.6",2013,"89.2,89.1,86.9,87.6,88.0,85.48762156104438,83.3,84.01636088313059,83.2",2023-12-13 12:25:22
2885488,The Fund For Peace,Fragile State Index,E1: Economy,2023,104,130,9,0.95108,2011,"3.9,3.8,3.9,4.2,4.1,3.6,3.4,3.1,2.8",2013,"8.4,8.3,8.6,8.6,8.4,8.1,8.0,7.7,7.7",2023-12-16 07:20:39
496539,The Fund For Peace,Fragile State Index,Total,2023,104,243,9,0.92433,2011,"25.3,26.5,24.8,26.1,24.6,22.5,22.3,20.7393047786885,20.6",2015,"72.4,70.7,70.2,68.39565234056963,66.1,63.885397212926094,63.29999999999999,60.9,58.3",2023-12-13 12:25:40
7095704,The Fund For Peace,Fragile State Index,X1: External Intervention,2023,104,243,9,0.94735,2011,"2.4,2.4,2.2,2.0,1.9,1.6,1.4,1.1,1.2",2015,"5.1,5.4,5.2,5.2,4.9,4.6000000000000005,4.3,4.0,3.7",2023-12-20 12:41:33
496726,The Fund For Peace,Fragile State Index,Total,2023,104,213,9,0.91329,2011,"25.3,26.5,24.8,26.1,24.6,22.5,22.3,20.7393047786885,20.6",2009,"73.2,72.5,71.1,71.2,71.2,70.6,68.4,66.7,65.9",2023-12-13 12:25:54
4959602,The Fund For Peace,Fragile State Index,P1: State Legitimacy,2023,104,213,9,0.95695,2011,"2.0,2.2,1.9,1.8,1.5,1.2,1.0,0.7,0.7",2009,"6.7,6.5,6.1,6.4,6.1,5.8,5.5,5.2,5.0",2023-12-18 16:00:09
496761,The Fund For Peace,Fragile State Index,Total,2023,104,86,9,0.90148,2011,"25.3,26.5,24.8,26.1,24.6,22.5,22.3,20.7393047786885,20.6",2014,"65.2,63.5,63.0,61.5,59.9,57.6,55.24684546356435,56.1,54.3",2023-12-13 12:25:56
4959632,The Fund For Peace,Fragile State Index,P1: State Legitimacy,2023,104,86,9,0.96867,2011,"2.0,2.2,1.9,1.8,1.5,1.2,1.0,0.7,0.7",2014,"6.2,5.9,5.6,5.4,5.2,4.9,4.6000000000000005,4.3,4.0",2023-12-18 16:00:11
4959397,The Fund For Peace,Fragile State Index,P1: State Legitimacy,2023,104,216,9,0.94565,2011,"2.0,2.2,1.9,1.8,1.5,1.2,1.0,0.7,0.7",2014,"0.9,1.0,1.0,1.0,0.7,0.7,0.5,0.5,0.3",2023-12-18 15:59:57
7095562,The Fund For Peace,Fragile State Index,X1: External Intervention,2023,104,216,9,0.92423,2011,"2.4,2.4,2.2,2.0,1.9,1.6,1.4,1.1,1.2",2014,"1.6,1.3,1.0,1.0,0.7,0.7,0.5,0.5,0.3",2023-12-20 12:41:24
496628,The Fund For Peace,Fragile State Index,Total,2023,104,229,9,0.92116,2011,"25.3,26.5,24.8,26.1,24.6,22.5,22.3,20.7393047786885,20.6",2012,"77.4,76.7,78.2,77.4,76.0,74.4,72.62111503765558,71.4,69.05814193586684",2023-12-13 12:25:46
7095752,The Fund For Peace,Fragile State Index,X1: External Intervention,2023,104,229,9,0.94863,2011,"2.4,2.4,2.2,2.0,1.9,1.6,1.4,1.1,1.2",2012,"4.9,4.6,4.9,4.6,4.3,4.1,3.8,3.5,3.2",2023-12-20 12:41:39
496814,The Fund For Peace,Fragile State Index,Total,2023,104,234,9,0.91159,2011,"25.3,26.5,24.8,26.1,24.6,22.5,22.3,20.7393047786885,20.6",2012,"48.9,47.3,47.6,46.2,44.5,43.7,42.8292445126518,40.1,38.0992251160362",2023-12-13 12:25:59
7095816,The Fund For Peace,Fragile State Index,X1: External Intervention,2023,104,234,9,0.95814,2011,"2.4,2.4,2.2,2.0,1.9,1.6,1.4,1.1,1.2",2012,"3.8,3.5,3.2,2.9,2.6,2.4,2.1,2.1,2.1",2023-12-20 12:41:44
496503,The Fund For Peace,Fragile State Index,Total,2023,104,54,9,0.90966,2011,"25.3,26.5,24.8,26.1,24.6,22.5,22.3,20.7393047786885,20.6",2010,"79.4,76.6,73.1,72.8,70.8,67.4,66.3,64.6,62.89031679299263",2023-12-13 12:25:37
7095691,The Fund For Peace,Fragile State Index,X1: External Intervention,2023,104,54,9,0.95985,2011,"2.4,2.4,2.2,2.0,1.9,1.6,1.4,1.1,1.2",2010,"7.5,7.5,7.0,6.7,6.5,5.0,5.3,5.1,4.8",2023-12-20 12:41:32
496591,The Fund For Peace,Fragile State Index,Total,2023,104,119,9,0.90579,2011,"25.3,26.5,24.8,26.1,24.6,22.5,22.3,20.7393047786885,20.6",2015,"84.4,84.4,82.4,80.72431003670523,78.7,76.86018745028443,76.0,75.5,74.69999999999999",2023-12-13 12:25:43
7095729,The Fund For Peace,Fragile State Index,X1: External Intervention,2023,104,119,9,0.96261,2011,"2.4,2.4,2.2,2.0,1.9,1.6,1.4,1.1,1.2",2015,"6.6,6.3,6.1,5.8,5.5,5.2,4.9,5.0,4.7",2023-12-20 12:41:34
496501,The Fund For Peace,Fragile State Index,Total,2023,104,54,9,0.93172,2011,"25.3,26.5,24.8,26.1,24.6,22.5,22.3,20.7393047786885,20.6",2008,"78.6,80.6,79.4,76.6,73.1,72.8,70.8,67.4,66.3",2023-12-13 12:25:37
7095689,The Fund For Peace,Fragile State Index,X1: External Intervention,2023,104,54,9,0.93658,2011,"2.4,2.4,2.2,2.0,1.9,1.6,1.4,1.1,1.2",2008,"7.7,7.5,7.5,7.5,7.0,6.7,6.5,5.0,5.3",2023-12-20 12:41:32
4959437,The Fund For Peace,Fragile State Index,P1: State Legitimacy,2023,104,238,9,0.92564,2011,"2.0,2.2,1.9,1.8,1.5,1.2,1.0,0.7,0.7",2012,"2.2,1.7,1.6,1.4,1.1,1.0,0.7,0.7,0.4846367778425753",2023-12-18 15:59:59
7095590,The Fund For Peace,Fragile State Index,X1: External Intervention,2023,104,238,9,0.94226,2011,"2.4,2.4,2.2,2.0,1.9,1.6,1.4,1.1,1.2",2012,"3.7,3.5,3.2,2.9,2.7,2.7,2.4576538213175523,2.3,2.488136850213915",2023-12-20 12:41:26
496614,The Fund For Peace,Fragile State Index,Total,2023,104,25,9,0.91744,2011,"25.3,26.5,24.8,26.1,24.6,22.5,22.3,20.7393047786885,20.6",2014,"80.9,78.7,77.6,76.0,74.27398470769302,72.0,69.50902262964706,68.3,67.39999999999999",2023-12-13 12:25:45
4959556,The Fund For Peace,Fragile State Index,P1: State Legitimacy,2023,104,25,9,0.95026,2011,"2.0,2.2,1.9,1.8,1.5,1.2,1.0,0.7,0.7",2014,"5.5,5.0,4.5,4.3,4.0,3.7,3.4000000000000004,3.1,2.8",2023-12-18 16:00:06
2526299,The Fund For Peace,Fragile State Index,C3: Group Grievance,2023,104,177,9,0.92238,2011,"1.3,1.6,1.6,1.6,1.9,1.6,1.4,1.1,1.0",2012,"2.3,2.3,2.3,2.6,2.7,2.5,2.2,1.9,1.6",2023-12-15 14:38:03
4959402,The Fund For Peace,Fragile State Index,P1: State Legitimacy,2023,104,177,9,0.94489,2011,"2.0,2.2,1.9,1.8,1.5,1.2,1.0,0.7,0.7",2012,"2.0,2.1,2.3,1.8,1.8,1.6,1.3,1.0,0.8197920437077559",2023-12-18 15:59:57
2885457,The Fund For Peace,Fragile State Index,E1: Economy,2023,104,131,9,0.90285,2011,"3.9,3.8,3.9,4.2,4.1,3.6,3.4,3.1,2.8",2008,"4.2,4.7,5.1,4.9,4.6,4.1,3.9,3.6,3.3",2023-12-16 07:20:37
7095434,The Fund For Peace,Fragile State Index,X1: External Intervention,2023,104,131,9,0.96429,2011,"2.4,2.4,2.2,2.0,1.9,1.6,1.4,1.1,1.2",2008,"5.8,5.6,5.4,5.0,4.7,4.4,4.1,4.2,4.0",2023-12-20 12:41:16
496237,The Fund For Peace,Fragile State Index,Total,2023,104,232,9,0.93925,2011,"25.3,26.5,24.8,26.1,24.6,22.5,22.3,20.7393047786885,20.6",2015,"97.0,97.7,96.0,95.14379555232746,95.3,92.7703684743757,92.9,92.1,91.5",2023-12-13 12:25:18
7095609,The Fund For Peace,Fragile State Index,X1: External Intervention,2023,104,232,9,0.92784,2011,"2.4,2.4,2.2,2.0,1.9,1.6,1.4,1.1,1.2",2015,"8.3,8.0,8.3,7.800000000000001,7.5,7.6,7.3,7.0,7.3",2023-12-20 12:41:27
2885487,The Fund For Peace,Fragile State Index,E1: Economy,2023,104,130,9,0.96233,2011,"3.9,3.8,3.9,4.2,4.1,3.6,3.4,3.1,2.8",2012,"8.5,8.4,8.3,8.6,8.6,8.4,8.1,8.0,7.7",2023-12-16 07:20:39
7095634,The Fund For Peace,Fragile State Index,X1: External Intervention,2023,104,130,9,0.90453,2011,"2.4,2.4,2.2,2.0,1.9,1.6,1.4,1.1,1.2",2012,"8.4,8.4,8.4,8.1,8.4,8.2,7.699999999999999,7.4,7.7",2023-12-20 12:41:29
4959517,The Fund For Peace,Fragile State Index,P1: State Legitimacy,2023,104,167,9,0.90212,2011,"2.0,2.2,1.9,1.8,1.5,1.2,1.0,0.7,0.7",2015,"8.6,8.3,8.1,7.8,7.9,7.6,7.3,7.4,7.4",2023-12-18 16:00:04
7095666,The Fund For Peace,Fragile State Index,X1: External Intervention,2023,104,167,9,0.96424,2011,"2.4,2.4,2.2,2.0,1.9,1.6,1.4,1.1,1.2",2015,"9.3,9.6,9.4,9.1,8.8,8.5,8.2,8.2,8.3",2023-12-20 12:41:31
4959651,The Fund For Peace,Fragile State Index,P1: State Legitimacy,2023,104,127,9,0.91786,2011,"2.0,2.2,1.9,1.8,1.5,1.2,1.0,0.7,0.7",2015,"1.3,1.0,1.0,0.7,0.7,0.5,0.5,0.3,0.3",2023-12-18 16:00:12
7095803,The Fund For Peace,Fragile State Index,X1: External Intervention,2023,104,127,9,0.94752,2011,"2.4,2.4,2.2,2.0,1.9,1.6,1.4,1.1,1.2",2015,"1.6,1.3,1.1,0.8,0.8,0.5,0.5,0.3,0.4",2023-12-20 12:41:44
496310,The Fund For Peace,Fragile State Index,Total,2023,104,101,9,0.90126,2011,"25.3,26.5,24.8,26.1,24.6,22.5,22.3,20.7393047786885,20.6",2014,"76.8,75.0,74.9,72.9,72.29772813709069,70.4,67.84550475118697,67.6,66.60000000000001",2023-12-13 12:25:23
7095643,The Fund For Peace,Fragile State Index,X1: External Intervention,2023,104,101,9,0.96411,2011,"2.4,2.4,2.2,2.0,1.9,1.6,1.4,1.1,1.2",2014,"5.6,5.3,5.4,5.2,4.9,4.6,4.3,4.3,4.0",2023-12-20 12:41:30
4959310,The Fund For Peace,Fragile State Index,P1: State Legitimacy,2023,104,109,9,0.9587,2011,"2.0,2.2,1.9,1.8,1.5,1.2,1.0,0.7,0.7",2012,"6.4,6.1,5.6,5.3,5.0,4.8,4.5,4.2,3.9",2023-12-18 15:59:51
7095428,The Fund For Peace,Fragile State Index,X1: External Intervention,2023,104,109,9,0.90633,2011,"2.4,2.4,2.2,2.0,1.9,1.6,1.4,1.1,1.2",2012,"6.0,6.3,6.0,5.7,6.0,5.8,5.5,5.2,4.985097858913624",2023-12-20 12:41:16
4959373,The Fund For Peace,Fragile State Index,P1: State Legitimacy,2023,104,23,9,0.94691,2011,"2.0,2.2,1.9,1.8,1.5,1.2,1.0,0.7,0.7",2012,"6.4,6.0,6.1,6.2,5.9,5.4,5.1000000000000005,4.8,4.9",2023-12-18 15:59:55
7095504,The Fund For Peace,Fragile State Index,X1: External Intervention,2023,104,23,9,0.91784,2011,"2.4,2.4,2.2,2.0,1.9,1.6,1.4,1.1,1.2",2012,"7.0,7.3,7.6,7.1,6.8,6.6,6.3,6.0,5.777981320422433",2023-12-20 12:41:20
496230,The Fund For Peace,Fragile State Index,Total,2023,104,3,9,0.95671,2011,"25.3,26.5,24.8,26.1,24.6,22.5,22.3,20.7393047786885,20.6",2012,"78.1,78.7,78.8,79.6,78.3,76.8,75.78505154191771,75.4,74.57518290066574",2023-12-13 12:25:18
7095605,The Fund For Peace,Fragile State Index,X1: External Intervention,2023,104,3,9,0.90792,2011,"2.4,2.4,2.2,2.0,1.9,1.6,1.4,1.1,1.2",2012,"5.5,5.2,5.7,5.4,5.1,4.9,4.6000000000000005,4.3,4.0",2023-12-20 12:41:27
496090,The Fund For Peace,Fragile State Index,Total,2023,104,216,9,0.93328,2011,"25.3,26.5,24.8,26.1,24.6,22.5,22.3,20.7393047786885,20.6",2011,"23.2,23.3,21.5,23.3,22.3,21.8,21.1,19.20952631375106,18.7",2023-12-13 12:25:08
7095559,The Fund For Peace,Fragile State Index,X1: External Intervention,2023,104,216,9,0.93002,2011,"2.4,2.4,2.2,2.0,1.9,1.6,1.4,1.1,1.2",2011,"1.4,1.7,1.4,1.6,1.3,1.0,1.0,0.7,0.7",2023-12-20 12:41:24
496767,The Fund For Peace,Fragile State Index,Total,2023,104,198,9,0.93491,2011,"25.3,26.5,24.8,26.1,24.6,22.5,22.3,20.7393047786885,20.6",2011,"67.0,65.1,64.0,63.7,62.1,60.2,59.4,56.754155689071474,55.2",2023-12-13 12:25:56
4959638,The Fund For Peace,Fragile State Index,P1: State Legitimacy,2023,104,198,9,0.92759,2011,"2.0,2.2,1.9,1.8,1.5,1.2,1.0,0.7,0.7",2011,"6.8,6.3,6.3,6.0,5.7,5.7,5.5,5.2,4.9",2023-12-18 16:00:11
496363,The Fund For Peace,Fragile State Index,Total,2023,104,108,9,0.90616,2011,"25.3,26.5,24.8,26.1,24.6,22.5,22.3,20.7393047786885,20.6",2013,"103.5,101.7,100.1,97.9,96.5,94.56151916975632,92.1,89.72267369142226,90.7",2023-12-13 12:25:27
7095658,The Fund For Peace,Fragile State Index,X1: External Intervention,2023,104,108,9,0.95585,2011,"2.4,2.4,2.2,2.0,1.9,1.6,1.4,1.1,1.2",2013,"9.7,9.4,9.7,9.4,9.2,8.7,8.4,8.1,7.8",2023-12-20 12:41:31
496574,The Fund For Peace,Fragile State Index,Total,2023,104,62,9,0.91685,2011,"25.3,26.5,24.8,26.1,24.6,22.5,22.3,20.7393047786885,20.6",2014,"77.3,75.9,75.6,77.3,74.23122556430408,71.2,69.40303455188986,71.2,69.1",2023-12-13 12:25:42
4959547,The Fund For Peace,Fragile State Index,P1: State Legitimacy,2023,104,62,9,0.94507,2011,"2.0,2.2,1.9,1.8,1.5,1.2,1.0,0.7,0.7",2014,"6.9,7.0,6.7,6.5,6.2,5.7,6.0,5.7,5.8",2023-12-18 16:00:06
496763,The Fund For Peace,Fragile State Index,Total,2023,104,198,9,0.90668,2011,"25.3,26.5,24.8,26.1,24.6,22.5,22.3,20.7393047786885,20.6",2007,"71.3,69.5,67.7,67.9,67.0,65.1,64.0,63.7,62.1",2023-12-13 12:25:56
4959634,The Fund For Peace,Fragile State Index,P1: State Legitimacy,2023,104,198,9,0.95474,2011,"2.0,2.2,1.9,1.8,1.5,1.2,1.0,0.7,0.7",2007,"7.9,7.6,7.1,7.0,6.8,6.3,6.3,6.0,5.7",2023-12-18 16:00:11
496738,The Fund For Peace,Fragile State Index,Total,2023,104,192,9,0.91934,2011,"25.3,26.5,24.8,26.1,24.6,22.5,22.3,20.7393047786885,20.6",2012,"68.5,68.7,69.3,68.2,67.6,67.1,65.53086971578227,64.2,63.2966485589962",2023-12-13 12:25:54
4959609,The Fund For Peace,Fragile State Index,P1: State Legitimacy,2023,104,192,9,0.94197,2011,"2.0,2.2,1.9,1.8,1.5,1.2,1.0,0.7,0.7",2012,"6.0,6.0,6.0,6.2,5.7,5.5,5.2,4.9,4.6000000000000005",2023-12-18 16:00:10
496714,The Fund For Peace,Fragile State Index,Total,2023,104,19,9,0.90081,2011,"25.3,26.5,24.8,26.1,24.6,22.5,22.3,20.7393047786885,20.6",2015,"49.3,49.0,49.6,48.18332936752863,48.0,46.40725753500914,46.99999999999999,45.9,45.400000000000006",2023-12-13 12:25:53
4959593,The Fund For Peace,Fragile State Index,P1: State Legitimacy,2023,104,19,9,0.95985,2011,"2.0,2.2,1.9,1.8,1.5,1.2,1.0,0.7,0.7",2015,"3.0,2.7,2.5,2.2,1.9,1.6,1.4,1.3,1.2",2023-12-18 16:00:09
5741178,The Fund For Peace,Fragile State Index,P3: Human Rights,2023,104,33,9,0.93373,2011,"1.2,1.3,1.3,1.2,1.2,1.1,1.4,1.7,1.8",2008,"6.8,6.8,6.9,6.7,6.6,6.9,7.4,7.7,7.9",2023-12-19 08:23:06
7095790,The Fund For Peace,Fragile State Index,X1: External Intervention,2023,104,33,9,0.92607,2011,"2.4,2.4,2.2,2.0,1.9,1.6,1.4,1.1,1.2",2008,"4.7,4.7,4.7,4.7,4.4,4.1,4.1,4.1,3.8",2023-12-20 12:41:42
496766,The Fund For Peace,Fragile State Index,Total,2023,104,198,9,0.91103,2011,"25.3,26.5,24.8,26.1,24.6,22.5,22.3,20.7393047786885,20.6",2010,"67.9,67.0,65.1,64.0,63.7,62.1,60.2,59.4,56.754155689071474",2023-12-13 12:25:56
4959637,The Fund For Peace,Fragile State Index,P1: State Legitimacy,2023,104,198,9,0.94819,2011,"2.0,2.2,1.9,1.8,1.5,1.2,1.0,0.7,0.7",2010,"7.0,6.8,6.3,6.3,6.0,5.7,5.7,5.5,5.2",2023-12-18 16:00:11
495799,The Fund For Peace,Fragile State Index,Total,2023,104,212,9,0.92908,2011,"25.3,26.5,24.8,26.1,24.6,22.5,22.3,20.7393047786885,20.6",2013,"111.0,110.1,110.8,111.5,110.6,108.66319439644046,108.0,104.76588517295876,105.2",2023-12-13 12:24:49
7095415,The Fund For Peace,Fragile State Index,X1: External Intervention,2023,104,212,9,0.92938,2011,"2.4,2.4,2.2,2.0,1.9,1.6,1.4,1.1,1.2",2013,"10.0,9.6,9.8,9.9,9.7,9.2,8.9,8.6,8.7",2023-12-20 12:41:15
496366,The Fund For Peace,Fragile State Index,Total,2023,104,103,9,0.93544,2011,"25.3,26.5,24.8,26.1,24.6,22.5,22.3,20.7393047786885,20.6",2006,"109.0,111.4,110.6,108.6,107.3,104.8,104.3,103.9,102.2",2023-12-13 12:25:27
7095661,The Fund For Peace,Fragile State Index,X1: External Intervention,2023,104,103,9,0.92157,2011,"2.4,2.4,2.2,2.0,1.9,1.6,1.4,1.1,1.2",2006,"10.0,10.0,10.0,10.0,9.5,9.3,9.0,8.5,7.9",2023-12-20 12:41:31
2885469,The Fund For Peace,Fragile State Index,E1: Economy,2023,104,200,9,0.95067,2011,"3.9,3.8,3.9,4.2,4.1,3.6,3.4,3.1,2.8",2007,"3.4,3.1,3.2,3.7,3.6,3.3,3.0,2.8,2.5",2023-12-16 07:20:38
7095516,The Fund For Peace,Fragile State Index,X1: External Intervention,2023,104,200,9,0.90511,2011,"2.4,2.4,2.2,2.0,1.9,1.6,1.4,1.1,1.2",2007,"3.0,2.8,2.8,3.0,2.8,2.5,2.2,2.0,1.7",2023-12-20 12:41:21
496277,The Fund For Peace,Fragile State Index,Total,2023,104,48,9,0.91379,2011,"25.3,26.5,24.8,26.1,24.6,22.5,22.3,20.7393047786885,20.6",2008,"89.0,89.2,88.2,87.0,84.4,83.8,83.1,82.5,80.2",2023-12-13 12:25:21
7095626,The Fund For Peace,Fragile State Index,X1: External Intervention,2023,104,48,9,0.9418,2011,"2.4,2.4,2.2,2.0,1.9,1.6,1.4,1.1,1.2",2008,"7.6,8.0,8.0,7.7,7.4,7.1,6.8,6.5,6.2",2023-12-20 12:41:29
2885462,The Fund For Peace,Fragile State Index,E1: Economy,2023,104,64,9,0.90238,2011,"3.9,3.8,3.9,4.2,4.1,3.6,3.4,3.1,2.8",2010,"6.6,6.3,6.0,6.5,6.2,5.9,5.6,5.4,5.343343147477229",2023-12-16 07:20:37
4959360,The Fund For Peace,Fragile State Index,P1: State Legitimacy,2023,104,64,9,0.95269,2011,"2.0,2.2,1.9,1.8,1.5,1.2,1.0,0.7,0.7",2010,"6.8,6.5,6.2,5.9,5.6,4.8,5.0,4.8,4.5",2023-12-18 15:59:54
496538,The Fund For Peace,Fragile State Index,Total,2023,104,243,9,0.9505,2011,"25.3,26.5,24.8,26.1,24.6,22.5,22.3,20.7393047786885,20.6",2014,"72.7,72.4,70.7,70.2,68.39565234056963,66.1,63.885397212926094,63.29999999999999,60.9",2023-12-13 12:25:40
7095703,The Fund For Peace,Fragile State Index,X1: External Intervention,2023,104,243,9,0.90404,2011,"2.4,2.4,2.2,2.0,1.9,1.6,1.4,1.1,1.2",2014,"5.4,5.1,5.4,5.2,5.2,4.9,4.6000000000000005,4.3,4.0",2023-12-20 12:41:33
496764,The Fund For Peace,Fragile State Index,Total,2023,104,198,9,0.90922,2011,"25.3,26.5,24.8,26.1,24.6,22.5,22.3,20.7393047786885,20.6",2008,"69.5,67.7,67.9,67.0,65.1,64.0,63.7,62.1,60.2",2023-12-13 12:25:56
4959635,The Fund For Peace,Fragile State Index,P1: State Legitimacy,2023,104,198,9,0.94532,2011,"2.0,2.2,1.9,1.8,1.5,1.2,1.0,0.7,0.7",2008,"7.6,7.1,7.0,6.8,6.3,6.3,6.0,5.7,5.7",2023-12-18 16:00:11
496140,The Fund For Peace,Fragile State Index,Total,2023,104,52,9,0.93104,2011,"25.3,26.5,24.8,26.1,24.6,22.5,22.3,20.7393047786885,20.6",2008,"50.9,52.5,52.0,50.6,49.7,48.7,48.5,46.8,45.1",2023-12-13 12:25:12
4959413,The Fund For Peace,Fragile State Index,P1: State Legitimacy,2023,104,52,9,0.92349,2011,"2.0,2.2,1.9,1.8,1.5,1.2,1.0,0.7,0.7",2008,"4.1,4.1,3.9,3.5,3.2,3.5,3.2,2.9,2.6",2023-12-18 15:59:58
496317,The Fund For Peace,Fragile State Index,Total,2023,104,114,9,0.91605,2011,"25.3,26.5,24.8,26.1,24.6,22.5,22.3,20.7393047786885,20.6",2014,"99.0,97.3,98.3,96.4,97.38051499327098,93.5,90.31586992597772,89.2,88.19999999999997",2023-12-13 12:25:24
7095646,The Fund For Peace,Fragile State Index,X1: External Intervention,2023,104,114,9,0.93837,2011,"2.4,2.4,2.2,2.0,1.9,1.6,1.4,1.1,1.2",2014,"8.2,8.0,8.3,8.1,7.8,7.5,7.2,6.9,6.6",2023-12-20 12:41:30
4959650,The Fund For Peace,Fragile State Index,P1: State Legitimacy,2023,104,127,9,0.91033,2011,"2.0,2.2,1.9,1.8,1.5,1.2,1.0,0.7,0.7",2014,"1.6,1.3,1.0,1.0,0.7,0.7,0.5,0.5,0.3",2023-12-18 16:00:12
7095802,The Fund For Peace,Fragile State Index,X1: External Intervention,2023,104,127,9,0.94399,2011,"2.4,2.4,2.2,2.0,1.9,1.6,1.4,1.1,1.2",2014,"1.9,1.6,1.3,1.1,0.8,0.8,0.5,0.5,0.3",2023-12-20 12:41:44
496142,The Fund For Peace,Fragile State Index,Total,2023,104,52,9,0.91765,2011,"25.3,26.5,24.8,26.1,24.6,22.5,22.3,20.7393047786885,20.6",2010,"52.0,50.6,49.7,48.7,48.5,46.8,45.1,44.1,43.236723940075855",2023-12-13 12:25:12
4959415,The Fund For Peace,Fragile State Index,P1: State Legitimacy,2023,104,52,9,0.93452,2011,"2.0,2.2,1.9,1.8,1.5,1.2,1.0,0.7,0.7",2010,"3.9,3.5,3.2,3.5,3.2,2.9,2.6,2.4,2.1",2023-12-18 15:59:58
496588,The Fund For Peace,Fragile State Index,Total,2023,104,119,9,0.903,2011,"25.3,26.5,24.8,26.1,24.6,22.5,22.3,20.7393047786885,20.6",2012,"85.5,83.7,84.3,84.4,84.4,82.4,80.72431003670523,78.7,76.86018745028443",2023-12-13 12:25:43
7095726,The Fund For Peace,Fragile State Index,X1: External Intervention,2023,104,119,9,0.94863,2011,"2.4,2.4,2.2,2.0,1.9,1.6,1.4,1.1,1.2",2012,"6.9,6.6,6.9,6.6,6.3,6.1,5.8,5.5,5.2",2023-12-20 12:41:34
496042,The Fund For Peace,Fragile State Index,Total,2023,104,200,9,0.91421,2011,"25.3,26.5,24.8,26.1,24.6,22.5,22.3,20.7393047786885,20.6",2014,"35.9,34.4,32.9,32.5,30.421202731235,28.1,26.3261946557654,26.6,25.8",2023-12-13 12:25:05
7095523,The Fund For Peace,Fragile State Index,X1: External Intervention,2023,104,200,9,0.93428,2011,"2.4,2.4,2.2,2.0,1.9,1.6,1.4,1.1,1.2",2014,"2.0,1.7,1.4,1.2,1.2,1.0,1.0,0.7,0.4",2023-12-20 12:41:21
496654,The Fund For Peace,Fragile State Index,Total,2023,104,61,9,0.90714,2011,"25.3,26.5,24.8,26.1,24.6,22.5,22.3,20.7393047786885,20.6",2012,"74.1,73.2,73.4,71.2,70.8,69.0,69.19632518627424,66.2,64.35620204936144",2023-12-13 12:25:48
7095761,The Fund For Peace,Fragile State Index,X1: External Intervention,2023,104,61,9,0.9391,2011,"2.4,2.4,2.2,2.0,1.9,1.6,1.4,1.1,1.2",2012,"5.9,5.9,5.8,5.9,5.6,5.4,5.1000000000000005,4.8,4.5",2023-12-20 12:41:39
2885511,The Fund For Peace,Fragile State Index,E1: Economy,2023,104,92,9,0.90538,2011,"3.9,3.8,3.9,4.2,4.1,3.6,3.4,3.1,2.8",2012,"9.0,8.7,8.4,8.7,8.5,8.3,8.0,7.7,7.4",2023-12-16 07:20:41
7095756,The Fund For Peace,Fragile State Index,X1: External Intervention,2023,104,92,9,0.94065,2011,"2.4,2.4,2.2,2.0,1.9,1.6,1.4,1.1,1.2",2012,"8.9,9.0,9.1,8.8,8.5,8.3,8.3,8.0,7.7",2023-12-20 12:41:39
496627,The Fund For Peace,Fragile State Index,Total,2023,104,229,9,0.90633,2011,"25.3,26.5,24.8,26.1,24.6,22.5,22.3,20.7393047786885,20.6",2011,"79.7,77.4,76.7,78.2,77.4,76.0,74.4,72.62111503765558,71.4",2023-12-13 12:25:46
7095751,The Fund For Peace,Fragile State Index,X1: External Intervention,2023,104,229,9,0.93865,2011,"2.4,2.4,2.2,2.0,1.9,1.6,1.4,1.1,1.2",2011,"5.2,4.9,4.6,4.9,4.6,4.3,4.1,3.8,3.5",2023-12-20 12:41:39
2526298,The Fund For Peace,Fragile State Index,C3: Group Grievance,2023,104,216,9,0.90246,2011,"1.3,1.6,1.6,1.6,1.9,1.6,1.4,1.1,1.0",2012,"3.2,3.5,3.5,3.6,3.8,3.6,3.6,3.3,3.0",2023-12-15 14:38:03
7095560,The Fund For Peace,Fragile State Index,X1: External Intervention,2023,104,216,9,0.94164,2011,"2.4,2.4,2.2,2.0,1.9,1.6,1.4,1.1,1.2",2012,"1.7,1.4,1.6,1.3,1.0,1.0,0.7,0.7,0.5",2023-12-20 12:41:24
496619,The Fund For Peace,Fragile State Index,Total,2023,104,158,9,0.91433,2011,"25.3,26.5,24.8,26.1,24.6,22.5,22.3,20.7393047786885,20.6",2013,"99.0,97.9,97.8,98.4,97.4,96.1529034434838,96.2,95.31488303494451,96.0",2023-12-13 12:25:45
7095745,The Fund For Peace,Fragile State Index,X1: External Intervention,2023,104,158,9,0.92904,2011,"2.4,2.4,2.2,2.0,1.9,1.6,1.4,1.1,1.2",2013,"8.5,8.6,8.1,8.3,8.1,7.8,7.8,7.750512696951267,7.5",2023-12-20 12:41:38
4959654,The Fund For Peace,Fragile State Index,P1: State Legitimacy,2023,104,134,9,0.90081,2011,"2.0,2.2,1.9,1.8,1.5,1.2,1.0,0.7,0.7",2013,"4.1,3.8,3.9,3.8,3.6,3.6,3.3,3.4,3.1",2023-12-18 16:00:12
7095825,The Fund For Peace,Fragile State Index,X1: External Intervention,2023,104,134,9,0.94149,2011,"2.4,2.4,2.2,2.0,1.9,1.6,1.4,1.1,1.2",2013,"3.8,3.9,3.6,3.5,3.3,3.0,2.8,2.8,3.1",2023-12-20 12:41:45
1967176,The Fund For Peace,Fragile State Index,C1: Security Apparatus,2023,104,129,9,0.90817,2006,"1.0,1.0,1.0,1.1,1.4,1.6,1.7,1.8,2.1",2007,"6.1,5.8,5.9,6.4,6.8,6.9,7.0,6.8,7.1",2023-12-15 03:45:46
2336964,The Fund For Peace,Fragile State Index,C2: Factionalized Elites,2023,104,129,9,0.93382,2006,"1.0,1.0,1.0,1.3,1.5,1.4,1.4,1.3,1.3",2007,"6.7,7.0,7.1,7.7,8.0,7.8,7.5,7.6,7.6",2023-12-15 10:53:07
496757,The Fund For Peace,Fragile State Index,Total,2023,104,86,9,0.91076,2011,"25.3,26.5,24.8,26.1,24.6,22.5,22.3,20.7393047786885,20.6",2010,"67.0,66.4,65.0,64.6,65.2,63.5,63.0,61.5,59.9",2023-12-13 12:25:56
4959628,The Fund For Peace,Fragile State Index,P1: State Legitimacy,2023,104,86,9,0.93028,2011,"2.0,2.2,1.9,1.8,1.5,1.2,1.0,0.7,0.7",2010,"6.4,6.2,6.2,6.2,6.2,5.9,5.6,5.4,5.2",2023-12-18 16:00:11
495858,The Fund For Peace,Fragile State Index,Total,2023,104,34,9,0.916,2011,"25.3,26.5,24.8,26.1,24.6,22.5,22.3,20.7393047786885,20.6",2012,"56.3,55.0,54.4,55.4,53.7,53.7,51.65420796469111,50.6,49.17165481543572",2023-12-13 12:24:53
4959320,The Fund For Peace,Fragile State Index,P1: State Legitimacy,2023,104,34,9,0.92449,2011,"2.0,2.2,1.9,1.8,1.5,1.2,1.0,0.7,0.7",2012,"5.1,4.8,4.9,5.0,4.7,4.5,4.2,3.9,3.6",2023-12-18 15:59:52
496458,The Fund For Peace,Fragile State Index,Total,2023,104,45,9,0.91553,2011,"25.3,26.5,24.8,26.1,24.6,22.5,22.3,20.7393047786885,20.6",2012,"78.3,80.9,79.0,76.5,74.9,74.7,72.39504122741063,71.1,69.85878789983346",2023-12-13 12:25:34
7095681,The Fund For Peace,Fragile State Index,X1: External Intervention,2023,104,45,9,0.92442,2011,"2.4,2.4,2.2,2.0,1.9,1.6,1.4,1.1,1.2",2012,"3.5,3.8,3.5,3.2,2.9,2.7,2.4000000000000004,2.7,2.4000000000000004",2023-12-20 12:41:32
4959393,The Fund For Peace,Fragile State Index,P1: State Legitimacy,2023,104,40,9,0.91051,2011,"2.0,2.2,1.9,1.8,1.5,1.2,1.0,0.7,0.7",2014,"1.2,0.9,1.0,1.0,0.7,0.7,0.5,0.5,0.4",2023-12-18 15:59:56
7095555,The Fund For Peace,Fragile State Index,X1: External Intervention,2023,104,40,9,0.92859,2011,"2.4,2.4,2.2,2.0,1.9,1.6,1.4,1.1,1.2",2014,"1.3,1.0,1.0,1.0,0.7,0.7,0.5,0.5,0.3",2023-12-20 12:41:23
496357,The Fund For Peace,Fragile State Index,Total,2023,104,50,9,0.9248,2011,"25.3,26.5,24.8,26.1,24.6,22.5,22.3,20.7393047786885,20.6",2015,"109.7,110.0,110.0,110.67036484651268,110.2,109.39462095485344,108.4,107.29999999999998,107.19999999999996",2023-12-13 12:25:27
7095655,The Fund For Peace,Fragile State Index,X1: External Intervention,2023,104,50,9,0.91379,2011,"2.4,2.4,2.2,2.0,1.9,1.6,1.4,1.1,1.2",2015,"9.8,9.7,9.5,9.7,9.7,9.4,9.1,8.8,9.1",2023-12-20 12:41:30
496815,The Fund For Peace,Fragile State Index,Total,2023,104,234,9,0.90591,2011,"25.3,26.5,24.8,26.1,24.6,22.5,22.3,20.7393047786885,20.6",2013,"47.3,47.6,46.2,44.5,43.7,42.8292445126518,40.1,38.0992251160362,40.29999999999999",2023-12-13 12:25:59
7095817,The Fund For Peace,Fragile State Index,X1: External Intervention,2023,104,234,9,0.93242,2011,"2.4,2.4,2.2,2.0,1.9,1.6,1.4,1.1,1.2",2013,"3.5,3.2,2.9,2.6,2.4,2.1,2.1,2.1,1.8",2023-12-20 12:41:45
496141,The Fund For Peace,Fragile State Index,Total,2023,104,52,9,0.91588,2011,"25.3,26.5,24.8,26.1,24.6,22.5,22.3,20.7393047786885,20.6",2009,"52.5,52.0,50.6,49.7,48.7,48.5,46.8,45.1,44.1",2023-12-13 12:25:12
4959414,The Fund For Peace,Fragile State Index,P1: State Legitimacy,2023,104,52,9,0.92024,2011,"2.0,2.2,1.9,1.8,1.5,1.2,1.0,0.7,0.7",2009,"4.1,3.9,3.5,3.2,3.5,3.2,2.9,2.6,2.4",2023-12-18 15:59:58
495862,The Fund For Peace,Fragile State Index,Total,2023,104,53,9,0.9276,2011,"25.3,26.5,24.8,26.1,24.6,22.5,22.3,20.7393047786885,20.6",2007,"60.5,59.4,60.1,59.0,57.3,56.3,54.1,52.9,51.0",2023-12-13 12:24:53
7095452,The Fund For Peace,Fragile State Index,X1: External Intervention,2023,104,53,9,0.90811,2011,"2.4,2.4,2.2,2.0,1.9,1.6,1.4,1.1,1.2",2007,"5.7,5.7,5.8,5.4,5.0,5.3,5.0,4.7,4.4",2023-12-20 12:41:17
2885468,The Fund For Peace,Fragile State Index,E1: Economy,2023,104,202,9,0.91616,2011,"3.9,3.8,3.9,4.2,4.1,3.6,3.4,3.1,2.8",2011,"4.6,5.1,5.2,5.4,5.1,4.8,4.6,4.323669754203948,4.0",2023-12-16 07:20:37
7095511,The Fund For Peace,Fragile State Index,X1: External Intervention,2023,104,202,9,0.91922,2011,"2.4,2.4,2.2,2.0,1.9,1.6,1.4,1.1,1.2",2011,"3.9,4.2,3.9,3.6,3.3,3.5,3.3,3.0,2.7",2023-12-20 12:41:21
495943,The Fund For Peace,Fragile State Index,Total,2023,104,147,9,0.92827,2011,"25.3,26.5,24.8,26.1,24.6,22.5,22.3,20.7393047786885,20.6",2015,"74.6,74.2,74.9,74.00415254787698,73.0,71.22105197870692,71.5,70.1,68.19999999999999",2023-12-13 12:24:59
7095475,The Fund For Peace,Fragile State Index,X1: External Intervention,2023,104,147,9,0.90571,2011,"2.4,2.4,2.2,2.0,1.9,1.6,1.4,1.1,1.2",2015,"6.0,5.7,6.0,5.7,5.8,5.5,5.2,4.9,4.6",2023-12-20 12:41:18
496375,The Fund For Peace,Fragile State Index,Total,2023,104,250,9,0.91863,2011,"25.3,26.5,24.8,26.1,24.6,22.5,22.3,20.7393047786885,20.6",2008,"112.5,114.0,110.2,107.9,106.3,105.2,102.8,100.0,100.5",2023-12-13 12:25:28
4959511,The Fund For Peace,Fragile State Index,P1: State Legitimacy,2023,104,250,9,0.91531,2011,"2.0,2.2,1.9,1.8,1.5,1.2,1.0,0.7,0.7",2008,"9.5,9.8,9.6,9.3,9.4,9.2,9.3,9.0,8.9",2023-12-18 16:00:03
496263,The Fund For Peace,Fragile State Index,Total,2023,104,211,9,0.90201,2011,"25.3,26.5,24.8,26.1,24.6,22.5,22.3,20.7393047786885,20.6",2013,"92.9,92.6,90.7,87.7,86.6,84.89668808927048,84.0,81.8,80.50000000000001",2023-12-13 12:25:20
4959477,The Fund For Peace,Fragile State Index,P1: State Legitimacy,2023,104,211,9,0.93093,2011,"2.0,2.2,1.9,1.8,1.5,1.2,1.0,0.7,0.7",2013,"8.2,8.3,8.0,7.4,6.9,6.6000000000000005,6.9,6.6000000000000005,6.3",2023-12-18 16:00:01
496336,The Fund For Peace,Fragile State Index,Total,2023,104,18,9,0.91181,2011,"25.3,26.5,24.8,26.1,24.6,22.5,22.3,20.7393047786885,20.6",2012,"92.2,92.5,92.8,91.8,90.7,89.1,90.31281723205385,87.7,85.69999999999999",2023-12-13 12:25:25
4959501,The Fund For Peace,Fragile State Index,P1: State Legitimacy,2023,104,18,9,0.92005,2011,"2.0,2.2,1.9,1.8,1.5,1.2,1.0,0.7,0.7",2012,"8.2,8.3,8.4,8.5,8.0,7.8,7.5,7.6,7.3",2023-12-18 16:00:03
496583,The Fund For Peace,Fragile State Index,Total,2023,104,119,9,0.90551,2011,"25.3,26.5,24.8,26.1,24.6,22.5,22.3,20.7393047786885,20.6",2007,"87.2,88.7,89.0,88.7,86.7,85.5,83.7,84.3,84.4",2023-12-13 12:25:43
2885508,The Fund For Peace,Fragile State Index,E1: Economy,2023,104,119,9,0.92577,2011,"3.9,3.8,3.9,4.2,4.1,3.6,3.4,3.1,2.8",2007,"7.1,7.1,7.5,7.3,7.2,6.7,5.7,5.8,5.5",2023-12-16 07:20:40
495897,The Fund For Peace,Fragile State Index,Total,2023,104,144,9,0.9118,2011,"25.3,26.5,24.8,26.1,24.6,22.5,22.3,20.7393047786885,20.6",2011,"59.6,58.7,57.8,58.1,57.0,56.6,56.7,54.87347128912537,54.1",2023-12-13 12:24:56
4959340,The Fund For Peace,Fragile State Index,P1: State Legitimacy,2023,104,144,9,0.91946,2011,"2.0,2.2,1.9,1.8,1.5,1.2,1.0,0.7,0.7",2011,"5.9,5.6,5.3,4.8,4.5,4.2,4.0,4.0,4.1",2023-12-18 15:59:53
496668,The Fund For Peace,Fragile State Index,Total,2023,104,20,9,0.91067,2011,"25.3,26.5,24.8,26.1,24.6,22.5,22.3,20.7393047786885,20.6",2013,"76.7,75.0,75.6,73.9,72.4,70.54071433248335,68.2,65.75186010132514,67.99999999999999",2023-12-13 12:25:49
2885513,The Fund For Peace,Fragile State Index,E1: Economy,2023,104,20,9,0.91824,2011,"3.9,3.8,3.9,4.2,4.1,3.6,3.4,3.1,2.8",2013,"6.2,6.0,6.1,6.2,6.0,5.540714332483349,5.2,4.9,5.1",2023-12-16 07:20:41
4959652,The Fund For Peace,Fragile State Index,P1: State Legitimacy,2023,104,234,9,0.90997,2011,"2.0,2.2,1.9,1.8,1.5,1.2,1.0,0.7,0.7",2015,"6.6,6.9,6.7,6.618284381065847,6.6,6.524939480111084,6.4,6.4,6.4",2023-12-18 16:00:12
7095819,The Fund For Peace,Fragile State Index,X1: External Intervention,2023,104,234,9,0.91643,2011,"2.4,2.4,2.2,2.0,1.9,1.6,1.4,1.1,1.2",2015,"2.9,2.6,2.4,2.1,2.1,2.1,1.8,1.8,1.8",2023-12-20 12:41:45
496260,The Fund For Peace,Fragile State Index,Total,2023,104,211,9,0.90836,2011,"25.3,26.5,24.8,26.1,24.6,22.5,22.3,20.7393047786885,20.6",2010,"95.7,93.1,92.2,92.9,92.6,90.7,87.7,86.6,84.89668808927048",2023-12-13 12:25:20
4959474,The Fund For Peace,Fragile State Index,P1: State Legitimacy,2023,104,211,9,0.9177,2011,"2.0,2.2,1.9,1.8,1.5,1.2,1.0,0.7,0.7",2010,"8.6,8.5,8.1,8.2,8.3,8.0,7.4,6.9,6.6000000000000005",2023-12-18 16:00:01
2526295,The Fund For Peace,Fragile State Index,C3: Group Grievance,2023,104,21,9,0.90994,2011,"1.3,1.6,1.6,1.6,1.9,1.6,1.4,1.1,1.0",2015,"4.1,4.4,4.9,4.6000000000000005,4.7,4.4,4.1,3.8,3.5",2023-12-15 14:38:03
4959392,The Fund For Peace,Fragile State Index,P1: State Legitimacy,2023,104,21,9,0.91472,2011,"2.0,2.2,1.9,1.8,1.5,1.2,1.0,0.7,0.7",2015,"1.9,1.6,1.4,1.7,1.4,1.1,0.8,0.9,0.8",2023-12-18 15:59:56
1967175,The Fund For Peace,Fragile State Index,C1: Security Apparatus,2023,104,17,9,0.90485,2006,"1.0,1.0,1.0,1.1,1.4,1.6,1.7,1.8,2.1",2008,"3.7,4.4,4.7,4.8,6.0,6.1,6.2,6.7,6.4",2023-12-15 03:45:45
2336957,The Fund For Peace,Fragile State Index,C2: Factionalized Elites,2023,104,17,9,0.91789,2006,"1.0,1.0,1.0,1.3,1.5,1.4,1.4,1.3,1.3",2008,"6.0,6.1,6.1,6.6,7.0,7.1,7.1,7.1,7.1",2023-12-15 10:53:06
496344,The Fund For Peace,Fragile State Index,Total,2023,104,195,9,0.91514,2011,"25.3,26.5,24.8,26.1,24.6,22.5,22.3,20.7393047786885,20.6",2006,"77.2,76.5,76.9,77.5,77.5,75.2,73.4,72.7,73.1",2023-12-13 12:25:26
7095649,The Fund For Peace,Fragile State Index,X1: External Intervention,2023,104,195,9,0.90745,2011,"2.4,2.4,2.2,2.0,1.9,1.6,1.4,1.1,1.2",2006,"7.5,6.5,6.8,6.5,6.3,5.9,5.9,5.6,5.3",2023-12-20 12:41:30
496316,The Fund For Peace,Fragile State Index,Total,2023,104,114,9,0.90466,2011,"25.3,26.5,24.8,26.1,24.6,22.5,22.3,20.7393047786885,20.6",2013,"99.6,99.0,97.3,98.3,96.4,97.38051499327098,93.5,90.31586992597772,89.2",2023-12-13 12:25:24
7095645,The Fund For Peace,Fragile State Index,X1: External Intervention,2023,104,114,9,0.91777,2011,"2.4,2.4,2.2,2.0,1.9,1.6,1.4,1.1,1.2",2013,"8.5,8.2,8.0,8.3,8.1,7.8,7.5,7.2,6.9",2023-12-20 12:41:30
496018,The Fund For Peace,Fragile State Index,Total,2023,104,120,9,0.90899,2011,"25.3,26.5,24.8,26.1,24.6,22.5,22.3,20.7393047786885,20.6",2007,"56.7,54.5,54.6,55.4,54.2,51.9,47.9,48.0,48.5",2023-12-13 12:25:03
2885467,The Fund For Peace,Fragile State Index,E1: Economy,2023,104,120,9,0.91339,2011,"3.9,3.8,3.9,4.2,4.1,3.6,3.4,3.1,2.8",2007,"5.8,5.0,5.5,6.3,5.8,5.3,4.0,4.3,4.0",2023-12-16 07:20:37
4959484,The Fund For Peace,Fragile State Index,P1: State Legitimacy,2023,104,48,9,0.90422,2011,"2.0,2.2,1.9,1.8,1.5,1.2,1.0,0.7,0.7",2014,"7.4,7.1,6.5,6.3,6.0,5.7,5.8,5.5,5.6",2023-12-18 16:00:02
7095632,The Fund For Peace,Fragile State Index,X1: External Intervention,2023,104,48,9,0.91609,2011,"2.4,2.4,2.2,2.0,1.9,1.6,1.4,1.1,1.2",2014,"6.8,6.5,6.2,6.0,5.7,5.4,5.7,5.4,5.1",2023-12-20 12:41:29
5741165,The Fund For Peace,Fragile State Index,P3: Human Rights,2023,104,228,9,0.91953,2011,"1.2,1.3,1.3,1.2,1.2,1.1,1.4,1.7,1.8",2008,"5.5,6.0,5.5,5.2,5.3,5.5,5.9,6.4,7.4",2023-12-19 08:23:04
7095485,The Fund For Peace,Fragile State Index,X1: External Intervention,2023,104,228,9,0.90071,2011,"2.4,2.4,2.2,2.0,1.9,1.6,1.4,1.1,1.2",2008,"6.2,6.2,6.0,5.6,5.9,5.6,5.3,5.0,5.6",2023-12-20 12:41:19
496300,The Fund For Peace,Fragile State Index,Total,2023,104,63,9,0.91438,2011,"25.3,26.5,24.8,26.1,24.6,22.5,22.3,20.7393047786885,20.6",2014,"91.0,89.9,90.2,89.8,88.73736287679192,88.4,86.00613825029183,85.0,83.60000000000001",2023-12-13 12:25:23
2526308,The Fund For Peace,Fragile State Index,C3: Group Grievance,2023,104,63,9,0.90519,2011,"1.3,1.6,1.6,1.6,1.9,1.6,1.4,1.1,1.0",2014,"8.6,8.7,9.0,8.8,8.9,8.9,8.6,8.3,8.0",2023-12-15 14:38:04
1967083,The Fund For Peace,Fragile State Index,C1: Security Apparatus,2023,104,44,9,0.91297,2006,"1.0,1.0,1.0,1.1,1.4,1.6,1.7,1.8,2.1",2013,"2.9,2.8,3.1,2.9,3.2,3.5,3.8,4.1,3.8",2023-12-15 03:45:40
2336919,The Fund For Peace,Fragile State Index,C2: Factionalized Elites,2023,104,44,9,0.90624,2006,"1.0,1.0,1.0,1.3,1.5,1.4,1.4,1.3,1.3",2013,"1.4,1.7,1.7,2.2,2.2,2.2,2.2,2.2,2.2",2023-12-15 10:53:03
2526291,The Fund For Peace,Fragile State Index,C3: Group Grievance,2023,104,82,9,0.90213,2011,"1.3,1.6,1.6,1.6,1.9,1.6,1.4,1.1,1.0",2007,"5.1,5.1,5.4,5.2,5.5,5.2,4.9,4.9,4.6",2023-12-15 14:38:02
5741163,The Fund For Peace,Fragile State Index,P3: Human Rights,2023,104,82,9,0.91229,2011,"1.2,1.3,1.3,1.2,1.2,1.1,1.4,1.7,1.8",2007,"4.5,4.5,4.7,4.7,4.5,4.5,4.7,4.9,5.2",2023-12-19 08:23:03
496443,The Fund For Peace,Fragile State Index,Total,2023,104,199,9,0.90312,2011,"25.3,26.5,24.8,26.1,24.6,22.5,22.3,20.7393047786885,20.6",2012,"90.4,91.2,89.9,91.9,91.0,89.3,89.08699644672271,86.8,84.35580251344358",2023-12-13 12:25:33
4959522,The Fund For Peace,Fragile State Index,P1: State Legitimacy,2023,104,199,9,0.91112,2011,"2.0,2.2,1.9,1.8,1.5,1.2,1.0,0.7,0.7",2012,"7.6,7.3,7.2,6.9,7.1,6.9,6.6000000000000005,6.3,6.0",2023-12-18 16:00:04
4959665,The Fund For Peace,Fragile State Index,P1: State Legitimacy,2023,104,204,9,0.9128,2011,"2.0,2.2,1.9,1.8,1.5,1.2,1.0,0.7,0.7",2008,"8.7,8.3,8.1,7.9,7.6,7.3,7.0,7.3,7.0",2023-12-18 16:00:13
7095831,The Fund For Peace,Fragile State Index,X1: External Intervention,2023,104,204,9,0.90054,2011,"2.4,2.4,2.2,2.0,1.9,1.6,1.4,1.1,1.2",2008,"9.0,8.9,9.1,8.8,8.5,8.2,8.5,8.0,8.3",2023-12-20 12:41:45
496266,The Fund For Peace,Fragile State Index,Total,2023,104,152,9,0.90347,2011,"25.3,26.5,24.8,26.1,24.6,22.5,22.3,20.7393047786885,20.6",2007,"93.6,94.2,95.4,95.4,93.7,93.0,91.8,91.0,90.5",2023-12-13 12:25:20
2885484,The Fund For Peace,Fragile State Index,E1: Economy,2023,104,152,9,0.90961,2011,"3.9,3.8,3.9,4.2,4.1,3.6,3.4,3.1,2.8",2007,"8.2,8.2,8.5,8.3,7.9,7.6,7.3,7.1,6.8",2023-12-16 07:20:39
496149,The Fund For Peace,Fragile State Index,Total,2023,104,176,9,0.90666,2011,"25.3,26.5,24.8,26.1,24.6,22.5,22.3,20.7393047786885,20.6",2007,"47.6,47.6,49.6,49.0,46.8,44.3,40.9,42.1,39.8",2023-12-13 12:25:12
7095579,The Fund For Peace,Fragile State Index,X1: External Intervention,2023,104,176,9,0.90496,2011,"2.4,2.4,2.2,2.0,1.9,1.6,1.4,1.1,1.2",2007,"4.0,4.0,4.4,4.0,3.9,3.6,3.3,3.0,2.7",2023-12-20 12:41:25
496087,The Fund For Peace,Fragile State Index,Total,2023,104,156,9,0.90705,2011,"25.3,26.5,24.8,26.1,24.6,22.5,22.3,20.7393047786885,20.6",2014,"24.1,22.6,21.3,22.6,20.888699780987427,20.1,17.879896291384675,18.4,17.5",2023-12-13 12:25:08
7095557,The Fund For Peace,Fragile State Index,X1: External Intervention,2023,104,156,9,0.90325,2011,"2.4,2.4,2.2,2.0,1.9,1.6,1.4,1.1,1.2",2014,"1.3,1.1,0.9,1.2,0.8999999999999999,0.9,0.6000000000000001,0.5,0.5",2023-12-20 12:41:24
496831,The Fund For Peace,Fragile State Index,Total,2023,104,72,9,0.90426,2011,"25.3,26.5,24.8,26.1,24.6,22.5,22.3,20.7393047786885,20.6",2013,"80.8,79.0,76.7,76.2,76.9,74.51822129476686,71.7,69.85212211648623,70.4",2023-12-13 12:26:00
4959661,The Fund For Peace,Fragile State Index,P1: State Legitimacy,2023,104,72,9,0.90191,2011,"2.0,2.2,1.9,1.8,1.5,1.2,1.0,0.7,0.7",2013,"8.8,7.8,7.4,7.1,6.9,6.6000000000000005,6.3,6.0,5.7",2023-12-18 16:00:12
496483,The Fund For Peace,Fragile State Index,Total,2023,104,80,9,0.90207,2011,"25.3,26.5,24.8,26.1,24.6,22.5,22.3,20.7393047786885,20.6",2010,"90.4,86.4,84.8,84.2,82.7,79.2,78.9,76.5,74.00003923403446",2023-12-13 12:25:36
7095685,The Fund For Peace,Fragile State Index,X1: External Intervention,2023,104,80,9,0.90077,2011,"2.4,2.4,2.2,2.0,1.9,1.6,1.4,1.1,1.2",2010,"8.7,8.5,8.2,7.9,7.6,7.3,7.6,7.4,7.30003923403446",2023-12-20 12:41:32
495296,The Fund For Peace,Fragile State Index,Total,2023,104,199,8,0.97494,2012,"26.5,24.8,26.1,24.6,22.5,22.3,20.7393047786885,20.6",2016,"91.0,89.3,89.08699644672271,86.8,84.35580251344358,83.4,82.39999999999999,81.39999999999999",2023-12-13 12:24:16
4959092,The Fund For Peace,Fragile State Index,P1: State Legitimacy,2023,104,199,8,0.99471,2012,"2.2,1.9,1.8,1.5,1.2,1.0,0.7,0.7",2016,"7.1,6.9,6.6000000000000005,6.3,6.0,5.7,5.4,5.5",2023-12-18 15:59:38
495720,The Fund For Peace,Fragile State Index,Total,2023,104,72,8,0.96095,2012,"26.5,24.8,26.1,24.6,22.5,22.3,20.7393047786885,20.6",2015,"76.7,76.2,76.9,74.51822129476686,71.7,69.85212211648623,70.4,68.9",2023-12-13 12:24:44
4959246,The Fund For Peace,Fragile State Index,P1: State Legitimacy,2023,104,72,8,0.99741,2012,"2.2,1.9,1.8,1.5,1.2,1.0,0.7,0.7",2015,"7.4,7.1,6.9,6.6000000000000005,6.3,6.0,5.7,5.8",2023-12-18 15:59:47
495475,The Fund For Peace,Fragile State Index,Total,2023,104,25,8,0.96494,2012,"26.5,24.8,26.1,24.6,22.5,22.3,20.7393047786885,20.6",2011,"85.0,82.4,81.8,80.9,78.7,77.6,76.0,74.27398470769302",2023-12-13 12:24:27
4959123,The Fund For Peace,Fragile State Index,P1: State Legitimacy,2023,104,25,8,0.99328,2012,"2.2,1.9,1.8,1.5,1.2,1.0,0.7,0.7",2011,"6.6,6.3,6.0,5.5,5.0,4.5,4.3,4.0",2023-12-18 15:59:40
495646,The Fund For Peace,Fragile State Index,Total,2023,104,198,8,0.97261,2012,"26.5,24.8,26.1,24.6,22.5,22.3,20.7393047786885,20.6",2008,"69.5,67.7,67.9,67.0,65.1,64.0,63.7,62.1",2023-12-13 12:24:39
4959214,The Fund For Peace,Fragile State Index,P1: State Legitimacy,2023,104,198,8,0.98337,2012,"2.2,1.9,1.8,1.5,1.2,1.0,0.7,0.7",2008,"7.6,7.1,7.0,6.8,6.3,6.3,6.0,5.7",2023-12-18 15:59:45
495743,The Fund For Peace,Fragile State Index,Total,2023,104,222,8,0.96097,2012,"26.5,24.8,26.1,24.6,22.5,22.3,20.7393047786885,20.6",2015,"90.5,90.8,90.5,88.25683064064846,85.5,82.66311377505994,80.9,79.3",2023-12-13 12:24:46
4959265,The Fund For Peace,Fragile State Index,P1: State Legitimacy,2023,104,222,8,0.99307,2012,"2.2,1.9,1.8,1.5,1.2,1.0,0.7,0.7",2015,"7.4,7.1,6.9,6.4,6.1,5.8,5.5,5.2",2023-12-18 15:59:48
495642,The Fund For Peace,Fragile State Index,Total,2023,104,86,8,0.96655,2012,"26.5,24.8,26.1,24.6,22.5,22.3,20.7393047786885,20.6",2014,"65.2,63.5,63.0,61.5,59.9,57.6,55.24684546356435,56.1",2023-12-13 12:24:39
4959210,The Fund For Peace,Fragile State Index,P1: State Legitimacy,2023,104,86,8,0.98371,2012,"2.2,1.9,1.8,1.5,1.2,1.0,0.7,0.7",2014,"6.2,5.9,5.6,5.4,5.2,4.9,4.6000000000000005,4.3",2023-12-18 15:59:45
495780,The Fund For Peace,Fragile State Index,Total,2023,104,37,8,0.96311,2012,"26.5,24.8,26.1,24.6,22.5,22.3,20.7393047786885,20.6",2012,"74.7,73.7,74.1,73.5,71.5,70.1,68.00000000000001,66.6",2023-12-13 12:24:48
4959286,The Fund For Peace,Fragile State Index,P1: State Legitimacy,2023,104,37,8,0.98567,2012,"2.2,1.9,1.8,1.5,1.2,1.0,0.7,0.7",2012,"6.6,6.3,6.0,5.7,5.5,5.3,5.0,4.7",2023-12-18 15:59:49
495479,The Fund For Peace,Fragile State Index,Total,2023,104,25,8,0.95659,2012,"26.5,24.8,26.1,24.6,22.5,22.3,20.7393047786885,20.6",2015,"78.7,77.6,76.0,74.27398470769302,72.0,69.50902262964706,68.3,67.39999999999999",2023-12-13 12:24:27
4959127,The Fund For Peace,Fragile State Index,P1: State Legitimacy,2023,104,25,8,0.99074,2012,"2.2,1.9,1.8,1.5,1.2,1.0,0.7,0.7",2015,"5.0,4.5,4.3,4.0,3.7,3.4000000000000004,3.1,2.8",2023-12-18 15:59:40
494640,The Fund For Peace,Fragile State Index,Total,2023,104,196,8,0.95316,2012,"26.5,24.8,26.1,24.6,22.5,22.3,20.7393047786885,20.6",2014,"82.8,82.9,83.6,82.3,79.62828847155544,77.2,74.5646477541905,73.39999999999999",2023-12-13 12:23:35
4958850,The Fund For Peace,Fragile State Index,P1: State Legitimacy,2023,104,196,8,0.99305,2012,"2.2,1.9,1.8,1.5,1.2,1.0,0.7,0.7",2014,"6.0,5.5,5.2,4.7,4.4,4.1,3.8,3.6",2023-12-18 15:59:23
495607,The Fund For Peace,Fragile State Index,Total,2023,104,213,8,0.95591,2012,"26.5,24.8,26.1,24.6,22.5,22.3,20.7393047786885,20.6",2012,"71.2,71.2,70.6,68.4,66.7,65.9,64.01235952203785,61.9",2023-12-13 12:24:37
4959180,The Fund For Peace,Fragile State Index,P1: State Legitimacy,2023,104,213,8,0.98967,2012,"2.2,1.9,1.8,1.5,1.2,1.0,0.7,0.7",2012,"6.4,6.1,5.8,5.5,5.2,5.0,4.7,4.4",2023-12-18 15:59:43
2526092,The Fund For Peace,Fragile State Index,C3: Group Grievance,2023,104,200,8,0.99046,2013,"1.6,1.6,1.9,1.6,1.4,1.1,1.0,0.7",2013,"2.7,2.8,3.1,2.8,2.6,2.3000000000000003,2.0,1.7",2023-12-15 14:37:50
2885276,The Fund For Peace,Fragile State Index,E1: Economy,2023,104,200,8,0.95498,2013,"3.9,4.2,4.1,3.6,3.4,3.1,2.8,2.5",2013,"3.0,2.8,2.5,2.2,2.0,1.7,1.4,1.1",2023-12-16 07:20:25
495478,The Fund For Peace,Fragile State Index,Total,2023,104,25,8,0.96197,2012,"26.5,24.8,26.1,24.6,22.5,22.3,20.7393047786885,20.6",2014,"80.9,78.7,77.6,76.0,74.27398470769302,72.0,69.50902262964706,68.3",2023-12-13 12:24:27
4959126,The Fund For Peace,Fragile State Index,P1: State Legitimacy,2023,104,25,8,0.98185,2012,"2.2,1.9,1.8,1.5,1.2,1.0,0.7,0.7",2014,"5.5,5.0,4.5,4.3,4.0,3.7,3.4000000000000004,3.1",2023-12-18 15:59:40
495480,The Fund For Peace,Fragile State Index,Total,2023,104,25,8,0.94732,2012,"26.5,24.8,26.1,24.6,22.5,22.3,20.7393047786885,20.6",2016,"77.6,76.0,74.27398470769302,72.0,69.50902262964706,68.3,67.39999999999999,66.4",2023-12-13 12:24:27
4959128,The Fund For Peace,Fragile State Index,P1: State Legitimacy,2023,104,25,8,0.99637,2012,"2.2,1.9,1.8,1.5,1.2,1.0,0.7,0.7",2016,"4.5,4.3,4.0,3.7,3.4000000000000004,3.1,2.8,2.8",2023-12-18 15:59:40
2526184,The Fund For Peace,Fragile State Index,C3: Group Grievance,2023,104,15,8,0.94999,2013,"1.6,1.6,1.9,1.6,1.4,1.1,1.0,0.7",2008,"7.3,7.9,7.9,7.5,7.2,6.9,6.7,6.4",2023-12-15 14:37:56
2885368,The Fund For Peace,Fragile State Index,E1: Economy,2023,104,15,8,0.99333,2013,"3.9,4.2,4.1,3.6,3.4,3.1,2.8,2.5",2008,"5.9,6.1,5.9,5.5,5.2,4.7,4.4,4.1",2023-12-16 07:20:31
2526136,The Fund For Peace,Fragile State Index,C3: Group Grievance,2023,104,239,8,0.98103,2013,"1.6,1.6,1.9,1.6,1.4,1.1,1.0,0.7",2013,"7.5,7.4,7.6,7.3,7.1,6.9,6.6,6.3",2023-12-15 14:37:53
2885302,The Fund For Peace,Fragile State Index,E1: Economy,2023,104,239,8,0.96214,2013,"3.9,4.2,4.1,3.6,3.4,3.1,2.8,2.5",2013,"7.2,7.1,6.8,6.5,6.3,6.1,5.8,5.5",2023-12-16 07:20:27
494613,The Fund For Peace,Fragile State Index,Total,2023,104,29,8,0.95342,2012,"26.5,24.8,26.1,24.6,22.5,22.3,20.7393047786885,20.6",2009,"68.8,68.6,67.9,66.5,64.0,64.5,62.8,63.5",2023-12-13 12:23:34
4958830,The Fund For Peace,Fragile State Index,P1: State Legitimacy,2023,104,29,8,0.98974,2012,"2.2,1.9,1.8,1.5,1.2,1.0,0.7,0.7",2009,"5.8,5.3,5.0,4.7,4.4,4.1,3.8,3.5",2023-12-18 15:59:22
495678,The Fund For Peace,Fragile State Index,Total,2023,104,99,8,0.948,2012,"26.5,24.8,26.1,24.6,22.5,22.3,20.7393047786885,20.6",2009,"29.0,29.8,30.1,29.1,24.7,25.9,23.4,22.8",2023-12-13 12:24:41
4959234,The Fund For Peace,Fragile State Index,P1: State Legitimacy,2023,104,99,8,0.99456,2012,"2.2,1.9,1.8,1.5,1.2,1.0,0.7,0.7",2009,"2.2,2.0,2.0,1.7,1.4,1.2,0.9,1.0",2023-12-18 15:59:46
495314,The Fund For Peace,Fragile State Index,Total,2023,104,142,8,0.95996,2012,"26.5,24.8,26.1,24.6,22.5,22.3,20.7393047786885,20.6",2008,"85.7,85.1,83.8,81.2,78.7,76.5,75.1,73.0",2023-12-13 12:24:17
4959093,The Fund For Peace,Fragile State Index,P1: State Legitimacy,2023,104,142,8,0.98126,2012,"2.2,1.9,1.8,1.5,1.2,1.0,0.7,0.7",2008,"8.3,8.1,7.9,7.6,7.4,6.9,6.6,6.3",2023-12-18 15:59:38
494996,The Fund For Peace,Fragile State Index,Total,2023,104,238,8,0.95369,2012,"26.5,24.8,26.1,24.6,22.5,22.3,20.7393047786885,20.6",2009,"41.2,41.3,40.4,40.5,38.4,37.9,36.4,36.2",2023-12-13 12:23:58
4958987,The Fund For Peace,Fragile State Index,P1: State Legitimacy,2023,104,238,8,0.98659,2012,"2.2,1.9,1.8,1.5,1.2,1.0,0.7,0.7",2009,"2.8,2.6,2.5,2.2,1.7,1.6,1.4,1.1",2023-12-18 15:59:31
495476,The Fund For Peace,Fragile State Index,Total,2023,104,25,8,0.95016,2012,"26.5,24.8,26.1,24.6,22.5,22.3,20.7393047786885,20.6",2012,"82.4,81.8,80.9,78.7,77.6,76.0,74.27398470769302,72.0",2023-12-13 12:24:27
4959124,The Fund For Peace,Fragile State Index,P1: State Legitimacy,2023,104,25,8,0.98868,2012,"2.2,1.9,1.8,1.5,1.2,1.0,0.7,0.7",2012,"6.3,6.0,5.5,5.0,4.5,4.3,4.0,3.7",2023-12-18 15:59:40
2336827,The Fund For Peace,Fragile State Index,C2: Factionalized Elites,2023,104,206,8,0.97831,2006,"1.0,1.0,1.0,1.3,1.5,1.4,1.4,1.3",2014,"5.6,5.6,5.6,6.1,6.6,6.6,6.6,6.3",2023-12-15 10:52:56
3468781,The Fund For Peace,Fragile State Index,E2: Economic Inequality,2023,104,206,8,0.95974,2006,"3.0,2.9,3.0,3.0,2.8,2.6,2.7,2.5",2014,"7.7,7.4,7.7,7.5,7.2,6.9,6.800000000000001,6.7",2023-12-16 18:11:16
495782,The Fund For Peace,Fragile State Index,Total,2023,104,37,8,0.9508,2012,"26.5,24.8,26.1,24.6,22.5,22.3,20.7393047786885,20.6",2014,"74.1,73.5,71.5,70.1,68.00000000000001,66.6,64.7781708998417,64.2",2023-12-13 12:24:48
4959288,The Fund For Peace,Fragile State Index,P1: State Legitimacy,2023,104,37,8,0.98682,2012,"2.2,1.9,1.8,1.5,1.2,1.0,0.7,0.7",2014,"6.0,5.7,5.5,5.3,5.0,4.7,4.4,4.1",2023-12-18 15:59:49
495204,The Fund For Peace,Fragile State Index,Total,2023,104,108,8,0.94962,2012,"26.5,24.8,26.1,24.6,22.5,22.3,20.7393047786885,20.6",2013,"103.5,101.7,100.1,97.9,96.5,94.56151916975632,92.1,89.72267369142226",2023-12-13 12:24:10
4959075,The Fund For Peace,Fragile State Index,P1: State Legitimacy,2023,104,108,8,0.98758,2012,"2.2,1.9,1.8,1.5,1.2,1.0,0.7,0.7",2013,"9.3,8.8,8.5,8.1,7.9,7.6,7.3,7.0",2023-12-18 15:59:37
495744,The Fund For Peace,Fragile State Index,Total,2023,104,222,8,0.95065,2012,"26.5,24.8,26.1,24.6,22.5,22.3,20.7393047786885,20.6",2016,"90.8,90.5,88.25683064064846,85.5,82.66311377505994,80.9,79.3,77.5",2023-12-13 12:24:46
4959266,The Fund For Peace,Fragile State Index,P1: State Legitimacy,2023,104,222,8,0.9862,2012,"2.2,1.9,1.8,1.5,1.2,1.0,0.7,0.7",2016,"7.1,6.9,6.4,6.1,5.8,5.5,5.2,4.9",2023-12-18 15:59:48
494703,The Fund For Peace,Fragile State Index,Total,2023,104,170,8,0.96435,2012,"26.5,24.8,26.1,24.6,22.5,22.3,20.7393047786885,20.6",2013,"55.8,55.7,54.6,53.2,50.7,49.48072267554133,47.0,45.98191488845223",2023-12-13 12:23:40
4958874,The Fund For Peace,Fragile State Index,P1: State Legitimacy,2023,104,170,8,0.97245,2012,"2.2,1.9,1.8,1.5,1.2,1.0,0.7,0.7",2013,"4.7,4.6,4.0,3.7,3.2,3.031674531996406,2.9,2.8649818861158307",2023-12-18 15:59:25
495569,The Fund For Peace,Fragile State Index,Total,2023,104,226,8,0.94648,2012,"26.5,24.8,26.1,24.6,22.5,22.3,20.7393047786885,20.6",2012,"64.4,62.6,61.3,58.7,57.8,56.7,54.6057398402105,53.0",2023-12-13 12:24:34
4959145,The Fund For Peace,Fragile State Index,P1: State Legitimacy,2023,104,226,8,0.98967,2012,"2.2,1.9,1.8,1.5,1.2,1.0,0.7,0.7",2012,"5.9,5.6,5.3,5.0,4.7,4.5,4.2,3.9",2023-12-18 15:59:41
495113,The Fund For Peace,Fragile State Index,Total,2023,104,48,8,0.9575,2012,"26.5,24.8,26.1,24.6,22.5,22.3,20.7393047786885,20.6",2007,"89.7,89.0,89.2,88.2,87.0,84.4,83.8,83.1",2023-12-13 12:24:05
4959039,The Fund For Peace,Fragile State Index,P1: State Legitimacy,2023,104,48,8,0.97825,2012,"2.2,1.9,1.8,1.5,1.2,1.0,0.7,0.7",2007,"8.2,7.9,7.9,7.7,7.5,7.4,7.3,7.4",2023-12-18 15:59:34
494618,The Fund For Peace,Fragile State Index,Total,2023,104,29,8,0.9388,2012,"26.5,24.8,26.1,24.6,22.5,22.3,20.7393047786885,20.6",2014,"64.5,62.8,63.5,63.8,61.98745014345976,59.5,57.07123296987986,56.99999999999999",2023-12-13 12:23:34
4958835,The Fund For Peace,Fragile State Index,P1: State Legitimacy,2023,104,29,8,0.99581,2012,"2.2,1.9,1.8,1.5,1.2,1.0,0.7,0.7",2014,"4.1,3.8,3.5,3.3,3.0,2.7,2.4000000000000004,2.4",2023-12-18 15:59:22
495784,The Fund For Peace,Fragile State Index,Total,2023,104,37,8,0.94486,2012,"26.5,24.8,26.1,24.6,22.5,22.3,20.7393047786885,20.6",2016,"71.5,70.1,68.00000000000001,66.6,64.7781708998417,64.2,61.4,60.1",2023-12-13 12:24:48
4959290,The Fund For Peace,Fragile State Index,P1: State Legitimacy,2023,104,37,8,0.98916,2012,"2.2,1.9,1.8,1.5,1.2,1.0,0.7,0.7",2016,"5.5,5.3,5.0,4.7,4.4,4.1,3.8,3.5",2023-12-18 15:59:50
2526206,The Fund For Peace,Fragile State Index,C3: Group Grievance,2023,104,38,8,0.97854,2013,"1.6,1.6,1.9,1.6,1.4,1.1,1.0,0.7",2013,"7.0,7.3,7.4,7.1,6.9,6.6000000000000005,6.3,6.0",2023-12-15 14:37:58
2885424,The Fund For Peace,Fragile State Index,E1: Economy,2023,104,38,8,0.95514,2013,"3.9,4.2,4.1,3.6,3.4,3.1,2.8,2.5",2013,"6.4,6.1,6.4,5.9,5.7,5.495624345091951,5.3,5.0",2023-12-16 07:20:34
495203,The Fund For Peace,Fragile State Index,Total,2023,104,108,8,0.94671,2012,"26.5,24.8,26.1,24.6,22.5,22.3,20.7393047786885,20.6",2012,"103.6,103.5,101.7,100.1,97.9,96.5,94.56151916975632,92.1",2023-12-13 12:24:10
4959074,The Fund For Peace,Fragile State Index,P1: State Legitimacy,2023,104,108,8,0.98693,2012,"2.2,1.9,1.8,1.5,1.2,1.0,0.7,0.7",2012,"9.6,9.3,8.8,8.5,8.1,7.9,7.6,7.3",2023-12-18 15:59:36
495719,The Fund For Peace,Fragile State Index,Total,2023,104,72,8,0.9453,2012,"26.5,24.8,26.1,24.6,22.5,22.3,20.7393047786885,20.6",2014,"79.0,76.7,76.2,76.9,74.51822129476686,71.7,69.85212211648623,70.4",2023-12-13 12:24:44
4959245,The Fund For Peace,Fragile State Index,P1: State Legitimacy,2023,104,72,8,0.98802,2012,"2.2,1.9,1.8,1.5,1.2,1.0,0.7,0.7",2014,"7.8,7.4,7.1,6.9,6.6000000000000005,6.3,6.0,5.7",2023-12-18 15:59:47
495781,The Fund For Peace,Fragile State Index,Total,2023,104,37,8,0.94856,2012,"26.5,24.8,26.1,24.6,22.5,22.3,20.7393047786885,20.6",2013,"73.7,74.1,73.5,71.5,70.1,68.00000000000001,66.6,64.7781708998417",2023-12-13 12:24:48
4959287,The Fund For Peace,Fragile State Index,P1: State Legitimacy,2023,104,37,8,0.98371,2012,"2.2,1.9,1.8,1.5,1.2,1.0,0.7,0.7",2013,"6.3,6.0,5.7,5.5,5.3,5.0,4.7,4.4",2023-12-18 15:59:49
495020,The Fund For Peace,Fragile State Index,Total,2023,104,81,8,0.95802,2012,"26.5,24.8,26.1,24.6,22.5,22.3,20.7393047786885,20.6",2014,"30.6,28.1,28.6,28.1,25.83337235566515,24.7,23.188488518886743,24.8",2023-12-13 12:23:59
4959004,The Fund For Peace,Fragile State Index,P1: State Legitimacy,2023,104,81,8,0.97421,2012,"2.2,1.9,1.8,1.5,1.2,1.0,0.7,0.7",2014,"1.5,1.2,1.0,1.0,0.7,0.7,0.5,0.5",2023-12-18 15:59:32
494772,The Fund For Peace,Fragile State Index,Total,2023,104,163,8,0.94787,2012,"26.5,24.8,26.1,24.6,22.5,22.3,20.7393047786885,20.6",2008,"74.6,74.4,72.7,71.0,69.1,68.0,66.4,64.5",2023-12-13 12:23:44
4958909,The Fund For Peace,Fragile State Index,P1: State Legitimacy,2023,104,163,8,0.98393,2012,"2.2,1.9,1.8,1.5,1.2,1.0,0.7,0.7",2008,"7.6,7.4,6.9,6.7,6.4,6.1,5.8,5.5",2023-12-18 15:59:27
494737,The Fund For Peace,Fragile State Index,Total,2023,104,56,8,0.93648,2012,"26.5,24.8,26.1,24.6,22.5,22.3,20.7393047786885,20.6",2014,"67.9,66.2,64.0,62.6,60.286306956278125,57.8,56.05796495249495,57.39999999999999",2023-12-13 12:23:42
4958888,The Fund For Peace,Fragile State Index,P1: State Legitimacy,2023,104,56,8,0.99414,2012,"2.2,1.9,1.8,1.5,1.2,1.0,0.7,0.7",2014,"5.6,5.3,5.0,4.8,4.5,4.2,3.9,4.0",2023-12-18 15:59:25
495571,The Fund For Peace,Fragile State Index,Total,2023,104,226,8,0.94252,2012,"26.5,24.8,26.1,24.6,22.5,22.3,20.7393047786885,20.6",2014,"61.3,58.7,57.8,56.7,54.6057398402105,53.0,51.9451410707907,52.9",2023-12-13 12:24:34
4959147,The Fund For Peace,Fragile State Index,P1: State Legitimacy,2023,104,226,8,0.98784,2012,"2.2,1.9,1.8,1.5,1.2,1.0,0.7,0.7",2014,"5.3,5.0,4.7,4.5,4.2,3.9,3.6,3.3",2023-12-18 15:59:41
494641,The Fund For Peace,Fragile State Index,Total,2023,104,196,8,0.95072,2012,"26.5,24.8,26.1,24.6,22.5,22.3,20.7393047786885,20.6",2015,"82.9,83.6,82.3,79.62828847155544,77.2,74.5646477541905,73.39999999999999,72.10000000000001",2023-12-13 12:23:36
4958851,The Fund For Peace,Fragile State Index,P1: State Legitimacy,2023,104,196,8,0.97936,2012,"2.2,1.9,1.8,1.5,1.2,1.0,0.7,0.7",2015,"5.5,5.2,4.7,4.4,4.1,3.8,3.6,3.7",2023-12-18 15:59:23
2526115,The Fund For Peace,Fragile State Index,C3: Group Grievance,2023,104,126,8,0.96213,2013,"1.6,1.6,1.9,1.6,1.4,1.1,1.0,0.7",2014,"4.0,4.3,4.6,4.4,4.1000000000000005,3.8,3.5975439132259592,3.3",2023-12-15 14:37:52
2885287,The Fund For Peace,Fragile State Index,E1: Economy,2023,104,126,8,0.96788,2013,"3.9,4.2,4.1,3.6,3.4,3.1,2.8,2.5",2014,"4.8,5.0,4.7,4.5,4.2,3.9,3.6,3.7",2023-12-16 07:20:26
495118,The Fund For Peace,Fragile State Index,Total,2023,104,48,8,0.96578,2012,"26.5,24.8,26.1,24.6,22.5,22.3,20.7393047786885,20.6",2012,"84.4,83.8,83.1,82.5,80.2,78.9,76.62792958051614,75.7",2023-12-13 12:24:05
4959042,The Fund For Peace,Fragile State Index,P1: State Legitimacy,2023,104,48,8,0.96362,2012,"2.2,1.9,1.8,1.5,1.2,1.0,0.7,0.7",2012,"7.4,7.3,7.4,7.1,6.5,6.3,6.0,5.7",2023-12-18 15:59:35
495050,The Fund For Peace,Fragile State Index,Total,2023,104,67,8,0.93781,2012,"26.5,24.8,26.1,24.6,22.5,22.3,20.7393047786885,20.6",2015,"43.7,43.4,44.7,42.990053644081904,40.8,38.52345451018706,39.50000000000001,37.7",2023-12-13 12:24:01
4959025,The Fund For Peace,Fragile State Index,P1: State Legitimacy,2023,104,67,8,0.9907,2012,"2.2,1.9,1.8,1.5,1.2,1.0,0.7,0.7",2015,"3.2,2.9,2.7,2.4000000000000004,2.1,1.8,1.5,1.2",2023-12-18 15:59:34
495650,The Fund For Peace,Fragile State Index,Total,2023,104,198,8,0.96994,2012,"26.5,24.8,26.1,24.6,22.5,22.3,20.7393047786885,20.6",2012,"65.1,64.0,63.7,62.1,60.2,59.4,56.754155689071474,55.2",2023-12-13 12:24:39
4959218,The Fund For Peace,Fragile State Index,P1: State Legitimacy,2023,104,198,8,0.9584,2012,"2.2,1.9,1.8,1.5,1.2,1.0,0.7,0.7",2012,"6.3,6.3,6.0,5.7,5.7,5.5,5.2,4.9",2023-12-18 15:59:45
495043,The Fund For Peace,Fragile State Index,Total,2023,104,67,8,0.94873,2012,"26.5,24.8,26.1,24.6,22.5,22.3,20.7393047786885,20.6",2008,"51.0,51.2,50.7,49.3,47.5,45.3,45.2,43.7",2023-12-13 12:24:01
4959018,The Fund For Peace,Fragile State Index,P1: State Legitimacy,2023,104,67,8,0.97949,2012,"2.2,1.9,1.8,1.5,1.2,1.0,0.7,0.7",2008,"4.8,4.7,4.5,4.1,3.8,3.8,3.5,3.2",2023-12-18 15:59:33
495783,The Fund For Peace,Fragile State Index,Total,2023,104,37,8,0.93946,2012,"26.5,24.8,26.1,24.6,22.5,22.3,20.7393047786885,20.6",2015,"73.5,71.5,70.1,68.00000000000001,66.6,64.7781708998417,64.2,61.4",2023-12-13 12:24:48
4959289,The Fund For Peace,Fragile State Index,P1: State Legitimacy,2023,104,37,8,0.98808,2012,"2.2,1.9,1.8,1.5,1.2,1.0,0.7,0.7",2015,"5.7,5.5,5.3,5.0,4.7,4.4,4.1,3.8",2023-12-18 15:59:49
495742,The Fund For Peace,Fragile State Index,Total,2023,104,222,8,0.93408,2012,"26.5,24.8,26.1,24.6,22.5,22.3,20.7393047786885,20.6",2014,"91.0,90.5,90.8,90.5,88.25683064064846,85.5,82.66311377505994,80.9",2023-12-13 12:24:45
4959264,The Fund For Peace,Fragile State Index,P1: State Legitimacy,2023,104,222,8,0.99102,2012,"2.2,1.9,1.8,1.5,1.2,1.0,0.7,0.7",2014,"7.7,7.4,7.1,6.9,6.4,6.1,5.8,5.5",2023-12-18 15:59:48
2526159,The Fund For Peace,Fragile State Index,C3: Group Grievance,2023,104,94,8,0.94761,2013,"1.6,1.6,1.9,1.6,1.4,1.1,1.0,0.7",2012,"7.0,7.0,7.0,6.7,6.7,6.5,6.2,5.9",2023-12-15 14:37:54
2885347,The Fund For Peace,Fragile State Index,E1: Economy,2023,104,94,8,0.97696,2013,"3.9,4.2,4.1,3.6,3.4,3.1,2.8,2.5",2012,"9.5,9.7,9.4,9.1,8.9,8.7,8.399999999999999,8.4",2023-12-16 07:20:29
495119,The Fund For Peace,Fragile State Index,Total,2023,104,48,8,0.94793,2012,"26.5,24.8,26.1,24.6,22.5,22.3,20.7393047786885,20.6",2013,"83.8,83.1,82.5,80.2,78.9,76.62792958051614,75.7,76.61419215568088",2023-12-13 12:24:05
4959043,The Fund For Peace,Fragile State Index,P1: State Legitimacy,2023,104,48,8,0.97625,2012,"2.2,1.9,1.8,1.5,1.2,1.0,0.7,0.7",2013,"7.3,7.4,7.1,6.5,6.3,6.0,5.7,5.8",2023-12-18 15:59:35
495148,The Fund For Peace,Fragile State Index,Total,2023,104,101,8,0.96517,2012,"26.5,24.8,26.1,24.6,22.5,22.3,20.7393047786885,20.6",2014,"76.8,75.0,74.9,72.9,72.29772813709069,70.4,67.84550475118697,67.6",2023-12-13 12:24:07
4959058,The Fund For Peace,Fragile State Index,P1: State Legitimacy,2023,104,101,8,0.95893,2012,"2.2,1.9,1.8,1.5,1.2,1.0,0.7,0.7",2014,"6.5,5.6,5.3,5.1,4.8,4.5,4.2,4.4",2023-12-18 15:59:36
494985,The Fund For Peace,Fragile State Index,Total,2023,104,138,8,0.92823,2012,"26.5,24.8,26.1,24.6,22.5,22.3,20.7393047786885,20.6",2014,"46.1,45.2,43.2,41.7,40.49020053885572,38.9,37.18472003299283,38.10000000000001",2023-12-13 12:23:57
4958982,The Fund For Peace,Fragile State Index,P1: State Legitimacy,2023,104,138,8,0.99581,2012,"2.2,1.9,1.8,1.5,1.2,1.0,0.7,0.7",2014,"3.8,3.5,3.2,3.0,2.7,2.4,2.1,2.1",2023-12-18 15:59:31
1966997,The Fund For Peace,Fragile State Index,C1: Security Apparatus,2023,104,35,8,0.944,2006,"1.0,1.0,1.0,1.1,1.4,1.6,1.7,1.8",2012,"7.1,7.2,6.9,7.4,8.1,8.4,8.5,8.2",2023-12-15 03:45:34
2336858,The Fund For Peace,Fragile State Index,C2: Factionalized Elites,2023,104,35,8,0.97963,2006,"1.0,1.0,1.0,1.3,1.5,1.4,1.4,1.3",2012,"7.3,7.3,7.3,7.8,8.1,7.8,7.8,7.8",2023-12-15 10:52:59
494844,The Fund For Peace,Fragile State Index,Total,2023,104,120,8,0.93584,2012,"26.5,24.8,26.1,24.6,22.5,22.3,20.7393047786885,20.6",2013,"47.9,48.0,48.5,47.4,46.4,44.899921744994565,43.9,42.31122746144478",2023-12-13 12:23:49
4958925,The Fund For Peace,Fragile State Index,P1: State Legitimacy,2023,104,120,8,0.98752,2012,"2.2,1.9,1.8,1.5,1.2,1.0,0.7,0.7",2013,"4.5,4.2,3.9,3.6,3.4,3.1,2.8,2.5",2023-12-18 15:59:28
495647,The Fund For Peace,Fragile State Index,Total,2023,104,198,8,0.9385,2012,"26.5,24.8,26.1,24.6,22.5,22.3,20.7393047786885,20.6",2009,"67.7,67.9,67.0,65.1,64.0,63.7,62.1,60.2",2023-12-13 12:24:39
4959215,The Fund For Peace,Fragile State Index,P1: State Legitimacy,2023,104,198,8,0.9845,2012,"2.2,1.9,1.8,1.5,1.2,1.0,0.7,0.7",2009,"7.1,7.0,6.8,6.3,6.3,6.0,5.7,5.7",2023-12-18 15:59:45
495609,The Fund For Peace,Fragile State Index,Total,2023,104,213,8,0.93467,2012,"26.5,24.8,26.1,24.6,22.5,22.3,20.7393047786885,20.6",2014,"70.6,68.4,66.7,65.9,64.01235952203785,61.9,60.12230683109472,61.50000000000001",2023-12-13 12:24:37
4959182,The Fund For Peace,Fragile State Index,P1: State Legitimacy,2023,104,213,8,0.98784,2012,"2.2,1.9,1.8,1.5,1.2,1.0,0.7,0.7",2014,"5.8,5.5,5.2,5.0,4.7,4.4,4.1000000000000005,3.8",2023-12-18 15:59:43
494694,The Fund For Peace,Fragile State Index,Total,2023,104,82,8,0.94611,2012,"26.5,24.8,26.1,24.6,22.5,22.3,20.7393047786885,20.6",2015,"71.8,71.2,69.7,68.1221863165064,65.9,64.15816913182405,63.900000000000006,63.0",2023-12-13 12:23:39
4958870,The Fund For Peace,Fragile State Index,P1: State Legitimacy,2023,104,82,8,0.97579,2012,"2.2,1.9,1.8,1.5,1.2,1.0,0.7,0.7",2015,"5.0,4.7,4.2,3.9,3.6,3.3000000000000003,3.2,3.2",2023-12-18 15:59:24
495044,The Fund For Peace,Fragile State Index,Total,2023,104,67,8,0.95039,2012,"26.5,24.8,26.1,24.6,22.5,22.3,20.7393047786885,20.6",2009,"51.2,50.7,49.3,47.5,45.3,45.2,43.7,43.4",2023-12-13 12:24:01
4959019,The Fund For Peace,Fragile State Index,P1: State Legitimacy,2023,104,67,8,0.97099,2012,"2.2,1.9,1.8,1.5,1.2,1.0,0.7,0.7",2009,"4.7,4.5,4.1,3.8,3.8,3.5,3.2,2.9",2023-12-18 15:59:33
495574,The Fund For Peace,Fragile State Index,Total,2023,104,16,8,0.96027,2012,"26.5,24.8,26.1,24.6,22.5,22.3,20.7393047786885,20.6",2007,"60.1,60.5,60.9,58.9,56.5,55.1,54.7,54.1",2023-12-13 12:24:34
4959150,The Fund For Peace,Fragile State Index,P1: State Legitimacy,2023,104,16,8,0.96053,2012,"2.2,1.9,1.8,1.5,1.2,1.0,0.7,0.7",2007,"6.4,5.9,5.5,5.5,5.2,4.9,4.9,4.6",2023-12-18 15:59:41
495013,The Fund For Peace,Fragile State Index,Total,2023,104,81,8,0.95244,2012,"26.5,24.8,26.1,24.6,22.5,22.3,20.7393047786885,20.6",2007,"38.4,37.3,36.2,35.4,33.9,31.7,29.7,30.6",2023-12-13 12:23:59
4958997,The Fund For Peace,Fragile State Index,P1: State Legitimacy,2023,104,81,8,0.96835,2012,"2.2,1.9,1.8,1.5,1.2,1.0,0.7,0.7",2007,"2.3,2.3,2.3,2.1,1.9,1.7,1.4,1.5",2023-12-18 15:59:32
494969,The Fund For Peace,Fragile State Index,Total,2023,104,52,8,0.9743,2012,"26.5,24.8,26.1,24.6,22.5,22.3,20.7393047786885,20.6",2012,"49.7,48.7,48.5,46.8,45.1,44.1,43.236723940075855,42.0",2023-12-13 12:23:56
4958969,The Fund For Peace,Fragile State Index,P1: State Legitimacy,2023,104,52,8,0.94574,2012,"2.2,1.9,1.8,1.5,1.2,1.0,0.7,0.7",2012,"3.2,3.5,3.2,2.9,2.6,2.4,2.1,1.8",2023-12-18 15:59:30
494619,The Fund For Peace,Fragile State Index,Total,2023,104,29,8,0.94554,2012,"26.5,24.8,26.1,24.6,22.5,22.3,20.7393047786885,20.6",2015,"62.8,63.5,63.8,61.98745014345976,59.5,57.07123296987986,56.99999999999999,56.1",2023-12-13 12:23:34
4958836,The Fund For Peace,Fragile State Index,P1: State Legitimacy,2023,104,29,8,0.97422,2012,"2.2,1.9,1.8,1.5,1.2,1.0,0.7,0.7",2015,"3.8,3.5,3.3,3.0,2.7,2.4000000000000004,2.4,2.5",2023-12-18 15:59:22
494997,The Fund For Peace,Fragile State Index,Total,2023,104,238,8,0.93484,2012,"26.5,24.8,26.1,24.6,22.5,22.3,20.7393047786885,20.6",2010,"41.3,40.4,40.5,38.4,37.9,36.4,36.2,36.8",2023-12-13 12:23:58
4958988,The Fund For Peace,Fragile State Index,P1: State Legitimacy,2023,104,238,8,0.9848,2012,"2.2,1.9,1.8,1.5,1.2,1.0,0.7,0.7",2010,"2.6,2.5,2.2,1.7,1.6,1.4,1.1,1.0",2023-12-18 15:59:31
494870,The Fund For Peace,Fragile State Index,Total,2023,104,153,8,0.93196,2012,"26.5,24.8,26.1,24.6,22.5,22.3,20.7393047786885,20.6",2016,"28.2,27.4,26.16998872873363,24.8,22.859835187501517,24.1,22.1,21.0",2023-12-13 12:23:50
4958931,The Fund For Peace,Fragile State Index,P1: State Legitimacy,2023,104,153,8,0.98687,2012,"2.2,1.9,1.8,1.5,1.2,1.0,0.7,0.7",2016,"1.5,1.3,1.0,1.0,0.7,0.5,0.3,0.3",2023-12-18 15:59:28
495608,The Fund For Peace,Fragile State Index,Total,2023,104,213,8,0.93121,2012,"26.5,24.8,26.1,24.6,22.5,22.3,20.7393047786885,20.6",2013,"71.2,70.6,68.4,66.7,65.9,64.01235952203785,61.9,60.12230683109472",2023-12-13 12:24:37
4959181,The Fund For Peace,Fragile State Index,P1: State Legitimacy,2023,104,213,8,0.98752,2012,"2.2,1.9,1.8,1.5,1.2,1.0,0.7,0.7",2013,"6.1,5.8,5.5,5.2,5.0,4.7,4.4,4.1000000000000005",2023-12-18 15:59:43
2526194,The Fund For Peace,Fragile State Index,C3: Group Grievance,2023,104,26,8,0.97372,2013,"1.6,1.6,1.9,1.6,1.4,1.1,1.0,0.7",2009,"7.5,7.7,7.7,7.4,7.1,6.8,6.5,6.2",2023-12-15 14:37:57
2885391,The Fund For Peace,Fragile State Index,E1: Economy,2023,104,26,8,0.94493,2013,"3.9,4.2,4.1,3.6,3.4,3.1,2.8,2.5",2009,"7.0,6.8,6.5,6.5,6.2,5.9,5.4,5.1",2023-12-16 07:20:32
495644,The Fund For Peace,Fragile State Index,Total,2023,104,86,8,0.93051,2012,"26.5,24.8,26.1,24.6,22.5,22.3,20.7393047786885,20.6",2016,"63.0,61.5,59.9,57.6,55.24684546356435,56.1,54.3,53.7",2023-12-13 12:24:39
4959212,The Fund For Peace,Fragile State Index,P1: State Legitimacy,2023,104,86,8,0.98808,2012,"2.2,1.9,1.8,1.5,1.2,1.0,0.7,0.7",2016,"5.6,5.4,5.2,4.9,4.6000000000000005,4.3,4.0,3.7",2023-12-18 15:59:45
494983,The Fund For Peace,Fragile State Index,Total,2023,104,138,8,0.92891,2012,"26.5,24.8,26.1,24.6,22.5,22.3,20.7393047786885,20.6",2012,"44.7,44.5,46.1,45.2,43.2,41.7,40.49020053885572,38.9",2023-12-13 12:23:57
4958980,The Fund For Peace,Fragile State Index,P1: State Legitimacy,2023,104,138,8,0.98967,2012,"2.2,1.9,1.8,1.5,1.2,1.0,0.7,0.7",2012,"4.4,4.1,3.8,3.5,3.2,3.0,2.7,2.4",2023-12-18 15:59:31
495018,The Fund For Peace,Fragile State Index,Total,2023,104,81,8,0.93159,2012,"26.5,24.8,26.1,24.6,22.5,22.3,20.7393047786885,20.6",2012,"31.7,29.7,30.6,28.1,28.6,28.1,25.83337235566515,24.7",2023-12-13 12:23:59
4959002,The Fund For Peace,Fragile State Index,P1: State Legitimacy,2023,104,81,8,0.98658,2012,"2.2,1.9,1.8,1.5,1.2,1.0,0.7,0.7",2012,"1.7,1.4,1.5,1.2,1.0,1.0,0.7,0.7",2023-12-18 15:59:32
495477,The Fund For Peace,Fragile State Index,Total,2023,104,25,8,0.93604,2012,"26.5,24.8,26.1,24.6,22.5,22.3,20.7393047786885,20.6",2013,"81.8,80.9,78.7,77.6,76.0,74.27398470769302,72.0,69.50902262964706",2023-12-13 12:24:27
4959125,The Fund For Peace,Fragile State Index,P1: State Legitimacy,2023,104,25,8,0.98191,2012,"2.2,1.9,1.8,1.5,1.2,1.0,0.7,0.7",2013,"6.0,5.5,5.0,4.5,4.3,4.0,3.7,3.4000000000000004",2023-12-18 15:59:40
494970,The Fund For Peace,Fragile State Index,Total,2023,104,52,8,0.93037,2012,"26.5,24.8,26.1,24.6,22.5,22.3,20.7393047786885,20.6",2013,"48.7,48.5,46.8,45.1,44.1,43.236723940075855,42.0,40.184017849675776",2023-12-13 12:23:57
4958970,The Fund For Peace,Fragile State Index,P1: State Legitimacy,2023,104,52,8,0.98752,2012,"2.2,1.9,1.8,1.5,1.2,1.0,0.7,0.7",2013,"3.5,3.2,2.9,2.6,2.4,2.1,1.8,1.5",2023-12-18 15:59:30
495643,The Fund For Peace,Fragile State Index,Total,2023,104,86,8,0.93095,2012,"26.5,24.8,26.1,24.6,22.5,22.3,20.7393047786885,20.6",2015,"63.5,63.0,61.5,59.9,57.6,55.24684546356435,56.1,54.3",2023-12-13 12:24:39
4959211,The Fund For Peace,Fragile State Index,P1: State Legitimacy,2023,104,86,8,0.98682,2012,"2.2,1.9,1.8,1.5,1.2,1.0,0.7,0.7",2015,"5.9,5.6,5.4,5.2,4.9,4.6000000000000005,4.3,4.0",2023-12-18 15:59:45
2526045,The Fund For Peace,Fragile State Index,C3: Group Grievance,2023,104,29,8,0.96815,2013,"1.6,1.6,1.9,1.6,1.4,1.1,1.0,0.7",2013,"4.8,5.1,5.4,5.1,4.9,4.6000000000000005,4.3,4.0",2023-12-15 14:37:48
2885237,The Fund For Peace,Fragile State Index,E1: Economy,2023,104,29,8,0.94951,2013,"3.9,4.2,4.1,3.6,3.4,3.1,2.8,2.5",2013,"6.1,6.4,6.3,6.0,5.8,5.68603888106562,5.8,5.5",2023-12-16 07:20:22
494961,The Fund For Peace,Fragile State Index,Total,2023,104,126,8,0.92943,2012,"26.5,24.8,26.1,24.6,22.5,22.3,20.7393047786885,20.6",2014,"43.2,43.0,42.4,41.7,39.40955428935555,38.1,36.47089084336904,38.7",2023-12-13 12:23:56
4958962,The Fund For Peace,Fragile State Index,P1: State Legitimacy,2023,104,126,8,0.98784,2012,"2.2,1.9,1.8,1.5,1.2,1.0,0.7,0.7",2014,"3.5,3.2,2.9,2.7,2.4000000000000004,2.1,1.8,1.5",2023-12-18 15:59:30
494708,The Fund For Peace,Fragile State Index,Total,2023,104,144,8,0.92642,2012,"26.5,24.8,26.1,24.6,22.5,22.3,20.7393047786885,20.6",2009,"61.9,60.1,59.6,58.7,57.8,58.1,57.0,56.6",2023-12-13 12:23:40
4958876,The Fund For Peace,Fragile State Index,P1: State Legitimacy,2023,104,144,8,0.99059,2012,"2.2,1.9,1.8,1.5,1.2,1.0,0.7,0.7",2009,"6.7,6.2,5.9,5.6,5.3,4.8,4.5,4.2",2023-12-18 15:59:25
495202,The Fund For Peace,Fragile State Index,Total,2023,104,108,8,0.9397,2012,"26.5,24.8,26.1,24.6,22.5,22.3,20.7393047786885,20.6",2011,"102.8,103.6,103.5,101.7,100.1,97.9,96.5,94.56151916975632",2023-12-13 12:24:10
4959073,The Fund For Peace,Fragile State Index,P1: State Legitimacy,2023,104,108,8,0.97697,2012,"2.2,1.9,1.8,1.5,1.2,1.0,0.7,0.7",2011,"9.5,9.6,9.3,8.8,8.5,8.1,7.9,7.6",2023-12-18 15:59:36
495590,The Fund For Peace,Fragile State Index,Total,2023,104,19,8,0.91907,2012,"26.5,24.8,26.1,24.6,22.5,22.3,20.7393047786885,20.6",2015,"49.3,49.0,49.6,48.18332936752863,48.0,46.40725753500914,46.99999999999999,45.9",2023-12-13 12:24:35
4959168,The Fund For Peace,Fragile State Index,P1: State Legitimacy,2023,104,19,8,0.99741,2012,"2.2,1.9,1.8,1.5,1.2,1.0,0.7,0.7",2015,"3.0,2.7,2.5,2.2,1.9,1.6,1.4,1.3",2023-12-18 15:59:42
495587,The Fund For Peace,Fragile State Index,Total,2023,104,19,8,0.93653,2012,"26.5,24.8,26.1,24.6,22.5,22.3,20.7393047786885,20.6",2012,"52.0,50.8,51.4,49.3,49.0,49.6,48.18332936752863,48.0",2023-12-13 12:24:35
4959165,The Fund For Peace,Fragile State Index,P1: State Legitimacy,2023,104,19,8,0.97988,2012,"2.2,1.9,1.8,1.5,1.2,1.0,0.7,0.7",2012,"3.6,3.6,3.3,3.0,2.7,2.5,2.2,1.9",2023-12-18 15:59:42
495668,The Fund For Peace,Fragile State Index,Total,2023,104,127,8,0.94167,2012,"26.5,24.8,26.1,24.6,22.5,22.3,20.7393047786885,20.6",2007,"28.1,27.9,27.6,27.3,26.1,25.5,23.3,24.6",2023-12-13 12:24:40
4959224,The Fund For Peace,Fragile State Index,P1: State Legitimacy,2023,104,127,8,0.97339,2012,"2.2,1.9,1.8,1.5,1.2,1.0,0.7,0.7",2007,"3.3,3.3,2.9,2.7,2.5,2.2,1.9,1.6",2023-12-18 15:59:46
2526212,The Fund For Peace,Fragile State Index,C3: Group Grievance,2023,104,20,8,0.97368,2013,"1.6,1.6,1.9,1.6,1.4,1.1,1.0,0.7",2015,"6.8,7.1,7.1,6.8,6.5,6.2,5.9,5.6",2023-12-15 14:37:58
2885427,The Fund For Peace,Fragile State Index,E1: Economy,2023,104,20,8,0.94122,2013,"3.9,4.2,4.1,3.6,3.4,3.1,2.8,2.5",2015,"6.1,6.2,6.0,5.540714332483349,5.2,4.9,5.1,4.8",2023-12-16 07:20:34
495774,The Fund For Peace,Fragile State Index,Total,2023,104,132,8,0.94182,2012,"26.5,24.8,26.1,24.6,22.5,22.3,20.7393047786885,20.6",2016,"74.0,74.4,72.4,69.8,66.2,67.6,64.50000000000001,62.9",2023-12-13 12:24:48
4959281,The Fund For Peace,Fragile State Index,P1: State Legitimacy,2023,104,132,8,0.97258,2012,"2.2,1.9,1.8,1.5,1.2,1.0,0.7,0.7",2016,"8.7,8.5,8.3,8.3,7.800000000000001,7.5,7.2,6.9",2023-12-18 15:59:49
495619,The Fund For Peace,Fragile State Index,Total,2023,104,192,8,0.95104,2012,"26.5,24.8,26.1,24.6,22.5,22.3,20.7393047786885,20.6",2014,"69.3,68.2,67.6,67.1,65.53086971578227,64.2,63.2966485589962,64.2",2023-12-13 12:24:37
4959187,The Fund For Peace,Fragile State Index,P1: State Legitimacy,2023,104,192,8,0.96329,2012,"2.2,1.9,1.8,1.5,1.2,1.0,0.7,0.7",2014,"6.0,6.2,5.7,5.5,5.2,4.9,4.6000000000000005,4.3",2023-12-18 15:59:43
495370,The Fund For Peace,Fragile State Index,Total,2023,104,169,8,0.93845,2012,"26.5,24.8,26.1,24.6,22.5,22.3,20.7393047786885,20.6",2009,"84.6,84.6,84.4,82.2,80.8,79.5,79.4,79.7",2023-12-13 12:24:20
4959098,The Fund For Peace,Fragile State Index,P1: State Legitimacy,2023,104,169,8,0.97539,2012,"2.2,1.9,1.8,1.5,1.2,1.0,0.7,0.7",2009,"7.5,7.3,7.3,7.0,6.7,6.6,6.3,6.6",2023-12-18 15:59:38
494693,The Fund For Peace,Fragile State Index,Total,2023,104,82,8,0.93957,2012,"26.5,24.8,26.1,24.6,22.5,22.3,20.7393047786885,20.6",2014,"70.7,71.8,71.2,69.7,68.1221863165064,65.9,64.15816913182405,63.900000000000006",2023-12-13 12:23:39
4958869,The Fund For Peace,Fragile State Index,P1: State Legitimacy,2023,104,82,8,0.97367,2012,"2.2,1.9,1.8,1.5,1.2,1.0,0.7,0.7",2014,"4.8,5.0,4.7,4.2,3.9,3.6,3.3000000000000003,3.2",2023-12-18 15:59:24
494984,The Fund For Peace,Fragile State Index,Total,2023,104,138,8,0.92549,2012,"26.5,24.8,26.1,24.6,22.5,22.3,20.7393047786885,20.6",2013,"44.5,46.1,45.2,43.2,41.7,40.49020053885572,38.9,37.18472003299283",2023-12-13 12:23:57
4958981,The Fund For Peace,Fragile State Index,P1: State Legitimacy,2023,104,138,8,0.98752,2012,"2.2,1.9,1.8,1.5,1.2,1.0,0.7,0.7",2013,"4.1,3.8,3.5,3.2,3.0,2.7,2.4,2.1",2023-12-18 15:59:31
495570,The Fund For Peace,Fragile State Index,Total,2023,104,226,8,0.92488,2012,"26.5,24.8,26.1,24.6,22.5,22.3,20.7393047786885,20.6",2013,"62.6,61.3,58.7,57.8,56.7,54.6057398402105,53.0,51.9451410707907",2023-12-13 12:24:34
4959146,The Fund For Peace,Fragile State Index,P1: State Legitimacy,2023,104,226,8,0.98752,2012,"2.2,1.9,1.8,1.5,1.2,1.0,0.7,0.7",2013,"5.6,5.3,5.0,4.7,4.5,4.2,3.9,3.6",2023-12-18 15:59:41
2526105,The Fund For Peace,Fragile State Index,C3: Group Grievance,2023,104,156,8,0.96352,2013,"1.6,1.6,1.9,1.6,1.4,1.1,1.0,0.7",2013,"3.5,3.8,4.1,3.8,3.6,3.3000000000000003,3.2,2.9000000000000004",2023-12-15 14:37:51
2885281,The Fund For Peace,Fragile State Index,E1: Economy,2023,104,156,8,0.94866,2013,"3.9,4.2,4.1,3.6,3.4,3.1,2.8,2.5",2013,"3.6,3.9,3.9,3.8,3.6,3.3000000000000003,3.2,2.9000000000000004",2023-12-16 07:20:25
494702,The Fund For Peace,Fragile State Index,Total,2023,104,170,8,0.93901,2012,"26.5,24.8,26.1,24.6,22.5,22.3,20.7393047786885,20.6",2012,"56.1,55.8,55.7,54.6,53.2,50.7,49.48072267554133,47.0",2023-12-13 12:23:40
4958873,The Fund For Peace,Fragile State Index,P1: State Legitimacy,2023,104,170,8,0.97246,2012,"2.2,1.9,1.8,1.5,1.2,1.0,0.7,0.7",2012,"4.6,4.7,4.6,4.0,3.7,3.2,3.031674531996406,2.9",2023-12-18 15:59:25
495649,The Fund For Peace,Fragile State Index,Total,2023,104,198,8,0.93625,2012,"26.5,24.8,26.1,24.6,22.5,22.3,20.7393047786885,20.6",2011,"67.0,65.1,64.0,63.7,62.1,60.2,59.4,56.754155689071474",2023-12-13 12:24:39
4959217,The Fund For Peace,Fragile State Index,P1: State Legitimacy,2023,104,198,8,0.97512,2012,"2.2,1.9,1.8,1.5,1.2,1.0,0.7,0.7",2011,"6.8,6.3,6.3,6.0,5.7,5.7,5.5,5.2",2023-12-18 15:59:45
1967038,The Fund For Peace,Fragile State Index,C1: Security Apparatus,2023,104,22,8,0.99182,2006,"1.0,1.0,1.0,1.1,1.4,1.6,1.7,1.8",2012,"5.5,5.5,5.5,5.8,6.1,6.4,6.692505462439472,6.9",2023-12-15 03:45:37
3468923,The Fund For Peace,Fragile State Index,E2: Economic Inequality,2023,104,22,8,0.91948,2006,"3.0,2.9,3.0,3.0,2.8,2.6,2.7,2.5",2012,"6.9,6.6,6.5,6.2,5.9,5.4,5.1000000000000005,4.8",2023-12-16 18:11:24
495567,The Fund For Peace,Fragile State Index,Total,2023,104,226,8,0.97358,2012,"26.5,24.8,26.1,24.6,22.5,22.3,20.7393047786885,20.6",2010,"66.1,63.7,64.4,62.6,61.3,58.7,57.8,56.7",2023-12-13 12:24:34
4959143,The Fund For Peace,Fragile State Index,P1: State Legitimacy,2023,104,226,8,0.93647,2012,"2.2,1.9,1.8,1.5,1.2,1.0,0.7,0.7",2010,"5.9,5.5,5.9,5.6,5.3,5.0,4.7,4.5",2023-12-18 15:59:41
494627,The Fund For Peace,Fragile State Index,Total,2023,104,109,8,0.92194,2012,"26.5,24.8,26.1,24.6,22.5,22.3,20.7393047786885,20.6",2014,"64.9,64.6,65.0,65.2,63.11945865018858,61.2,60.02494703870308,61.2",2023-12-13 12:23:35
4958845,The Fund For Peace,Fragile State Index,P1: State Legitimacy,2023,104,109,8,0.98784,2012,"2.2,1.9,1.8,1.5,1.2,1.0,0.7,0.7",2014,"5.6,5.3,5.0,4.8,4.5,4.2,3.9,3.6",2023-12-18 15:59:23
495247,The Fund For Peace,Fragile State Index,Total,2023,104,167,8,0.93798,2012,"26.5,24.8,26.1,24.6,22.5,22.3,20.7393047786885,20.6",2015,"103.0,101.7,98.9,96.33806005544712,94.2,92.07809303255932,90.5,89.70000000000002",2023-12-13 12:24:13
4959083,The Fund For Peace,Fragile State Index,P1: State Legitimacy,2023,104,167,8,0.97127,2012,"2.2,1.9,1.8,1.5,1.2,1.0,0.7,0.7",2015,"8.6,8.3,8.1,7.8,7.9,7.6,7.3,7.4",2023-12-18 15:59:37
495246,The Fund For Peace,Fragile State Index,Total,2023,104,167,8,0.96091,2012,"26.5,24.8,26.1,24.6,22.5,22.3,20.7393047786885,20.6",2014,"103.0,103.0,101.7,98.9,96.33806005544712,94.2,92.07809303255932,90.5",2023-12-13 12:24:13
4959082,The Fund For Peace,Fragile State Index,P1: State Legitimacy,2023,104,167,8,0.9482,2012,"2.2,1.9,1.8,1.5,1.2,1.0,0.7,0.7",2014,"8.5,8.6,8.3,8.1,7.8,7.9,7.6,7.3",2023-12-18 15:59:37
495528,The Fund For Peace,Fragile State Index,Total,2023,104,171,8,0.93258,2012,"26.5,24.8,26.1,24.6,22.5,22.3,20.7393047786885,20.6",2016,"86.2,86.4,84.77026579816999,83.1,82.29729048388526,80.89999999999999,79.49999999999999,78.1",2023-12-13 12:24:31
4959135,The Fund For Peace,Fragile State Index,P1: State Legitimacy,2023,104,171,8,0.97641,2012,"2.2,1.9,1.8,1.5,1.2,1.0,0.7,0.7",2016,"7.0,6.8,6.5,6.2,6.031467132374356,6.0,5.8,5.7",2023-12-18 15:59:40
495589,The Fund For Peace,Fragile State Index,Total,2023,104,19,8,0.9161,2012,"26.5,24.8,26.1,24.6,22.5,22.3,20.7393047786885,20.6",2014,"51.4,49.3,49.0,49.6,48.18332936752863,48.0,46.40725753500914,46.99999999999999",2023-12-13 12:24:35
4959167,The Fund For Peace,Fragile State Index,P1: State Legitimacy,2023,104,19,8,0.9923,2012,"2.2,1.9,1.8,1.5,1.2,1.0,0.7,0.7",2014,"3.3,3.0,2.7,2.5,2.2,1.9,1.6,1.4",2023-12-18 15:59:42
495015,The Fund For Peace,Fragile State Index,Total,2023,104,81,8,0.93103,2012,"26.5,24.8,26.1,24.6,22.5,22.3,20.7393047786885,20.6",2009,"36.2,35.4,33.9,31.7,29.7,30.6,28.1,28.6",2023-12-13 12:23:59
4958999,The Fund For Peace,Fragile State Index,P1: State Legitimacy,2023,104,81,8,0.97703,2012,"2.2,1.9,1.8,1.5,1.2,1.0,0.7,0.7",2009,"2.3,2.1,1.9,1.7,1.4,1.5,1.2,1.0",2023-12-18 15:59:32
495651,The Fund For Peace,Fragile State Index,Total,2023,104,198,8,0.94134,2012,"26.5,24.8,26.1,24.6,22.5,22.3,20.7393047786885,20.6",2013,"64.0,63.7,62.1,60.2,59.4,56.754155689071474,55.2,54.6754977355289",2023-12-13 12:24:39
4959219,The Fund For Peace,Fragile State Index,P1: State Legitimacy,2023,104,198,8,0.96668,2012,"2.2,1.9,1.8,1.5,1.2,1.0,0.7,0.7",2013,"6.3,6.0,5.7,5.7,5.5,5.2,4.9,4.6000000000000005",2023-12-18 15:59:45
1967001,The Fund For Peace,Fragile State Index,C1: Security Apparatus,2023,104,63,8,0.9687,2006,"1.0,1.0,1.0,1.1,1.4,1.6,1.7,1.8",2009,"6.2,6.5,6.8,7.0,7.3,7.9,8.2,8.3",2023-12-15 03:45:34
3468842,The Fund For Peace,Fragile State Index,E2: Economic Inequality,2023,104,63,8,0.93784,2006,"3.0,2.9,3.0,3.0,2.8,2.6,2.7,2.5",2009,"7.6,7.4,7.4,7.4,7.1,6.8,6.5,6.2",2023-12-16 18:11:20
495633,The Fund For Peace,Fragile State Index,Total,2023,104,93,8,0.93223,2012,"26.5,24.8,26.1,24.6,22.5,22.3,20.7393047786885,20.6",2015,"70.5,70.9,71.3,70.35847016331266,68.2,65.95105985340093,66.1,64.19999999999999",2023-12-13 12:24:38
4959205,The Fund For Peace,Fragile State Index,P1: State Legitimacy,2023,104,93,8,0.97422,2012,"2.2,1.9,1.8,1.5,1.2,1.0,0.7,0.7",2015,"5.9,5.6,5.4,5.1000000000000005,4.8,4.5,4.6,4.5",2023-12-18 15:59:44
495042,The Fund For Peace,Fragile State Index,Total,2023,104,67,8,0.92398,2012,"26.5,24.8,26.1,24.6,22.5,22.3,20.7393047786885,20.6",2007,"50.5,51.0,51.2,50.7,49.3,47.5,45.3,45.2",2023-12-13 12:24:00
4959017,The Fund For Peace,Fragile State Index,P1: State Legitimacy,2023,104,67,8,0.98198,2012,"2.2,1.9,1.8,1.5,1.2,1.0,0.7,0.7",2007,"5.0,4.8,4.7,4.5,4.1,3.8,3.8,3.5",2023-12-18 15:59:33
494845,The Fund For Peace,Fragile State Index,Total,2023,104,120,8,0.918,2012,"26.5,24.8,26.1,24.6,22.5,22.3,20.7393047786885,20.6",2014,"48.0,48.5,47.4,46.4,44.899921744994565,43.9,42.31122746144478,44.0",2023-12-13 12:23:49
4958926,The Fund For Peace,Fragile State Index,P1: State Legitimacy,2023,104,120,8,0.98784,2012,"2.2,1.9,1.8,1.5,1.2,1.0,0.7,0.7",2014,"4.2,3.9,3.6,3.4,3.1,2.8,2.5,2.2",2023-12-18 15:59:28
494874,The Fund For Peace,Fragile State Index,Total,2023,104,110,8,0.93231,2012,"26.5,24.8,26.1,24.6,22.5,22.3,20.7393047786885,20.6",2015,"36.0,35.1,37.4,34.47489966723306,34.3,32.332289117028274,32.2,31.0",2023-12-13 12:23:51
4958935,The Fund For Peace,Fragile State Index,P1: State Legitimacy,2023,104,110,8,0.97302,2012,"2.2,1.9,1.8,1.5,1.2,1.0,0.7,0.7",2015,"1.7,1.4,1.2,0.8999999999999999,0.9,0.6009723264075552,0.5,0.2",2023-12-18 15:59:28
494736,The Fund For Peace,Fragile State Index,Total,2023,104,56,8,0.9373,2012,"26.5,24.8,26.1,24.6,22.5,22.3,20.7393047786885,20.6",2013,"67.0,67.9,66.2,64.0,62.6,60.286306956278125,57.8,56.05796495249495",2023-12-13 12:23:42
4958887,The Fund For Peace,Fragile State Index,P1: State Legitimacy,2023,104,56,8,0.9679,2012,"2.2,1.9,1.8,1.5,1.2,1.0,0.7,0.7",2013,"5.5,5.6,5.3,5.0,4.8,4.5,4.2,3.9",2023-12-18 15:59:25
1967028,The Fund For Peace,Fragile State Index,C1: Security Apparatus,2023,104,9,8,0.9808,2006,"1.0,1.0,1.0,1.1,1.4,1.6,1.7,1.8",2011,"4.9,4.9,4.9,4.9,5.2,5.4,5.7,5.7",2023-12-15 03:45:36
3468920,The Fund For Peace,Fragile State Index,E2: Economic Inequality,2023,104,9,8,0.9235,2006,"3.0,2.9,3.0,3.0,2.8,2.6,2.7,2.5",2011,"5.9,5.6,5.6,5.3,5.0,4.7,4.5,4.2",2023-12-16 18:11:24
1967011,The Fund For Peace,Fragile State Index,C1: Security Apparatus,2023,104,174,8,0.97528,2006,"1.0,1.0,1.0,1.1,1.4,1.6,1.7,1.8",2007,"7.6,7.4,7.7,7.9,8.3,8.4,8.7,8.8",2023-12-15 03:45:35
3468882,The Fund For Peace,Fragile State Index,E2: Economic Inequality,2023,104,174,8,0.92886,2006,"3.0,2.9,3.0,3.0,2.8,2.6,2.7,2.5",2007,"7.6,7.6,7.6,7.4,7.1,6.8,6.5,6.3",2023-12-16 18:11:22
1967023,The Fund For Peace,Fragile State Index,C1: Security Apparatus,2023,104,182,8,0.95799,2006,"1.0,1.0,1.0,1.1,1.4,1.6,1.7,1.8",2007,"6.8,7.0,6.9,6.8,7.2,8.2,8.5,8.6",2023-12-15 03:45:36
3468906,The Fund For Peace,Fragile State Index,E2: Economic Inequality,2023,104,182,8,0.94505,2006,"3.0,2.9,3.0,3.0,2.8,2.6,2.7,2.5",2007,"8.2,7.9,8.1,7.9,7.6,7.3,7.0,6.7",2023-12-16 18:11:23
495014,The Fund For Peace,Fragile State Index,Total,2023,104,81,8,0.93965,2012,"26.5,24.8,26.1,24.6,22.5,22.3,20.7393047786885,20.6",2008,"37.3,36.2,35.4,33.9,31.7,29.7,30.6,28.1",2023-12-13 12:23:59
4958998,The Fund For Peace,Fragile State Index,P1: State Legitimacy,2023,104,81,8,0.96289,2012,"2.2,1.9,1.8,1.5,1.2,1.0,0.7,0.7",2008,"2.3,2.3,2.1,1.9,1.7,1.4,1.5,1.2",2023-12-18 15:59:32
2336841,The Fund For Peace,Fragile State Index,C2: Factionalized Elites,2023,104,235,8,0.9578,2006,"1.0,1.0,1.0,1.3,1.5,1.4,1.4,1.3",2007,"2.7,2.7,2.9,3.2,3.6,3.6,3.5,3.5",2023-12-15 10:52:57
3468798,The Fund For Peace,Fragile State Index,E2: Economic Inequality,2023,104,235,8,0.94458,2006,"3.0,2.9,3.0,3.0,2.8,2.6,2.7,2.5",2007,"4.7,4.5,4.7,4.5,4.2,3.9,3.6,3.4",2023-12-16 18:11:17
495415,The Fund For Peace,Fragile State Index,Total,2023,104,197,8,0.94758,2012,"26.5,24.8,26.1,24.6,22.5,22.3,20.7393047786885,20.6",2007,"81.1,80.1,79.2,77.8,74.4,75.0,74.4,72.0",2023-12-13 12:24:23
4959106,The Fund For Peace,Fragile State Index,P1: State Legitimacy,2023,104,197,8,0.95453,2012,"2.2,1.9,1.8,1.5,1.2,1.0,0.7,0.7",2007,"7.5,7.4,7.3,6.8,6.5,6.6,6.3,5.8",2023-12-18 15:59:39
495732,The Fund For Peace,Fragile State Index,Total,2023,104,204,8,0.96292,2012,"26.5,24.8,26.1,24.6,22.5,22.3,20.7393047786885,20.6",2014,"86.4,85.9,85.3,84.8,83.10491831793692,81.9,79.74524648137532,79.30000000000001",2023-12-13 12:24:45
4959255,The Fund For Peace,Fragile State Index,P1: State Legitimacy,2023,104,204,8,0.93788,2012,"2.2,1.9,1.8,1.5,1.2,1.0,0.7,0.7",2014,"7.0,7.3,7.0,6.8,6.5,6.2,5.9,5.6",2023-12-18 15:59:47
495473,The Fund For Peace,Fragile State Index,Total,2023,104,25,8,0.92109,2012,"26.5,24.8,26.1,24.6,22.5,22.3,20.7393047786885,20.6",2009,"87.3,87.3,85.0,82.4,81.8,80.9,78.7,77.6",2023-12-13 12:24:27
4959121,The Fund For Peace,Fragile State Index,P1: State Legitimacy,2023,104,25,8,0.9796,2012,"2.2,1.9,1.8,1.5,1.2,1.0,0.7,0.7",2009,"7.4,6.9,6.6,6.3,6.0,5.5,5.0,4.5",2023-12-18 15:59:39
495315,The Fund For Peace,Fragile State Index,Total,2023,104,142,8,0.93767,2012,"26.5,24.8,26.1,24.6,22.5,22.3,20.7393047786885,20.6",2009,"85.1,83.8,81.2,78.7,76.5,75.1,73.0,73.2",2023-12-13 12:24:17
4959094,The Fund For Peace,Fragile State Index,P1: State Legitimacy,2023,104,142,8,0.96295,2012,"2.2,1.9,1.8,1.5,1.2,1.0,0.7,0.7",2009,"8.1,7.9,7.6,7.4,6.9,6.6,6.3,6.8",2023-12-18 15:59:38
495474,The Fund For Peace,Fragile State Index,Total,2023,104,25,8,0.90911,2012,"26.5,24.8,26.1,24.6,22.5,22.3,20.7393047786885,20.6",2010,"87.3,85.0,82.4,81.8,80.9,78.7,77.6,76.0",2023-12-13 12:24:27
4959122,The Fund For Peace,Fragile State Index,P1: State Legitimacy,2023,104,25,8,0.99145,2012,"2.2,1.9,1.8,1.5,1.2,1.0,0.7,0.7",2010,"6.9,6.6,6.3,6.0,5.5,5.0,4.5,4.3",2023-12-18 15:59:40
2526151,The Fund For Peace,Fragile State Index,C3: Group Grievance,2023,104,103,8,0.9585,2013,"1.6,1.6,1.9,1.6,1.4,1.1,1.0,0.7",2013,"10.0,10.0,10.0,9.8,9.6,9.3,8.8,8.5",2023-12-15 14:37:54
2885341,The Fund For Peace,Fragile State Index,E1: Economy,2023,104,103,8,0.9418,2013,"3.9,4.2,4.1,3.6,3.4,3.1,2.8,2.5",2013,"7.3,7.0,6.9,6.8,6.6,6.303366593842785,5.9,5.6000000000000005",2023-12-16 07:20:29
495295,The Fund For Peace,Fragile State Index,Total,2023,104,199,8,0.94684,2012,"26.5,24.8,26.1,24.6,22.5,22.3,20.7393047786885,20.6",2015,"91.9,91.0,89.3,89.08699644672271,86.8,84.35580251344358,83.4,82.39999999999999",2023-12-13 12:24:15
4959091,The Fund For Peace,Fragile State Index,P1: State Legitimacy,2023,104,199,8,0.95327,2012,"2.2,1.9,1.8,1.5,1.2,1.0,0.7,0.7",2015,"6.9,7.1,6.9,6.6000000000000005,6.3,6.0,5.7,5.4",2023-12-18 15:59:38
494968,The Fund For Peace,Fragile State Index,Total,2023,104,52,8,0.95473,2012,"26.5,24.8,26.1,24.6,22.5,22.3,20.7393047786885,20.6",2011,"50.6,49.7,48.7,48.5,46.8,45.1,44.1,43.236723940075855",2023-12-13 12:23:56
4958968,The Fund For Peace,Fragile State Index,P1: State Legitimacy,2023,104,52,8,0.94524,2012,"2.2,1.9,1.8,1.5,1.2,1.0,0.7,0.7",2011,"3.5,3.2,3.5,3.2,2.9,2.6,2.4,2.1",2023-12-18 15:59:30
1966986,The Fund For Peace,Fragile State Index,C1: Security Apparatus,2023,104,236,8,0.98586,2006,"1.0,1.0,1.0,1.1,1.4,1.6,1.7,1.8",2009,"1.4,1.6,1.6,1.9,2.2,2.7,2.8,2.9",2023-12-15 03:45:33
3468823,The Fund For Peace,Fragile State Index,E2: Economic Inequality,2023,104,236,8,0.91373,2006,"3.0,2.9,3.0,3.0,2.8,2.6,2.7,2.5",2009,"5.3,5.4,5.4,5.1,4.8,4.5,4.8,4.5",2023-12-16 18:11:19
495716,The Fund For Peace,Fragile State Index,Total,2023,104,72,8,0.94283,2012,"26.5,24.8,26.1,24.6,22.5,22.3,20.7393047786885,20.6",2011,"81.1,80.5,80.8,79.0,76.7,76.2,76.9,74.51822129476686",2023-12-13 12:24:44
4959242,The Fund For Peace,Fragile State Index,P1: State Legitimacy,2023,104,72,8,0.9566,2012,"2.2,1.9,1.8,1.5,1.2,1.0,0.7,0.7",2011,"8.6,8.8,8.8,7.8,7.4,7.1,6.9,6.6000000000000005",2023-12-18 15:59:47
494960,The Fund For Peace,Fragile State Index,Total,2023,104,126,8,0.91187,2012,"26.5,24.8,26.1,24.6,22.5,22.3,20.7393047786885,20.6",2013,"43.0,43.2,43.0,42.4,41.7,39.40955428935555,38.1,36.47089084336904",2023-12-13 12:23:56
4958961,The Fund For Peace,Fragile State Index,P1: State Legitimacy,2023,104,126,8,0.98752,2012,"2.2,1.9,1.8,1.5,1.2,1.0,0.7,0.7",2013,"3.8,3.5,3.2,2.9,2.7,2.4000000000000004,2.1,1.8",2023-12-18 15:59:30
495096,The Fund For Peace,Fragile State Index,Total,2023,104,211,8,0.96424,2012,"26.5,24.8,26.1,24.6,22.5,22.3,20.7393047786885,20.6",2012,"92.2,92.9,92.6,90.7,87.7,86.6,84.89668808927048,84.0",2023-12-13 12:24:04
4959033,The Fund For Peace,Fragile State Index,P1: State Legitimacy,2023,104,211,8,0.93358,2012,"2.2,1.9,1.8,1.5,1.2,1.0,0.7,0.7",2012,"8.1,8.2,8.3,8.0,7.4,6.9,6.6000000000000005,6.9",2023-12-18 15:59:34
494771,The Fund For Peace,Fragile State Index,Total,2023,104,163,8,0.95149,2012,"26.5,24.8,26.1,24.6,22.5,22.3,20.7393047786885,20.6",2007,"74.1,74.6,74.4,72.7,71.0,69.1,68.0,66.4",2023-12-13 12:23:44
4958908,The Fund For Peace,Fragile State Index,P1: State Legitimacy,2023,104,163,8,0.94615,2012,"2.2,1.9,1.8,1.5,1.2,1.0,0.7,0.7",2007,"7.3,7.6,7.4,6.9,6.7,6.4,6.1,5.8",2023-12-18 15:59:27
2526211,The Fund For Peace,Fragile State Index,C3: Group Grievance,2023,104,20,8,0.95476,2013,"1.6,1.6,1.9,1.6,1.4,1.1,1.0,0.7",2014,"7.1,6.8,7.1,7.1,6.8,6.5,6.2,5.9",2023-12-15 14:37:58
2885426,The Fund For Peace,Fragile State Index,E1: Economy,2023,104,20,8,0.94279,2013,"3.9,4.2,4.1,3.6,3.4,3.1,2.8,2.5",2014,"6.0,6.1,6.2,6.0,5.540714332483349,5.2,4.9,5.1",2023-12-16 07:20:34
495610,The Fund For Peace,Fragile State Index,Total,2023,104,213,8,0.90663,2012,"26.5,24.8,26.1,24.6,22.5,22.3,20.7393047786885,20.6",2015,"68.4,66.7,65.9,64.01235952203785,61.9,60.12230683109472,61.50000000000001,60.8",2023-12-13 12:24:37
4959183,The Fund For Peace,Fragile State Index,P1: State Legitimacy,2023,104,213,8,0.9907,2012,"2.2,1.9,1.8,1.5,1.2,1.0,0.7,0.7",2015,"5.5,5.2,5.0,4.7,4.4,4.1000000000000005,3.8,3.5",2023-12-18 15:59:43
495472,The Fund For Peace,Fragile State Index,Total,2023,104,25,8,0.91954,2012,"26.5,24.8,26.1,24.6,22.5,22.3,20.7393047786885,20.6",2008,"85.4,87.3,87.3,85.0,82.4,81.8,80.9,78.7",2023-12-13 12:24:27
4959120,The Fund For Peace,Fragile State Index,P1: State Legitimacy,2023,104,25,8,0.97774,2012,"2.2,1.9,1.8,1.5,1.2,1.0,0.7,0.7",2008,"7.7,7.4,6.9,6.6,6.3,6.0,5.5,5.0",2023-12-18 15:59:39
494747,The Fund For Peace,Fragile State Index,Total,2023,104,150,8,0.95831,2012,"26.5,24.8,26.1,24.6,22.5,22.3,20.7393047786885,20.6",2014,"71.5,70.8,71.1,70.4,68.81558956891207,66.4,65.09591525499161,64.30000000000001",2023-12-13 12:23:43
4958896,The Fund For Peace,Fragile State Index,P1: State Legitimacy,2023,104,150,8,0.93804,2012,"2.2,1.9,1.8,1.5,1.2,1.0,0.7,0.7",2014,"4.1,3.8,3.5,3.3,3.0035868776647856,3.0,2.969021820413545,3.0",2023-12-18 15:59:26
494679,The Fund For Peace,Fragile State Index,Total,2023,104,53,8,0.9017,2012,"26.5,24.8,26.1,24.6,22.5,22.3,20.7393047786885,20.6",2013,"54.1,52.9,51.0,52.4,50.6,48.71641829811867,47.5,46.0945211833464",2023-12-13 12:23:38
4958865,The Fund For Peace,Fragile State Index,P1: State Legitimacy,2023,104,53,8,0.99462,2012,"2.2,1.9,1.8,1.5,1.2,1.0,0.7,0.7",2013,"3.9,3.7,3.4,3.1,2.9,2.6,2.3,2.245160105788216",2023-12-18 15:59:24
494803,The Fund For Peace,Fragile State Index,Total,2023,104,233,8,0.91737,2012,"26.5,24.8,26.1,24.6,22.5,22.3,20.7393047786885,20.6",2015,"76.3,75.5,74.0,72.56161244731106,71.0,69.00704175599185,69.8,68.6",2023-12-13 12:23:46
4958913,The Fund For Peace,Fragile State Index,P1: State Legitimacy,2023,104,233,8,0.97888,2012,"2.2,1.9,1.8,1.5,1.2,1.0,0.7,0.7",2015,"8.5,8.4,8.2,7.899999999999999,7.6,7.1,6.8,6.5",2023-12-18 15:59:27
495733,The Fund For Peace,Fragile State Index,Total,2023,104,204,8,0.93472,2012,"26.5,24.8,26.1,24.6,22.5,22.3,20.7393047786885,20.6",2015,"85.9,85.3,84.8,83.10491831793692,81.9,79.74524648137532,79.30000000000001,80.39999999999999",2023-12-13 12:24:45
4959256,The Fund For Peace,Fragile State Index,P1: State Legitimacy,2023,104,204,8,0.96111,2012,"2.2,1.9,1.8,1.5,1.2,1.0,0.7,0.7",2015,"7.3,7.0,6.8,6.5,6.2,5.9,5.6,6.1",2023-12-18 15:59:47
495146,The Fund For Peace,Fragile State Index,Total,2023,104,101,8,0.9138,2012,"26.5,24.8,26.1,24.6,22.5,22.3,20.7393047786885,20.6",2012,"80.6,78.2,76.8,75.0,74.9,72.9,72.29772813709069,70.4",2023-12-13 12:24:07
4959056,The Fund For Peace,Fragile State Index,P1: State Legitimacy,2023,104,101,8,0.98194,2012,"2.2,1.9,1.8,1.5,1.2,1.0,0.7,0.7",2012,"6.7,6.4,6.5,5.6,5.3,5.1,4.8,4.5",2023-12-18 15:59:35
495414,The Fund For Peace,Fragile State Index,Total,2023,104,197,8,0.92265,2012,"26.5,24.8,26.1,24.6,22.5,22.3,20.7393047786885,20.6",2006,"83.8,81.1,80.1,79.2,77.8,74.4,75.0,74.4",2023-12-13 12:24:23
4959105,The Fund For Peace,Fragile State Index,P1: State Legitimacy,2023,104,197,8,0.97283,2012,"2.2,1.9,1.8,1.5,1.2,1.0,0.7,0.7",2006,"7.8,7.5,7.4,7.3,6.8,6.5,6.6,6.3",2023-12-18 15:59:38
495606,The Fund For Peace,Fragile State Index,Total,2023,104,213,8,0.94677,2012,"26.5,24.8,26.1,24.6,22.5,22.3,20.7393047786885,20.6",2011,"71.1,71.2,71.2,70.6,68.4,66.7,65.9,64.01235952203785",2023-12-13 12:24:36
4959179,The Fund For Peace,Fragile State Index,P1: State Legitimacy,2023,104,213,8,0.94808,2012,"2.2,1.9,1.8,1.5,1.2,1.0,0.7,0.7",2011,"6.1,6.4,6.1,5.8,5.5,5.2,5.0,4.7",2023-12-18 15:59:43
494676,The Fund For Peace,Fragile State Index,Total,2023,104,53,8,0.90097,2012,"26.5,24.8,26.1,24.6,22.5,22.3,20.7393047786885,20.6",2010,"59.0,57.3,56.3,54.1,52.9,51.0,52.4,50.6",2023-12-13 12:23:38
4958862,The Fund For Peace,Fragile State Index,P1: State Legitimacy,2023,104,53,8,0.99251,2012,"2.2,1.9,1.8,1.5,1.2,1.0,0.7,0.7",2010,"4.8,4.4,4.2,3.9,3.7,3.4,3.1,2.9",2023-12-18 15:59:24
495471,The Fund For Peace,Fragile State Index,Total,2023,104,25,8,0.90871,2012,"26.5,24.8,26.1,24.6,22.5,22.3,20.7393047786885,20.6",2007,"86.4,85.4,87.3,87.3,85.0,82.4,81.8,80.9",2023-12-13 12:24:27
4959119,The Fund For Peace,Fragile State Index,P1: State Legitimacy,2023,104,25,8,0.98475,2012,"2.2,1.9,1.8,1.5,1.2,1.0,0.7,0.7",2007,"8.0,7.7,7.4,6.9,6.6,6.3,6.0,5.5",2023-12-18 15:59:39
1966936,The Fund For Peace,Fragile State Index,C1: Security Apparatus,2023,104,40,8,0.98977,2006,"1.0,1.0,1.0,1.1,1.4,1.6,1.7,1.8",2007,"1.0,1.0,1.1,1.2,1.5,1.8,1.8,2.1",2023-12-15 03:45:30
3468788,The Fund For Peace,Fragile State Index,E2: Economic Inequality,2023,104,40,8,0.90336,2006,"3.0,2.9,3.0,3.0,2.8,2.6,2.7,2.5",2007,"5.0,5.0,4.7,4.5,4.1,3.8,3.5,3.2",2023-12-16 18:11:16
494711,The Fund For Peace,Fragile State Index,Total,2023,104,144,8,0.94847,2012,"26.5,24.8,26.1,24.6,22.5,22.3,20.7393047786885,20.6",2012,"58.7,57.8,58.1,57.0,56.6,56.7,54.87347128912537,54.1",2023-12-13 12:23:40
4958879,The Fund For Peace,Fragile State Index,P1: State Legitimacy,2023,104,144,8,0.94454,2012,"2.2,1.9,1.8,1.5,1.2,1.0,0.7,0.7",2012,"5.6,5.3,4.8,4.5,4.2,4.0,4.0,4.1",2023-12-18 15:59:25
2526193,The Fund For Peace,Fragile State Index,C3: Group Grievance,2023,104,26,8,0.94863,2013,"1.6,1.6,1.9,1.6,1.4,1.1,1.0,0.7",2008,"7.3,7.5,7.7,7.7,7.4,7.1,6.8,6.5",2023-12-15 14:37:57
2885390,The Fund For Peace,Fragile State Index,E1: Economy,2023,104,26,8,0.94405,2013,"3.9,4.2,4.1,3.6,3.4,3.1,2.8,2.5",2008,"6.4,7.0,6.8,6.5,6.5,6.2,5.9,5.4",2023-12-16 07:20:32
495634,The Fund For Peace,Fragile State Index,Total,2023,104,93,8,0.94304,2012,"26.5,24.8,26.1,24.6,22.5,22.3,20.7393047786885,20.6",2016,"70.9,71.3,70.35847016331266,68.2,65.95105985340093,66.1,64.19999999999999,61.6",2023-12-13 12:24:38
4959206,The Fund For Peace,Fragile State Index,P1: State Legitimacy,2023,104,93,8,0.94941,2012,"2.2,1.9,1.8,1.5,1.2,1.0,0.7,0.7",2016,"5.6,5.4,5.1000000000000005,4.8,4.5,4.6,4.5,4.4",2023-12-18 15:59:44
495640,The Fund For Peace,Fragile State Index,Total,2023,104,86,8,0.92953,2012,"26.5,24.8,26.1,24.6,22.5,22.3,20.7393047786885,20.6",2012,"65.0,64.6,65.2,63.5,63.0,61.5,59.9,57.6",2023-12-13 12:24:39
4959208,The Fund For Peace,Fragile State Index,P1: State Legitimacy,2023,104,86,8,0.96261,2012,"2.2,1.9,1.8,1.5,1.2,1.0,0.7,0.7",2012,"6.2,6.2,6.2,5.9,5.6,5.4,5.2,4.9",2023-12-18 15:59:45
495641,The Fund For Peace,Fragile State Index,Total,2023,104,86,8,0.91596,2012,"26.5,24.8,26.1,24.6,22.5,22.3,20.7393047786885,20.6",2013,"64.6,65.2,63.5,63.0,61.5,59.9,57.6,55.24684546356435",2023-12-13 12:24:39
4959209,The Fund For Peace,Fragile State Index,P1: State Legitimacy,2023,104,86,8,0.97607,2012,"2.2,1.9,1.8,1.5,1.2,1.0,0.7,0.7",2013,"6.2,6.2,5.9,5.6,5.4,5.2,4.9,4.6000000000000005",2023-12-18 15:59:45
1967049,The Fund For Peace,Fragile State Index,C1: Security Apparatus,2023,104,122,8,0.93958,2006,"1.0,1.0,1.0,1.1,1.4,1.6,1.7,1.8",2012,"5.5,5.2,4.9,5.6,5.9,6.2,6.192950347524725,6.5",2023-12-15 03:45:37
2336895,The Fund For Peace,Fragile State Index,C2: Factionalized Elites,2023,104,122,8,0.95199,2006,"1.0,1.0,1.0,1.3,1.5,1.4,1.4,1.3",2012,"7.0,7.0,7.0,7.3,7.3,7.3,7.3,7.3",2023-12-15 10:53:01
495710,The Fund For Peace,Fragile State Index,Total,2023,104,134,8,0.92725,2012,"26.5,24.8,26.1,24.6,22.5,22.3,20.7393047786885,20.6",2013,"42.4,43.0,40.9,39.6,38.6,36.2062447804085,34.5,33.593645802064856",2023-12-13 12:24:43
4959237,The Fund For Peace,Fragile State Index,P1: State Legitimacy,2023,104,134,8,0.96397,2012,"2.2,1.9,1.8,1.5,1.2,1.0,0.7,0.7",2013,"4.1,3.8,3.9,3.8,3.6,3.6,3.3,3.4",2023-12-18 15:59:46
1967024,The Fund For Peace,Fragile State Index,C1: Security Apparatus,2023,104,182,8,0.991,2006,"1.0,1.0,1.0,1.1,1.4,1.6,1.7,1.8",2008,"7.0,6.9,6.8,7.2,8.2,8.5,8.6,9.1",2023-12-15 03:45:36
3468907,The Fund For Peace,Fragile State Index,E2: Economic Inequality,2023,104,182,8,0.90014,2006,"3.0,2.9,3.0,3.0,2.8,2.6,2.7,2.5",2008,"7.9,8.1,7.9,7.6,7.3,7.0,6.7,6.4",2023-12-16 18:11:23
495165,The Fund For Peace,Fragile State Index,Total,2023,104,118,8,0.92935,2012,"26.5,24.8,26.1,24.6,22.5,22.3,20.7393047786885,20.6",2012,"87.4,85.7,83.9,82.2,81.1,80.3,78.6341219093271,76.2",2023-12-13 12:24:08
4959063,The Fund For Peace,Fragile State Index,P1: State Legitimacy,2023,104,118,8,0.96065,2012,"2.2,1.9,1.8,1.5,1.2,1.0,0.7,0.7",2012,"8.7,8.4,8.2,7.8,7.9,7.7,7.4,7.1",2023-12-18 15:59:36
495049,The Fund For Peace,Fragile State Index,Total,2023,104,67,8,0.90167,2012,"26.5,24.8,26.1,24.6,22.5,22.3,20.7393047786885,20.6",2014,"45.2,43.7,43.4,44.7,42.990053644081904,40.8,38.52345451018706,39.50000000000001",2023-12-13 12:24:01
4959024,The Fund For Peace,Fragile State Index,P1: State Legitimacy,2023,104,67,8,0.98784,2012,"2.2,1.9,1.8,1.5,1.2,1.0,0.7,0.7",2014,"3.5,3.2,2.9,2.7,2.4000000000000004,2.1,1.8,1.5",2023-12-18 15:59:34
495147,The Fund For Peace,Fragile State Index,Total,2023,104,101,8,0.92925,2012,"26.5,24.8,26.1,24.6,22.5,22.3,20.7393047786885,20.6",2013,"78.2,76.8,75.0,74.9,72.9,72.29772813709069,70.4,67.84550475118697",2023-12-13 12:24:07
4959057,The Fund For Peace,Fragile State Index,P1: State Legitimacy,2023,104,101,8,0.95987,2012,"2.2,1.9,1.8,1.5,1.2,1.0,0.7,0.7",2013,"6.4,6.5,5.6,5.3,5.1,4.8,4.5,4.2",2023-12-18 15:59:35
495575,The Fund For Peace,Fragile State Index,Total,2023,104,16,8,0.90928,2012,"26.5,24.8,26.1,24.6,22.5,22.3,20.7393047786885,20.6",2008,"60.5,60.9,58.9,56.5,55.1,54.7,54.1,51.5",2023-12-13 12:24:34
4959151,The Fund For Peace,Fragile State Index,P1: State Legitimacy,2023,104,16,8,0.97969,2012,"2.2,1.9,1.8,1.5,1.2,1.0,0.7,0.7",2008,"5.9,5.5,5.5,5.2,4.9,4.9,4.6,4.3",2023-12-18 15:59:41
495648,The Fund For Peace,Fragile State Index,Total,2023,104,198,8,0.92231,2012,"26.5,24.8,26.1,24.6,22.5,22.3,20.7393047786885,20.6",2010,"67.9,67.0,65.1,64.0,63.7,62.1,60.2,59.4",2023-12-13 12:24:39
4959216,The Fund For Peace,Fragile State Index,P1: State Legitimacy,2023,104,198,8,0.96621,2012,"2.2,1.9,1.8,1.5,1.2,1.0,0.7,0.7",2010,"7.0,6.8,6.3,6.3,6.0,5.7,5.7,5.5",2023-12-18 15:59:45
495418,The Fund For Peace,Fragile State Index,Total,2023,104,197,8,0.90365,2012,"26.5,24.8,26.1,24.6,22.5,22.3,20.7393047786885,20.6",2010,"77.8,74.4,75.0,74.4,72.0,73.8,72.0,70.0",2023-12-13 12:24:23
4959109,The Fund For Peace,Fragile State Index,P1: State Legitimacy,2023,104,197,8,0.98434,2012,"2.2,1.9,1.8,1.5,1.2,1.0,0.7,0.7",2010,"6.8,6.5,6.6,6.3,5.8,5.7,5.4,5.2",2023-12-18 15:59:39
1966948,The Fund For Peace,Fragile State Index,C1: Security Apparatus,2023,104,13,8,0.96113,2006,"1.0,1.0,1.0,1.1,1.4,1.6,1.7,1.8",2006,"1.0,0.9,0.9,1.0,1.4,1.7,2.0,1.7",2023-12-15 03:45:31
3468793,The Fund For Peace,Fragile State Index,E2: Economic Inequality,2023,104,13,8,0.92538,2006,"3.0,2.9,3.0,3.0,2.8,2.6,2.7,2.5",2006,"4.5,4.4,4.4,4.4,4.2,3.9,3.6,3.3",2023-12-16 18:11:17
495112,The Fund For Peace,Fragile State Index,Total,2023,104,48,8,0.93166,2012,"26.5,24.8,26.1,24.6,22.5,22.3,20.7393047786885,20.6",2006,"91.8,89.7,89.0,89.2,88.2,87.0,84.4,83.8",2023-12-13 12:24:05
4959038,The Fund For Peace,Fragile State Index,P1: State Legitimacy,2023,104,48,8,0.95463,2012,"2.2,1.9,1.8,1.5,1.2,1.0,0.7,0.7",2006,"8.7,8.2,7.9,7.9,7.7,7.5,7.4,7.3",2023-12-18 15:59:34
495114,The Fund For Peace,Fragile State Index,Total,2023,104,48,8,0.95504,2012,"26.5,24.8,26.1,24.6,22.5,22.3,20.7393047786885,20.6",2008,"89.0,89.2,88.2,87.0,84.4,83.8,83.1,82.5",2023-12-13 12:24:05
4959040,The Fund For Peace,Fragile State Index,P1: State Legitimacy,2023,104,48,8,0.93064,2012,"2.2,1.9,1.8,1.5,1.2,1.0,0.7,0.7",2008,"7.9,7.9,7.7,7.5,7.4,7.3,7.4,7.1",2023-12-18 15:59:34
494675,The Fund For Peace,Fragile State Index,Total,2023,104,53,8,0.94003,2012,"26.5,24.8,26.1,24.6,22.5,22.3,20.7393047786885,20.6",2009,"60.1,59.0,57.3,56.3,54.1,52.9,51.0,52.4",2023-12-13 12:23:38
4958861,The Fund For Peace,Fragile State Index,P1: State Legitimacy,2023,104,53,8,0.94485,2012,"2.2,1.9,1.8,1.5,1.2,1.0,0.7,0.7",2009,"4.5,4.8,4.4,4.2,3.9,3.7,3.4,3.1",2023-12-18 15:59:24
1966895,The Fund For Peace,Fragile State Index,C1: Security Apparatus,2023,104,227,8,0.97066,2006,"1.0,1.0,1.0,1.1,1.4,1.6,1.7,1.8",2006,"6.0,5.9,5.9,6.2,6.5,7.0,7.5,7.2",2023-12-15 03:45:27
3468734,The Fund For Peace,Fragile State Index,E2: Economic Inequality,2023,104,227,8,0.91391,2006,"3.0,2.9,3.0,3.0,2.8,2.6,2.7,2.5",2006,"7.5,7.4,7.2,7.2,7.0,6.6,6.3,6.0",2023-12-16 18:11:12
495145,The Fund For Peace,Fragile State Index,Total,2023,104,101,8,0.92727,2012,"26.5,24.8,26.1,24.6,22.5,22.3,20.7393047786885,20.6",2011,"81.6,80.6,78.2,76.8,75.0,74.9,72.9,72.29772813709069",2023-12-13 12:24:07
4959055,The Fund For Peace,Fragile State Index,P1: State Legitimacy,2023,104,101,8,0.95679,2012,"2.2,1.9,1.8,1.5,1.2,1.0,0.7,0.7",2011,"6.7,6.7,6.4,6.5,5.6,5.3,5.1,4.8",2023-12-18 15:59:35
495605,The Fund For Peace,Fragile State Index,Total,2023,104,213,8,0.92443,2012,"26.5,24.8,26.1,24.6,22.5,22.3,20.7393047786885,20.6",2010,"72.5,71.1,71.2,71.2,70.6,68.4,66.7,65.9",2023-12-13 12:24:36
4959178,The Fund For Peace,Fragile State Index,P1: State Legitimacy,2023,104,213,8,0.95899,2012,"2.2,1.9,1.8,1.5,1.2,1.0,0.7,0.7",2010,"6.5,6.1,6.4,6.1,5.8,5.5,5.2,5.0",2023-12-18 15:59:43
2526180,The Fund For Peace,Fragile State Index,C3: Group Grievance,2023,104,142,8,0.9672,2013,"1.6,1.6,1.9,1.6,1.4,1.1,1.0,0.7",2006,"7.3,7.3,7.3,7.1,6.9,6.6,6.3,6.0",2023-12-15 14:37:55
2885360,The Fund For Peace,Fragile State Index,E1: Economy,2023,104,142,8,0.91606,2013,"3.9,4.2,4.1,3.6,3.4,3.1,2.8,2.5",2006,"7.5,7.5,7.2,6.8,7.0,6.7,6.2,6.4",2023-12-16 07:20:30
495166,The Fund For Peace,Fragile State Index,Total,2023,104,118,8,0.93024,2012,"26.5,24.8,26.1,24.6,22.5,22.3,20.7393047786885,20.6",2013,"85.7,83.9,82.2,81.1,80.3,78.6341219093271,76.2,73.92936357080953",2023-12-13 12:24:08
4959064,The Fund For Peace,Fragile State Index,P1: State Legitimacy,2023,104,118,8,0.95216,2012,"2.2,1.9,1.8,1.5,1.2,1.0,0.7,0.7",2013,"8.4,8.2,7.8,7.9,7.7,7.4,7.1,6.8",2023-12-18 15:59:36
495645,The Fund For Peace,Fragile State Index,Total,2023,104,198,8,0.91146,2012,"26.5,24.8,26.1,24.6,22.5,22.3,20.7393047786885,20.6",2007,"71.3,69.5,67.7,67.9,67.0,65.1,64.0,63.7",2023-12-13 12:24:39
4959213,The Fund For Peace,Fragile State Index,P1: State Legitimacy,2023,104,198,8,0.97079,2012,"2.2,1.9,1.8,1.5,1.2,1.0,0.7,0.7",2007,"7.9,7.6,7.1,7.0,6.8,6.3,6.3,6.0",2023-12-18 15:59:45
495578,The Fund For Peace,Fragile State Index,Total,2023,104,16,8,0.91246,2012,"26.5,24.8,26.1,24.6,22.5,22.3,20.7393047786885,20.6",2011,"56.5,55.1,54.7,54.1,51.5,51.6,52.4,49.99124184605109",2023-12-13 12:24:35
4959154,The Fund For Peace,Fragile State Index,P1: State Legitimacy,2023,104,16,8,0.96965,2012,"2.2,1.9,1.8,1.5,1.2,1.0,0.7,0.7",2011,"5.2,4.9,4.9,4.6,4.3,4.0,3.8,3.3",2023-12-18 15:59:41
1967046,The Fund For Peace,Fragile State Index,C1: Security Apparatus,2023,104,17,8,0.94537,2006,"1.0,1.0,1.0,1.1,1.4,1.6,1.7,1.8",2008,"3.7,4.4,4.7,4.8,6.0,6.1,6.2,6.7",2023-12-15 03:45:37
2336885,The Fund For Peace,Fragile State Index,C2: Factionalized Elites,2023,104,17,8,0.93638,2006,"1.0,1.0,1.0,1.3,1.5,1.4,1.4,1.3",2008,"6.0,6.1,6.1,6.6,7.0,7.1,7.1,7.1",2023-12-15 10:53:01
495164,The Fund For Peace,Fragile State Index,Total,2023,104,118,8,0.91212,2012,"26.5,24.8,26.1,24.6,22.5,22.3,20.7393047786885,20.6",2011,"91.8,87.4,85.7,83.9,82.2,81.1,80.3,78.6341219093271",2023-12-13 12:24:08
4959062,The Fund For Peace,Fragile State Index,P1: State Legitimacy,2023,104,118,8,0.96856,2012,"2.2,1.9,1.8,1.5,1.2,1.0,0.7,0.7",2011,"9.0,8.7,8.4,8.2,7.8,7.9,7.7,7.4",2023-12-18 15:59:36
494622,The Fund For Peace,Fragile State Index,Total,2023,104,109,8,0.9035,2012,"26.5,24.8,26.1,24.6,22.5,22.3,20.7393047786885,20.6",2009,"68.6,67.4,67.1,65.8,65.6,64.9,64.6,65.0",2023-12-13 12:23:34
4958840,The Fund For Peace,Fragile State Index,P1: State Legitimacy,2023,104,109,8,0.97612,2012,"2.2,1.9,1.8,1.5,1.2,1.0,0.7,0.7",2009,"7.0,6.8,6.5,6.4,6.1,5.6,5.3,5.0",2023-12-18 15:59:23
495652,The Fund For Peace,Fragile State Index,Total,2023,104,198,8,0.90332,2012,"26.5,24.8,26.1,24.6,22.5,22.3,20.7393047786885,20.6",2014,"63.7,62.1,60.2,59.4,56.754155689071474,55.2,54.6754977355289,56.3",2023-12-13 12:24:39
4959220,The Fund For Peace,Fragile State Index,P1: State Legitimacy,2023,104,198,8,0.97611,2012,"2.2,1.9,1.8,1.5,1.2,1.0,0.7,0.7",2014,"6.0,5.7,5.7,5.5,5.2,4.9,4.6000000000000005,4.3",2023-12-18 15:59:45
495675,The Fund For Peace,Fragile State Index,Total,2023,104,127,8,0.91351,2012,"26.5,24.8,26.1,24.6,22.5,22.3,20.7393047786885,20.6",2014,"24.6,22.1,24.1,23.4,20.757276455472248,20.4,18.84924040750671,21.1",2023-12-13 12:24:41
4959231,The Fund For Peace,Fragile State Index,P1: State Legitimacy,2023,104,127,8,0.96569,2012,"2.2,1.9,1.8,1.5,1.2,1.0,0.7,0.7",2014,"1.6,1.3,1.0,1.0,0.7,0.7,0.5,0.5",2023-12-18 15:59:46
495624,The Fund For Peace,Fragile State Index,Total,2023,104,141,8,0.90301,2012,"26.5,24.8,26.1,24.6,22.5,22.3,20.7393047786885,20.6",2016,"77.1,76.4,74.4370879237946,73.0,71.23563007855653,71.7,71.0,69.30000000000001",2023-12-13 12:24:38
4959198,The Fund For Peace,Fragile State Index,P1: State Legitimacy,2023,104,141,8,0.97498,2012,"2.2,1.9,1.8,1.5,1.2,1.0,0.7,0.7",2016,"5.7,5.5,5.2,4.9,4.6000000000000005,4.3,4.4,4.1",2023-12-18 15:59:44
2336889,The Fund For Peace,Fragile State Index,C2: Factionalized Elites,2023,104,134,8,0.93964,2006,"1.0,1.0,1.0,1.3,1.5,1.4,1.4,1.3",2007,"1.6,1.6,1.7,2.0,2.0,2.0,2.0,2.0",2023-12-15 10:53:01
3468943,The Fund For Peace,Fragile State Index,E2: Economic Inequality,2023,104,134,8,0.93742,2006,"3.0,2.9,3.0,3.0,2.8,2.6,2.7,2.5",2007,"4.5,4.5,4.6,4.4,4.1,3.8,3.5,3.2",2023-12-16 18:11:25
495144,The Fund For Peace,Fragile State Index,Total,2023,104,101,8,0.94456,2012,"26.5,24.8,26.1,24.6,22.5,22.3,20.7393047786885,20.6",2010,"83.1,81.6,80.6,78.2,76.8,75.0,74.9,72.9",2023-12-13 12:24:07
4959054,The Fund For Peace,Fragile State Index,P1: State Legitimacy,2023,104,101,8,0.93228,2012,"2.2,1.9,1.8,1.5,1.2,1.0,0.7,0.7",2010,"6.9,6.7,6.7,6.4,6.5,5.6,5.3,5.1",2023-12-18 15:59:35
494995,The Fund For Peace,Fragile State Index,Total,2023,104,238,8,0.90179,2012,"26.5,24.8,26.1,24.6,22.5,22.3,20.7393047786885,20.6",2008,"41.4,41.2,41.3,40.4,40.5,38.4,37.9,36.4",2023-12-13 12:23:58
4958986,The Fund For Peace,Fragile State Index,P1: State Legitimacy,2023,104,238,8,0.97439,2012,"2.2,1.9,1.8,1.5,1.2,1.0,0.7,0.7",2008,"2.9,2.8,2.6,2.5,2.2,1.7,1.6,1.4",2023-12-18 15:59:31
2526110,The Fund For Peace,Fragile State Index,C3: Group Grievance,2023,104,73,8,0.94194,2013,"1.6,1.6,1.9,1.6,1.4,1.1,1.0,0.7",2014,"1.3,1.6,2.0,1.8,1.5,1.2,0.8999999999999999,0.6",2023-12-15 14:37:51
2885282,The Fund For Peace,Fragile State Index,E1: Economy,2023,104,73,8,0.93346,2013,"3.9,4.2,4.1,3.6,3.4,3.1,2.8,2.5",2014,"3.5,3.8,3.7,3.5,3.2,2.9,2.6,2.9",2023-12-16 07:20:25
1966894,The Fund For Peace,Fragile State Index,C1: Security Apparatus,2023,104,109,8,0.94103,2006,"1.0,1.0,1.0,1.1,1.4,1.6,1.7,1.8",2012,"6.2,6.3,6.0,6.3,6.6,6.9,6.840975701424125,6.8",2023-12-15 03:45:27
3468731,The Fund For Peace,Fragile State Index,E2: Economic Inequality,2023,104,109,8,0.93224,2006,"3.0,2.9,3.0,3.0,2.8,2.6,2.7,2.5",2012,"6.2,5.9,5.8,5.9,5.6,5.1,4.8,4.5",2023-12-16 18:11:12
494642,The Fund For Peace,Fragile State Index,Total,2023,104,196,8,0.93377,2012,"26.5,24.8,26.1,24.6,22.5,22.3,20.7393047786885,20.6",2016,"83.6,82.3,79.62828847155544,77.2,74.5646477541905,73.39999999999999,72.10000000000001,71.50000000000001",2023-12-13 12:23:36
4958852,The Fund For Peace,Fragile State Index,P1: State Legitimacy,2023,104,196,8,0.93946,2012,"2.2,1.9,1.8,1.5,1.2,1.0,0.7,0.7",2016,"5.2,4.7,4.4,4.1,3.8,3.6,3.7,3.7",2023-12-18 15:59:23
1966896,The Fund For Peace,Fragile State Index,C1: Security Apparatus,2023,104,227,8,0.93688,2006,"1.0,1.0,1.0,1.1,1.4,1.6,1.7,1.8",2007,"5.9,5.9,6.2,6.5,7.0,7.5,7.2,7.3",2023-12-15 03:45:28
3468735,The Fund For Peace,Fragile State Index,E2: Economic Inequality,2023,104,227,8,0.93604,2006,"3.0,2.9,3.0,3.0,2.8,2.6,2.7,2.5",2007,"7.4,7.2,7.2,7.0,6.6,6.3,6.0,5.7",2023-12-16 18:11:12
495369,The Fund For Peace,Fragile State Index,Total,2023,104,169,8,0.9195,2012,"26.5,24.8,26.1,24.6,22.5,22.3,20.7393047786885,20.6",2008,"83.6,84.6,84.6,84.4,82.2,80.8,79.5,79.4",2023-12-13 12:24:20
4959097,The Fund For Peace,Fragile State Index,P1: State Legitimacy,2023,104,169,8,0.95313,2012,"2.2,1.9,1.8,1.5,1.2,1.0,0.7,0.7",2008,"7.5,7.5,7.3,7.3,7.0,6.7,6.6,6.3",2023-12-18 15:59:38
2526145,The Fund For Peace,Fragile State Index,C3: Group Grievance,2023,104,63,8,0.95745,2013,"1.6,1.6,1.9,1.6,1.4,1.1,1.0,0.7",2016,"9.0,8.8,8.9,8.9,8.6,8.3,8.0,7.7",2023-12-15 14:37:53
2885325,The Fund For Peace,Fragile State Index,E1: Economy,2023,104,63,8,0.91431,2013,"3.9,4.2,4.1,3.6,3.4,3.1,2.8,2.5",2016,"8.4,8.2,7.899999999999999,7.9,7.6,7.3,7.0,7.1",2023-12-16 07:20:28
494695,The Fund For Peace,Fragile State Index,Total,2023,104,82,8,0.92762,2012,"26.5,24.8,26.1,24.6,22.5,22.3,20.7393047786885,20.6",2016,"71.2,69.7,68.1221863165064,65.9,64.15816913182405,63.900000000000006,63.0,62.29999999999999",2023-12-13 12:23:39
4958871,The Fund For Peace,Fragile State Index,P1: State Legitimacy,2023,104,82,8,0.94393,2012,"2.2,1.9,1.8,1.5,1.2,1.0,0.7,0.7",2016,"4.7,4.2,3.9,3.6,3.3000000000000003,3.2,3.2,3.2",2023-12-18 15:59:24
494834,The Fund For Peace,Fragile State Index,Total,2023,104,23,8,0.94843,2012,"26.5,24.8,26.1,24.6,22.5,22.3,20.7393047786885,20.6",2014,"78.2,78.8,78.9,77.6,75.69009689938682,73.6,72.54479808532312,72.8",2023-12-13 12:23:48
4958920,The Fund For Peace,Fragile State Index,P1: State Legitimacy,2023,104,23,8,0.92304,2012,"2.2,1.9,1.8,1.5,1.2,1.0,0.7,0.7",2014,"6.1,6.2,5.9,5.4,5.1000000000000005,4.8,4.9,5.1",2023-12-18 15:59:27
494713,The Fund For Peace,Fragile State Index,Total,2023,104,144,8,0.96497,2012,"26.5,24.8,26.1,24.6,22.5,22.3,20.7393047786885,20.6",2014,"58.1,57.0,56.6,56.7,54.87347128912537,54.1,51.93521252189043,52.3",2023-12-13 12:23:40
4958881,The Fund For Peace,Fragile State Index,P1: State Legitimacy,2023,104,144,8,0.90499,2012,"2.2,1.9,1.8,1.5,1.2,1.0,0.7,0.7",2014,"4.8,4.5,4.2,4.0,4.0,4.1,3.8,3.8",2023-12-18 15:59:25
495568,The Fund For Peace,Fragile State Index,Total,2023,104,226,8,0.93951,2012,"26.5,24.8,26.1,24.6,22.5,22.3,20.7393047786885,20.6",2011,"63.7,64.4,62.6,61.3,58.7,57.8,56.7,54.6057398402105",2023-12-13 12:24:34
4959144,The Fund For Peace,Fragile State Index,P1: State Legitimacy,2023,104,226,8,0.93031,2012,"2.2,1.9,1.8,1.5,1.2,1.0,0.7,0.7",2011,"5.5,5.9,5.6,5.3,5.0,4.7,4.5,4.2",2023-12-18 15:59:41
495097,The Fund For Peace,Fragile State Index,Total,2023,104,211,8,0.93171,2012,"26.5,24.8,26.1,24.6,22.5,22.3,20.7393047786885,20.6",2013,"92.9,92.6,90.7,87.7,86.6,84.89668808927048,84.0,81.8",2023-12-13 12:24:04
4959034,The Fund For Peace,Fragile State Index,P1: State Legitimacy,2023,104,211,8,0.93789,2012,"2.2,1.9,1.8,1.5,1.2,1.0,0.7,0.7",2013,"8.2,8.3,8.0,7.4,6.9,6.6000000000000005,6.9,6.6000000000000005",2023-12-18 15:59:34
2526240,The Fund For Peace,Fragile State Index,C3: Group Grievance,2023,104,179,8,0.91069,2013,"1.6,1.6,1.9,1.6,1.4,1.1,1.0,0.7",2012,"4.9,4.9,4.9,4.6,4.6,4.6,4.3,4.0",2023-12-15 14:37:59
2885442,The Fund For Peace,Fragile State Index,E1: Economy,2023,104,179,8,0.958,2013,"3.9,4.2,4.1,3.6,3.4,3.1,2.8,2.5",2012,"3.2,2.9,2.9,2.6,2.3,2.1,1.8,1.5",2023-12-16 07:20:36
1966989,The Fund For Peace,Fragile State Index,C1: Security Apparatus,2023,104,236,8,0.93181,2006,"1.0,1.0,1.0,1.1,1.4,1.6,1.7,1.8",2013,"2.2,2.7,2.8,2.9,3.2,3.464329018518069,3.5,3.8",2023-12-15 03:45:33
3468824,The Fund For Peace,Fragile State Index,E2: Economic Inequality,2023,104,236,8,0.93655,2006,"3.0,2.9,3.0,3.0,2.8,2.6,2.7,2.5",2013,"4.8,4.5,4.8,4.5,4.3,4.0,3.7,3.4000000000000004",2023-12-16 18:11:19
494701,The Fund For Peace,Fragile State Index,Total,2023,104,170,8,0.93929,2012,"26.5,24.8,26.1,24.6,22.5,22.3,20.7393047786885,20.6",2011,"57.8,56.1,55.8,55.7,54.6,53.2,50.7,49.48072267554133",2023-12-13 12:23:40
4958872,The Fund For Peace,Fragile State Index,P1: State Legitimacy,2023,104,170,8,0.92848,2012,"2.2,1.9,1.8,1.5,1.2,1.0,0.7,0.7",2011,"4.6,4.6,4.7,4.6,4.0,3.7,3.2,3.031674531996406",2023-12-18 15:59:24
494809,The Fund For Peace,Fragile State Index,Total,2023,104,172,8,0.93428,2012,"26.5,24.8,26.1,24.6,22.5,22.3,20.7393047786885,20.6",2014,"71.6,71.3,72.6,71.6,69.75151701076081,67.0,65.17819421791758,66.4",2023-12-13 12:23:46
4958917,The Fund For Peace,Fragile State Index,P1: State Legitimacy,2023,104,172,8,0.93334,2012,"2.2,1.9,1.8,1.5,1.2,1.0,0.7,0.7",2014,"7.4,7.1,7.2,7.0,7.1,6.8,6.5,6.6",2023-12-18 15:59:27
1967035,The Fund For Peace,Fragile State Index,C1: Security Apparatus,2023,104,19,8,0.94338,2006,"1.0,1.0,1.0,1.1,1.4,1.6,1.7,1.8",2012,"4.2,4.2,4.2,4.3,4.4,4.4,4.422489135822509,4.6",2023-12-15 03:45:36
6233362,The Fund For Peace,Fragile State Index,S1: Demographic Pressures,2023,104,19,8,0.92296,2006,"2.0,1.6,1.9,1.9,2.0,2.3,2.5,2.2",2012,"4.1,3.8,4.1,3.8,4.1,4.4,4.9,4.6",2023-12-19 18:19:49
495086,The Fund For Peace,Fragile State Index,Total,2023,104,239,8,0.9474,2012,"26.5,24.8,26.1,24.6,22.5,22.3,20.7393047786885,20.6",2016,"83.5,81.5,79.1,75.7,73.10388718030978,72.00000000000001,69.6,66.80000000000001",2023-12-13 12:24:03
4959027,The Fund For Peace,Fragile State Index,P1: State Legitimacy,2023,104,239,8,0.91869,2012,"2.2,1.9,1.8,1.5,1.2,1.0,0.7,0.7",2016,"9.7,9.5,9.5,9.5,9.440511660128443,9.3,9.2,9.0",2023-12-18 15:59:34
2526178,The Fund For Peace,Fragile State Index,C3: Group Grievance,2023,104,223,8,0.90324,2013,"1.6,1.6,1.9,1.6,1.4,1.1,1.0,0.7",2007,"6.0,6.0,5.8,5.6,5.4,5.1,4.8,4.8",2023-12-15 14:37:55
2885355,The Fund For Peace,Fragile State Index,E1: Economy,2023,104,223,8,0.96271,2013,"3.9,4.2,4.1,3.6,3.4,3.1,2.8,2.5",2007,"8.2,8.2,8.2,8.0,8.0,7.7,7.4,7.1",2023-12-16 07:20:30
1966966,The Fund For Peace,Fragile State Index,C1: Security Apparatus,2023,104,238,8,0.94194,2006,"1.0,1.0,1.0,1.1,1.4,1.6,1.7,1.8",2006,"3.0,3.0,3.0,3.3,3.4,3.7,4.0,3.7",2023-12-15 03:45:32
3468814,The Fund For Peace,Fragile State Index,E2: Economic Inequality,2023,104,238,8,0.924,2006,"3.0,2.9,3.0,3.0,2.8,2.6,2.7,2.5",2006,"5.0,5.1,5.1,5.2,5.0,4.7,4.6,4.4",2023-12-16 18:11:18
495036,The Fund For Peace,Fragile State Index,Total,2023,104,203,8,0.92418,2012,"26.5,24.8,26.1,24.6,22.5,22.3,20.7393047786885,20.6",2014,"32.6,31.5,33.9,32.4,30.33350186495465,28.0,25.84648022438141,28.2",2023-12-13 12:24:00
4959007,The Fund For Peace,Fragile State Index,P1: State Legitimacy,2023,104,203,8,0.94151,2012,"2.2,1.9,1.8,1.5,1.2,1.0,0.7,0.7",2014,"2.9,2.6,2.9,2.7,2.4000000000000004,2.1,1.8,1.9",2023-12-18 15:59:33
2526116,The Fund For Peace,Fragile State Index,C3: Group Grievance,2023,104,126,8,0.94132,2013,"1.6,1.6,1.9,1.6,1.4,1.1,1.0,0.7",2015,"4.3,4.6,4.4,4.1000000000000005,3.8,3.5975439132259592,3.3,3.0",2023-12-15 14:37:52
2885288,The Fund For Peace,Fragile State Index,E1: Economy,2023,104,126,8,0.92401,2013,"3.9,4.2,4.1,3.6,3.4,3.1,2.8,2.5",2015,"5.0,4.7,4.5,4.2,3.9,3.6,3.7,3.2",2023-12-16 07:20:26
1966995,The Fund For Peace,Fragile State Index,C1: Security Apparatus,2023,104,69,8,0.92883,2006,"1.0,1.0,1.0,1.1,1.4,1.6,1.7,1.8",2007,"7.5,7.5,7.5,7.8,7.9,8.1,8.4,8.1",2023-12-15 03:45:34
3468837,The Fund For Peace,Fragile State Index,E2: Economic Inequality,2023,104,69,8,0.93615,2006,"3.0,2.9,3.0,3.0,2.8,2.6,2.7,2.5",2007,"8.6,8.6,8.8,8.5,8.2,7.9,7.6,7.3",2023-12-16 18:11:20
494967,The Fund For Peace,Fragile State Index,Total,2023,104,52,8,0.93605,2012,"26.5,24.8,26.1,24.6,22.5,22.3,20.7393047786885,20.6",2010,"52.0,50.6,49.7,48.7,48.5,46.8,45.1,44.1",2023-12-13 12:23:56
4958967,The Fund For Peace,Fragile State Index,P1: State Legitimacy,2023,104,52,8,0.92798,2012,"2.2,1.9,1.8,1.5,1.2,1.0,0.7,0.7",2010,"3.9,3.5,3.2,3.5,3.2,2.9,2.6,2.4",2023-12-18 15:59:30
2526231,The Fund For Peace,Fragile State Index,C3: Group Grievance,2023,104,93,8,0.90144,2013,"1.6,1.6,1.9,1.6,1.4,1.1,1.0,0.7",2016,"6.4,6.7,7.0,6.7,6.4,6.5,6.2,5.9",2023-12-15 14:37:59
2885433,The Fund For Peace,Fragile State Index,E1: Economy,2023,104,93,8,0.96146,2013,"3.9,4.2,4.1,3.6,3.4,3.1,2.8,2.5",2016,"6.1,6.0,6.082149789170812,5.8,5.5,4.5,4.0,3.5",2023-12-16 07:20:35
495582,The Fund For Peace,Fragile State Index,Total,2023,104,19,8,0.9473,2012,"26.5,24.8,26.1,24.6,22.5,22.3,20.7393047786885,20.6",2007,"59.9,58.5,57.2,55.4,52.8,52.0,50.8,51.4",2023-12-13 12:24:35
4959160,The Fund For Peace,Fragile State Index,P1: State Legitimacy,2023,104,19,8,0.91547,2012,"2.2,1.9,1.8,1.5,1.2,1.0,0.7,0.7",2007,"6.1,5.9,4.5,4.1,3.9,3.6,3.6,3.3",2023-12-18 15:59:42
495433,The Fund For Peace,Fragile State Index,Total,2023,104,62,8,0.92343,2012,"26.5,24.8,26.1,24.6,22.5,22.3,20.7393047786885,20.6",2015,"75.9,75.6,77.3,74.23122556430408,71.2,69.40303455188986,71.2,69.1",2023-12-13 12:24:24
4959117,The Fund For Peace,Fragile State Index,P1: State Legitimacy,2023,104,62,8,0.93924,2012,"2.2,1.9,1.8,1.5,1.2,1.0,0.7,0.7",2015,"7.0,6.7,6.5,6.2,5.7,6.0,5.7,5.8",2023-12-18 15:59:39
1966949,The Fund For Peace,Fragile State Index,C1: Security Apparatus,2023,104,13,8,0.92831,2006,"1.0,1.0,1.0,1.1,1.4,1.6,1.7,1.8",2007,"0.9,0.9,1.0,1.4,1.7,2.0,1.7,2.0",2023-12-15 03:45:31
3468794,The Fund For Peace,Fragile State Index,E2: Economic Inequality,2023,104,13,8,0.93178,2006,"3.0,2.9,3.0,3.0,2.8,2.6,2.7,2.5",2007,"4.4,4.4,4.4,4.2,3.9,3.6,3.3,3.0",2023-12-16 18:11:17
495149,The Fund For Peace,Fragile State Index,Total,2023,104,101,8,0.93042,2012,"26.5,24.8,26.1,24.6,22.5,22.3,20.7393047786885,20.6",2015,"75.0,74.9,72.9,72.29772813709069,70.4,67.84550475118697,67.6,66.60000000000001",2023-12-13 12:24:07
4959059,The Fund For Peace,Fragile State Index,P1: State Legitimacy,2023,104,101,8,0.92892,2012,"2.2,1.9,1.8,1.5,1.2,1.0,0.7,0.7",2015,"5.6,5.3,5.1,4.8,4.5,4.2,4.4,4.5",2023-12-18 15:59:36
1967002,The Fund For Peace,Fragile State Index,C1: Security Apparatus,2023,104,63,8,0.93769,2006,"1.0,1.0,1.0,1.1,1.4,1.6,1.7,1.8",2010,"6.5,6.8,7.0,7.3,7.9,8.2,8.3,8.1",2023-12-15 03:45:34
3468843,The Fund For Peace,Fragile State Index,E2: Economic Inequality,2023,104,63,8,0.92153,2006,"3.0,2.9,3.0,3.0,2.8,2.6,2.7,2.5",2010,"7.4,7.4,7.4,7.1,6.8,6.5,6.2,6.0",2023-12-16 18:11:20
495792,The Fund For Peace,Fragile State Index,Total,2023,104,122,8,0.90687,2012,"26.5,24.8,26.1,24.6,22.5,22.3,20.7393047786885,20.6",2016,"80.9,81.7,80.13336187638737,79.7,78.29011539823739,77.9,77.4,76.3",2023-12-13 12:24:49
4959294,The Fund For Peace,Fragile State Index,P1: State Legitimacy,2023,104,122,8,0.95234,2012,"2.2,1.9,1.8,1.5,1.2,1.0,0.7,0.7",2016,"6.1,5.9,5.6000000000000005,5.3,5.0,4.7,4.8,4.9",2023-12-18 15:59:50
495205,The Fund For Peace,Fragile State Index,Total,2023,104,108,8,0.94327,2012,"26.5,24.8,26.1,24.6,22.5,22.3,20.7393047786885,20.6",2014,"101.7,100.1,97.9,96.5,94.56151916975632,92.1,89.72267369142226,90.7",2023-12-13 12:24:10
4959076,The Fund For Peace,Fragile State Index,P1: State Legitimacy,2023,104,108,8,0.91507,2012,"2.2,1.9,1.8,1.5,1.2,1.0,0.7,0.7",2014,"8.8,8.5,8.1,7.9,7.6,7.3,7.0,7.7",2023-12-18 15:59:37
1966933,The Fund For Peace,Fragile State Index,C1: Security Apparatus,2023,104,44,8,0.94571,2006,"1.0,1.0,1.0,1.1,1.4,1.6,1.7,1.8",2013,"2.9,2.8,3.1,2.9,3.2,3.5,3.8,4.1",2023-12-15 03:45:30
2336832,The Fund For Peace,Fragile State Index,C2: Factionalized Elites,2023,104,44,8,0.9123,2006,"1.0,1.0,1.0,1.3,1.5,1.4,1.4,1.3",2013,"1.4,1.7,1.7,2.2,2.2,2.2,2.2,2.2",2023-12-15 10:52:57
1966950,The Fund For Peace,Fragile State Index,C1: Security Apparatus,2023,104,13,8,0.90503,2006,"1.0,1.0,1.0,1.1,1.4,1.6,1.7,1.8",2013,"1.7,2.0,2.1,1.8,2.1,2.4,2.7,3.0",2023-12-15 03:45:31
2336839,The Fund For Peace,Fragile State Index,C2: Factionalized Elites,2023,104,13,8,0.95199,2006,"1.0,1.0,1.0,1.3,1.5,1.4,1.4,1.3",2013,"1.6,1.6,1.6,1.7,1.7,1.7,1.7,1.7",2023-12-15 10:52:57
494959,The Fund For Peace,Fragile State Index,Total,2023,104,126,8,0.91066,2012,"26.5,24.8,26.1,24.6,22.5,22.3,20.7393047786885,20.6",2012,"44.2,43.0,43.2,43.0,42.4,41.7,39.40955428935555,38.1",2023-12-13 12:23:56
4958960,The Fund For Peace,Fragile State Index,P1: State Legitimacy,2023,104,126,8,0.94574,2012,"2.2,1.9,1.8,1.5,1.2,1.0,0.7,0.7",2012,"3.5,3.8,3.5,3.2,2.9,2.7,2.4000000000000004,2.1",2023-12-18 15:59:30
495245,The Fund For Peace,Fragile State Index,Total,2023,104,167,8,0.95346,2012,"26.5,24.8,26.1,24.6,22.5,22.3,20.7393047786885,20.6",2013,"102.9,103.0,103.0,101.7,98.9,96.33806005544712,94.2,92.07809303255932",2023-12-13 12:24:13
4959081,The Fund For Peace,Fragile State Index,P1: State Legitimacy,2023,104,167,8,0.90251,2012,"2.2,1.9,1.8,1.5,1.2,1.0,0.7,0.7",2013,"8.4,8.5,8.6,8.3,8.1,7.8,7.9,7.6",2023-12-18 15:59:37
2336838,The Fund For Peace,Fragile State Index,C2: Factionalized Elites,2023,104,13,8,0.95199,2006,"1.0,1.0,1.0,1.3,1.5,1.4,1.4,1.3",2008,"1.5,1.5,1.5,1.6,1.6,1.6,1.6,1.6",2023-12-15 10:52:57
3468795,The Fund For Peace,Fragile State Index,E2: Economic Inequality,2023,104,13,8,0.90313,2006,"3.0,2.9,3.0,3.0,2.8,2.6,2.7,2.5",2008,"4.4,4.4,4.2,3.9,3.6,3.3,3.0,2.7",2023-12-16 18:11:17
2526137,The Fund For Peace,Fragile State Index,C3: Group Grievance,2023,104,239,8,0.92619,2013,"1.6,1.6,1.9,1.6,1.4,1.1,1.0,0.7",2014,"7.4,7.6,7.3,7.1,6.9,6.6,6.3,6.0",2023-12-15 14:37:53
2885303,The Fund For Peace,Fragile State Index,E1: Economy,2023,104,239,8,0.92771,2013,"3.9,4.2,4.1,3.6,3.4,3.1,2.8,2.5",2014,"7.1,6.8,6.5,6.3,6.1,5.8,5.5,5.4",2023-12-16 07:20:27
2526143,The Fund For Peace,Fragile State Index,C3: Group Grievance,2023,104,35,8,0.94547,2013,"1.6,1.6,1.9,1.6,1.4,1.1,1.0,0.7",2011,"5.5,5.2,5.3,5.3,5.0,4.7,4.5,4.2",2023-12-15 14:37:53
2885323,The Fund For Peace,Fragile State Index,E1: Economy,2023,104,35,8,0.90796,2013,"3.9,4.2,4.1,3.6,3.4,3.1,2.8,2.5",2011,"8.0,7.7,7.7,7.4,7.1,6.5,6.3,6.6",2023-12-16 07:20:28
2526232,The Fund For Peace,Fragile State Index,C3: Group Grievance,2023,104,198,8,0.92686,2013,"1.6,1.6,1.9,1.6,1.4,1.1,1.0,0.7",2011,"4.8,4.8,4.8,4.8,4.5,4.5,4.5,4.2",2023-12-15 14:37:59
2885434,The Fund For Peace,Fragile State Index,E1: Economy,2023,104,198,8,0.92628,2013,"3.9,4.2,4.1,3.6,3.4,3.1,2.8,2.5",2011,"5.4,4.9,5.2,4.9,4.6,4.3,4.1,3.8",2023-12-16 07:20:35
2526066,The Fund For Peace,Fragile State Index,C3: Group Grievance,2023,104,82,8,0.93391,2013,"1.6,1.6,1.9,1.6,1.4,1.1,1.0,0.7",2014,"4.9,4.6,4.6,4.4,4.1000000000000005,3.8,3.5,3.2",2023-12-15 14:37:49
2885244,The Fund For Peace,Fragile State Index,E1: Economy,2023,104,82,8,0.91881,2013,"3.9,4.2,4.1,3.6,3.4,3.1,2.8,2.5",2014,"6.0,6.3,6.6,6.1,6.0,5.7,5.4,5.5",2023-12-16 07:20:23
1967010,The Fund For Peace,Fragile State Index,C1: Security Apparatus,2023,104,174,8,0.9447,2006,"1.0,1.0,1.0,1.1,1.4,1.6,1.7,1.8",2006,"7.0,7.6,7.4,7.7,7.9,8.3,8.4,8.7",2023-12-15 03:45:35
3468881,The Fund For Peace,Fragile State Index,E2: Economic Inequality,2023,104,174,8,0.90773,2006,"3.0,2.9,3.0,3.0,2.8,2.6,2.7,2.5",2006,"7.5,7.6,7.6,7.6,7.4,7.1,6.8,6.5",2023-12-16 18:11:22
494659,The Fund For Peace,Fragile State Index,Total,2023,104,31,8,0.93727,2012,"26.5,24.8,26.1,24.6,22.5,22.3,20.7393047786885,20.6",2007,"66.9,67.6,69.1,67.4,65.1,64.1,62.1,61.4",2023-12-13 12:23:37
4958854,The Fund For Peace,Fragile State Index,P1: State Legitimacy,2023,104,31,8,0.91445,2012,"2.2,1.9,1.8,1.5,1.2,1.0,0.7,0.7",2007,"6.2,6.2,6.4,6.2,5.9,5.6,5.3,5.4",2023-12-18 15:59:23
495618,The Fund For Peace,Fragile State Index,Total,2023,104,192,8,0.913,2012,"26.5,24.8,26.1,24.6,22.5,22.3,20.7393047786885,20.6",2013,"68.7,69.3,68.2,67.6,67.1,65.53086971578227,64.2,63.2966485589962",2023-12-13 12:24:37
4959186,The Fund For Peace,Fragile State Index,P1: State Legitimacy,2023,104,192,8,0.93845,2012,"2.2,1.9,1.8,1.5,1.2,1.0,0.7,0.7",2013,"6.0,6.0,6.2,5.7,5.5,5.2,4.9,4.6000000000000005",2023-12-18 15:59:43
495248,The Fund For Peace,Fragile State Index,Total,2023,104,167,8,0.91082,2012,"26.5,24.8,26.1,24.6,22.5,22.3,20.7393047786885,20.6",2016,"101.7,98.9,96.33806005544712,94.2,92.07809303255932,90.5,89.70000000000002,89.89999999999999",2023-12-13 12:24:13
4959084,The Fund For Peace,Fragile State Index,P1: State Legitimacy,2023,104,167,8,0.94053,2012,"2.2,1.9,1.8,1.5,1.2,1.0,0.7,0.7",2016,"8.3,8.1,7.8,7.9,7.6,7.3,7.4,7.4",2023-12-18 15:59:37
495279,The Fund For Peace,Fragile State Index,Total,2023,104,28,8,0.94666,2012,"26.5,24.8,26.1,24.6,22.5,22.3,20.7393047786885,20.6",2008,"84.3,83.3,83.5,80.9,77.9,76.5,75.9,77.4",2023-12-13 12:24:14
4959085,The Fund For Peace,Fragile State Index,P1: State Legitimacy,2023,104,28,8,0.90413,2012,"2.2,1.9,1.8,1.5,1.2,1.0,0.7,0.7",2008,"7.9,8.2,8.0,7.6,7.0,6.7,6.8,7.0",2023-12-18 15:59:37
494840,The Fund For Peace,Fragile State Index,Total,2023,104,120,8,0.90837,2012,"26.5,24.8,26.1,24.6,22.5,22.3,20.7393047786885,20.6",2009,"54.6,55.4,54.2,51.9,47.9,48.0,48.5,47.4",2023-12-13 12:23:48
4958921,The Fund For Peace,Fragile State Index,P1: State Legitimacy,2023,104,120,8,0.94142,2012,"2.2,1.9,1.8,1.5,1.2,1.0,0.7,0.7",2009,"5.1,5.4,5.3,4.8,4.5,4.2,3.9,3.6",2023-12-18 15:59:27
494638,The Fund For Peace,Fragile State Index,Total,2023,104,131,8,0.93692,2012,"26.5,24.8,26.1,24.6,22.5,22.3,20.7393047786885,20.6",2016,"66.1,65.4,63.59483707832034,60.5,57.561895525091394,56.89999999999999,56.4,55.0",2023-12-13 12:23:35
4958847,The Fund For Peace,Fragile State Index,P1: State Legitimacy,2023,104,131,8,0.91286,2012,"2.2,1.9,1.8,1.5,1.2,1.0,0.7,0.7",2016,"7.4,7.7,7.4,6.9,6.6000000000000005,6.3,6.4,6.5",2023-12-18 15:59:23
1966900,The Fund For Peace,Fragile State Index,C1: Security Apparatus,2023,104,53,8,0.94271,2006,"1.0,1.0,1.0,1.1,1.4,1.6,1.7,1.8",2006,"4.0,3.9,3.9,4.3,4.4,4.4,4.7,4.8",2023-12-15 03:45:28
3468743,The Fund For Peace,Fragile State Index,E2: Economic Inequality,2023,104,53,8,0.90694,2006,"3.0,2.9,3.0,3.0,2.8,2.6,2.7,2.5",2006,"5.7,5.7,5.5,5.5,5.3,5.0,4.7,4.4",2023-12-16 18:11:13
2336846,The Fund For Peace,Fragile State Index,C2: Factionalized Elites,2023,104,138,8,0.92426,2006,"1.0,1.0,1.0,1.3,1.5,1.4,1.4,1.3",2006,"3.0,3.0,3.0,3.3,3.3,3.2,3.2,3.2",2023-12-15 10:52:58
3468809,The Fund For Peace,Fragile State Index,E2: Economic Inequality,2023,104,138,8,0.92538,2006,"3.0,2.9,3.0,3.0,2.8,2.6,2.7,2.5",2006,"6.0,5.9,5.9,5.9,5.7,5.4,5.1,4.8",2023-12-16 18:11:18
495117,The Fund For Peace,Fragile State Index,Total,2023,104,48,8,0.93053,2012,"26.5,24.8,26.1,24.6,22.5,22.3,20.7393047786885,20.6",2011,"87.0,84.4,83.8,83.1,82.5,80.2,78.9,76.62792958051614",2023-12-13 12:24:05
4959041,The Fund For Peace,Fragile State Index,P1: State Legitimacy,2023,104,48,8,0.91835,2012,"2.2,1.9,1.8,1.5,1.2,1.0,0.7,0.7",2011,"7.5,7.4,7.3,7.4,7.1,6.5,6.3,6.0",2023-12-18 15:59:35
495099,The Fund For Peace,Fragile State Index,Total,2023,104,211,8,0.94279,2012,"26.5,24.8,26.1,24.6,22.5,22.3,20.7393047786885,20.6",2015,"90.7,87.7,86.6,84.89668808927048,84.0,81.8,80.50000000000001,79.30000000000001",2023-12-13 12:24:04
4959036,The Fund For Peace,Fragile State Index,P1: State Legitimacy,2023,104,211,8,0.90587,2012,"2.2,1.9,1.8,1.5,1.2,1.0,0.7,0.7",2015,"8.0,7.4,6.9,6.6000000000000005,6.9,6.6000000000000005,6.3,6.0",2023-12-18 15:59:34
495639,The Fund For Peace,Fragile State Index,Total,2023,104,86,8,0.92874,2012,"26.5,24.8,26.1,24.6,22.5,22.3,20.7393047786885,20.6",2011,"66.4,65.0,64.6,65.2,63.5,63.0,61.5,59.9",2023-12-13 12:24:38
4959207,The Fund For Peace,Fragile State Index,P1: State Legitimacy,2023,104,86,8,0.91953,2012,"2.2,1.9,1.8,1.5,1.2,1.0,0.7,0.7",2011,"6.2,6.2,6.2,6.2,5.9,5.6,5.4,5.2",2023-12-18 15:59:44
495098,The Fund For Peace,Fragile State Index,Total,2023,104,211,8,0.92184,2012,"26.5,24.8,26.1,24.6,22.5,22.3,20.7393047786885,20.6",2014,"92.6,90.7,87.7,86.6,84.89668808927048,84.0,81.8,80.50000000000001",2023-12-13 12:24:04
4959035,The Fund For Peace,Fragile State Index,P1: State Legitimacy,2023,104,211,8,0.92416,2012,"2.2,1.9,1.8,1.5,1.2,1.0,0.7,0.7",2014,"8.3,8.0,7.4,6.9,6.6000000000000005,6.9,6.6000000000000005,6.3",2023-12-18 15:59:34
495133,The Fund For Peace,Fragile State Index,Total,2023,104,35,8,0.91802,2012,"26.5,24.8,26.1,24.6,22.5,22.3,20.7393047786885,20.6",2013,"90.2,89.0,89.2,89.4,88.0,86.5236375122382,83.9,85.92852306050814",2023-12-13 12:24:06
4959051,The Fund For Peace,Fragile State Index,P1: State Legitimacy,2023,104,35,8,0.92771,2012,"2.2,1.9,1.8,1.5,1.2,1.0,0.7,0.7",2013,"7.7,7.8,8.1,7.3,7.1,6.8,6.5,6.2",2023-12-18 15:59:35
495219,The Fund For Peace,Fragile State Index,Total,2023,104,250,8,0.92621,2012,"26.5,24.8,26.1,24.6,22.5,22.3,20.7393047786885,20.6",2009,"114.0,110.2,107.9,106.3,105.2,102.8,100.0,100.5",2023-12-13 12:24:11
4959077,The Fund For Peace,Fragile State Index,P1: State Legitimacy,2023,104,250,8,0.91947,2012,"2.2,1.9,1.8,1.5,1.2,1.0,0.7,0.7",2009,"9.8,9.6,9.3,9.4,9.2,9.3,9.0,8.9",2023-12-18 15:59:37
495773,The Fund For Peace,Fragile State Index,Total,2023,104,132,8,0.93543,2012,"26.5,24.8,26.1,24.6,22.5,22.3,20.7393047786885,20.6",2015,"74.3,74.0,74.4,72.4,69.8,66.2,67.6,64.50000000000001",2023-12-13 12:24:48
4959280,The Fund For Peace,Fragile State Index,P1: State Legitimacy,2023,104,132,8,0.90833,2012,"2.2,1.9,1.8,1.5,1.2,1.0,0.7,0.7",2015,"8.5,8.7,8.5,8.3,8.3,7.800000000000001,7.5,7.2",2023-12-18 15:59:49
494669,The Fund For Peace,Fragile State Index,Total,2023,104,34,8,0.92992,2012,"26.5,24.8,26.1,24.6,22.5,22.3,20.7393047786885,20.6",2013,"55.0,54.4,55.4,53.7,53.7,51.65420796469111,50.6,49.17165481543572",2023-12-13 12:23:37
4958857,The Fund For Peace,Fragile State Index,P1: State Legitimacy,2023,104,34,8,0.91248,2012,"2.2,1.9,1.8,1.5,1.2,1.0,0.7,0.7",2013,"4.8,4.9,5.0,4.7,4.5,4.2,3.9,3.6",2023-12-18 15:59:24
1966961,The Fund For Peace,Fragile State Index,C1: Security Apparatus,2023,104,52,8,0.92706,2006,"1.0,1.0,1.0,1.1,1.4,1.6,1.7,1.8",2010,"2.5,2.5,2.8,2.5,2.8,3.1,3.3,3.6",2023-12-15 03:45:32
3468804,The Fund For Peace,Fragile State Index,E2: Economic Inequality,2023,104,52,8,0.91526,2006,"3.0,2.9,3.0,3.0,2.8,2.6,2.7,2.5",2010,"6.5,6.5,6.4,6.1,5.8,5.5,5.5,5.3",2023-12-16 18:11:18
1967048,The Fund For Peace,Fragile State Index,C1: Security Apparatus,2023,104,129,8,0.90891,2006,"1.0,1.0,1.0,1.1,1.4,1.6,1.7,1.8",2007,"6.1,5.8,5.9,6.4,6.8,6.9,7.0,6.8",2023-12-15 03:45:37
2336893,The Fund For Peace,Fragile State Index,C2: Factionalized Elites,2023,104,129,8,0.93329,2006,"1.0,1.0,1.0,1.3,1.5,1.4,1.4,1.3",2007,"6.7,7.0,7.1,7.7,8.0,7.8,7.5,7.6",2023-12-15 10:53:01
495095,The Fund For Peace,Fragile State Index,Total,2023,104,211,8,0.9376,2012,"26.5,24.8,26.1,24.6,22.5,22.3,20.7393047786885,20.6",2011,"93.1,92.2,92.9,92.6,90.7,87.7,86.6,84.89668808927048",2023-12-13 12:24:04
4959032,The Fund For Peace,Fragile State Index,P1: State Legitimacy,2023,104,211,8,0.90425,2012,"2.2,1.9,1.8,1.5,1.2,1.0,0.7,0.7",2011,"8.5,8.1,8.2,8.3,8.0,7.4,6.9,6.6000000000000005",2023-12-18 15:59:34
494966,The Fund For Peace,Fragile State Index,Total,2023,104,52,8,0.92726,2012,"26.5,24.8,26.1,24.6,22.5,22.3,20.7393047786885,20.6",2009,"52.5,52.0,50.6,49.7,48.7,48.5,46.8,45.1",2023-12-13 12:23:56
4958966,The Fund For Peace,Fragile State Index,P1: State Legitimacy,2023,104,52,8,0.91456,2012,"2.2,1.9,1.8,1.5,1.2,1.0,0.7,0.7",2009,"4.1,3.9,3.5,3.2,3.5,3.2,2.9,2.6",2023-12-18 15:59:30
2336853,The Fund For Peace,Fragile State Index,C2: Factionalized Elites,2023,104,112,8,0.94038,2006,"1.0,1.0,1.0,1.3,1.5,1.4,1.4,1.3",2010,"6.5,6.3,6.3,6.8,6.9,6.9,6.9,6.9",2023-12-15 10:52:58
3468826,The Fund For Peace,Fragile State Index,E2: Economic Inequality,2023,104,112,8,0.90032,2006,"3.0,2.9,3.0,3.0,2.8,2.6,2.7,2.5",2010,"7.2,6.9,6.8,6.5,6.2,5.9,5.6,5.4",2023-12-16 18:11:19
2526138,The Fund For Peace,Fragile State Index,C3: Group Grievance,2023,104,239,8,0.90707,2013,"1.6,1.6,1.9,1.6,1.4,1.1,1.0,0.7",2016,"7.3,7.1,6.9,6.6,6.3,6.0,5.7,5.4",2023-12-15 14:37:53
2885305,The Fund For Peace,Fragile State Index,E1: Economy,2023,104,239,8,0.93299,2013,"3.9,4.2,4.1,3.6,3.4,3.1,2.8,2.5",2016,"6.5,6.3,6.1,5.8,5.5,5.4,5.1,5.1",2023-12-16 07:20:27
494977,The Fund For Peace,Fragile State Index,Total,2023,104,176,8,0.91611,2012,"26.5,24.8,26.1,24.6,22.5,22.3,20.7393047786885,20.6",2009,"49.6,49.0,46.8,44.3,40.9,42.1,39.8,40.7",2023-12-13 12:23:57
4958974,The Fund For Peace,Fragile State Index,P1: State Legitimacy,2023,104,176,8,0.92316,2012,"2.2,1.9,1.8,1.5,1.2,1.0,0.7,0.7",2009,"4.4,4.5,4.2,3.7,3.4,3.5,3.2,3.5",2023-12-18 15:59:31
494881,The Fund For Peace,Fragile State Index,Total,2023,104,58,8,0.91365,2012,"26.5,24.8,26.1,24.6,22.5,22.3,20.7393047786885,20.6",2009,"23.2,22.9,23.8,23.0,21.9,22.8,21.4,21.5",2023-12-13 12:23:51
4958937,The Fund For Peace,Fragile State Index,P1: State Legitimacy,2023,104,58,8,0.92465,2012,"2.2,1.9,1.8,1.5,1.2,1.0,0.7,0.7",2009,"1.3,1.1,1.2,0.8,1.0,0.8,0.5,0.6",2023-12-18 15:59:28
2526186,The Fund For Peace,Fragile State Index,C3: Group Grievance,2023,104,54,8,0.91773,2013,"1.6,1.6,1.9,1.6,1.4,1.1,1.0,0.7",2007,"5.5,5.5,5.5,5.5,5.1,4.8,4.8,4.8",2023-12-15 14:37:56
2885370,The Fund For Peace,Fragile State Index,E1: Economy,2023,104,54,8,0.91809,2013,"3.9,4.2,4.1,3.6,3.4,3.1,2.8,2.5",2007,"6.3,6.1,6.3,6.3,6.0,5.5,5.2,4.8",2023-12-16 07:20:31
2526140,The Fund For Peace,Fragile State Index,C3: Group Grievance,2023,104,130,8,0.92906,2013,"1.6,1.6,1.9,1.6,1.4,1.1,1.0,0.7",2015,"5.4,5.1,5.6,5.6,5.3,5.0,4.7,4.4",2023-12-15 14:37:53
2885318,The Fund For Peace,Fragile State Index,E1: Economy,2023,104,130,8,0.90655,2013,"3.9,4.2,4.1,3.6,3.4,3.1,2.8,2.5",2015,"8.6,8.6,8.4,8.1,8.0,7.7,7.7,7.8",2023-12-16 07:20:28
494761,The Fund For Peace,Fragile State Index,Total,2023,104,64,8,0.90189,2012,"26.5,24.8,26.1,24.6,22.5,22.3,20.7393047786885,20.6",2008,"75.5,77.2,78.1,76.0,74.4,73.2,72.0,71.4",2023-12-13 12:23:43
4958901,The Fund For Peace,Fragile State Index,P1: State Legitimacy,2023,104,64,8,0.93256,2012,"2.2,1.9,1.8,1.5,1.2,1.0,0.7,0.7",2008,"7.0,7.0,6.8,6.5,6.2,5.9,5.6,4.8",2023-12-18 15:59:26
494620,The Fund For Peace,Fragile State Index,Total,2023,104,29,8,0.92778,2012,"26.5,24.8,26.1,24.6,22.5,22.3,20.7393047786885,20.6",2016,"63.5,63.8,61.98745014345976,59.5,57.07123296987986,56.99999999999999,56.1,55.29999999999999",2023-12-13 12:23:34
4958837,The Fund For Peace,Fragile State Index,P1: State Legitimacy,2023,104,29,8,0.90592,2012,"2.2,1.9,1.8,1.5,1.2,1.0,0.7,0.7",2016,"3.5,3.3,3.0,2.7,2.4000000000000004,2.4,2.5,2.5",2023-12-18 15:59:22
2526269,The Fund For Peace,Fragile State Index,C3: Group Grievance,2023,104,129,8,0.92285,2013,"1.6,1.6,1.9,1.6,1.4,1.1,1.0,0.7",2012,"5.2,4.9,4.9,4.6,4.3,4.1,3.8,3.5",2023-12-15 14:38:01
2885452,The Fund For Peace,Fragile State Index,E1: Economy,2023,104,129,8,0.91077,2013,"3.9,4.2,4.1,3.6,3.4,3.1,2.8,2.5",2012,"7.9,8.2,7.9,7.6,7.8,7.6,7.554628770208678,7.3",2023-12-16 07:20:36
1966959,The Fund For Peace,Fragile State Index,C1: Security Apparatus,2023,104,126,8,0.92514,2006,"1.0,1.0,1.0,1.1,1.4,1.6,1.7,1.8",2006,"2.0,2.0,2.0,2.1,2.2,2.5,2.8,2.5",2023-12-15 03:45:31
3468799,The Fund For Peace,Fragile State Index,E2: Economic Inequality,2023,104,126,8,0.90787,2006,"3.0,2.9,3.0,3.0,2.8,2.6,2.7,2.5",2006,"6.1,6.2,6.2,6.2,6.0,5.7,5.4,5.2",2023-12-16 18:11:17
5365582,The Fund For Peace,Fragile State Index,P2: Public Services,2023,104,229,5,0.91253,2009,"2.3,2.4,2.2,2.2,1.9",2007,"7.7,7.7,7.2,7.0,6.7",2023-12-19 00:09:04
5741132,The Fund For Peace,Fragile State Index,P3: Human Rights,2023,104,229,5,0.90497,2009,"1.5,1.5,1.2,1.3,1.3",2007,"9.6,9.6,8.9,9.0,8.7",2023-12-19 08:22:56
6659366,The Fund For Peace,Fragile State Index,S2: Refugees and IDPs,2023,104,229,5,0.93168,2009,"1.5,1.6,2.0,1.7,1.4",2007,"4.5,4.5,4.8,4.6,4.2",2023-12-20 04:16:00
1967006,The Fund For Peace,Fragile State Index,C1: Security Apparatus,2023,104,162,8,0.90755,2006,"1.0,1.0,1.0,1.1,1.4,1.6,1.7,1.8",2009,"8.3,8.1,8.1,8.1,8.4,8.5,8.6,8.5",2023-12-15 03:45:34
3468859,The Fund For Peace,Fragile State Index,E2: Economic Inequality,2023,104,162,8,0.9251,2006,"3.0,2.9,3.0,3.0,2.8,2.6,2.7,2.5",2009,"8.8,8.8,8.5,8.6,8.3,8.0,8.0,7.7",2023-12-16 18:11:21
2526172,The Fund For Peace,Fragile State Index,C3: Group Grievance,2023,104,162,8,0.90535,2013,"1.6,1.6,1.9,1.6,1.4,1.1,1.0,0.7",2008,"7.2,7.2,7.2,6.9,6.6,6.6,6.6,6.3",2023-12-15 14:37:55
2885353,The Fund For Peace,Fragile State Index,E1: Economy,2023,104,162,8,0.92716,2013,"3.9,4.2,4.1,3.6,3.4,3.1,2.8,2.5",2008,"9.6,9.6,9.6,9.2,9.3,9.3,9.0,9.0",2023-12-16 07:20:30
494889,The Fund For Peace,Fragile State Index,Total,2023,104,21,8,0.90806,2012,"26.5,24.8,26.1,24.6,22.5,22.3,20.7393047786885,20.6",2009,"33.5,32.0,34.1,33.5,30.9,32.0,30.5,29.0",2023-12-13 12:23:52
4958938,The Fund For Peace,Fragile State Index,P1: State Legitimacy,2023,104,21,8,0.92427,2012,"2.2,1.9,1.8,1.5,1.2,1.0,0.7,0.7",2009,"2.8,2.3,2.7,2.4,2.1,2.0,1.9,1.6",2023-12-18 15:59:28
494788,The Fund For Peace,Fragile State Index,Total,2023,104,79,8,0.91121,2012,"26.5,24.8,26.1,24.6,22.5,22.3,20.7393047786885,20.6",2016,"86.8,89.4,87.06418531960836,83.9,82.21463956781182,80.5,78.6,76.10000000000001",2023-12-13 12:23:45
4958912,The Fund For Peace,Fragile State Index,P1: State Legitimacy,2023,104,79,8,0.92027,2012,"2.2,1.9,1.8,1.5,1.2,1.0,0.7,0.7",2016,"8.1,8.6,8.299999999999999,7.8,7.5,7.2,6.9,6.4",2023-12-18 15:59:27
495177,The Fund For Peace,Fragile State Index,Total,2023,104,18,8,0.90475,2012,"26.5,24.8,26.1,24.6,22.5,22.3,20.7393047786885,20.6",2013,"92.5,92.8,91.8,90.7,89.1,90.31281723205385,87.7,85.69999999999999",2023-12-13 12:24:08
4959065,The Fund For Peace,Fragile State Index,P1: State Legitimacy,2023,104,18,8,0.92596,2012,"2.2,1.9,1.8,1.5,1.2,1.0,0.7,0.7",2013,"8.3,8.4,8.5,8.0,7.8,7.5,7.6,7.3",2023-12-18 15:59:36
1966960,The Fund For Peace,Fragile State Index,C1: Security Apparatus,2023,104,126,8,0.92677,2006,"1.0,1.0,1.0,1.1,1.4,1.6,1.7,1.8",2007,"2.0,2.0,2.1,2.2,2.5,2.8,2.5,2.7",2023-12-15 03:45:31
3468800,The Fund For Peace,Fragile State Index,E2: Economic Inequality,2023,104,126,8,0.90263,2006,"3.0,2.9,3.0,3.0,2.8,2.6,2.7,2.5",2007,"6.2,6.2,6.2,6.0,5.7,5.4,5.2,5.3",2023-12-16 18:11:17
495592,The Fund For Peace,Fragile State Index,Total,2023,104,22,8,0.91813,2012,"26.5,24.8,26.1,24.6,22.5,22.3,20.7393047786885,20.6",2007,"69.8,70.2,69.5,68.7,67.7,67.2,67.2,67.0",2023-12-13 12:24:36
4959170,The Fund For Peace,Fragile State Index,P1: State Legitimacy,2023,104,22,8,0.90721,2012,"2.2,1.9,1.8,1.5,1.2,1.0,0.7,0.7",2007,"6.5,6.5,6.2,6.2,6.0,6.0,6.0,6.0",2023-12-18 15:59:42
494858,The Fund For Peace,Fragile State Index,Total,2023,104,202,8,0.91434,2012,"26.5,24.8,26.1,24.6,22.5,22.3,20.7393047786885,20.6",2016,"44.9,44.3,42.47488888000861,40.5,38.22181460375541,39.00000000000001,37.1,37.8",2023-12-13 12:23:50
4958929,The Fund For Peace,Fragile State Index,P1: State Legitimacy,2023,104,202,8,0.91022,2012,"2.2,1.9,1.8,1.5,1.2,1.0,0.7,0.7",2016,"4.5,4.3,4.3,4.4,4.1000000000000005,3.8,3.5,3.2",2023-12-18 15:59:28
494654,The Fund For Peace,Fragile State Index,Total,2023,104,2,8,0.90901,2012,"26.5,24.8,26.1,24.6,22.5,22.3,20.7393047786885,20.6",2012,"66.1,65.2,63.6,61.9,61.2,60.5,60.07930843597633,58.9",2023-12-13 12:23:36
4958853,The Fund For Peace,Fragile State Index,P1: State Legitimacy,2023,104,2,8,0.91536,2012,"2.2,1.9,1.8,1.5,1.2,1.0,0.7,0.7",2012,"7.3,7.0,6.5,6.2,5.9,5.7,6.0,5.7",2023-12-18 15:59:23
2526254,The Fund For Peace,Fragile State Index,C3: Group Grievance,2023,104,72,8,0.90164,2013,"1.6,1.6,1.9,1.6,1.4,1.1,1.0,0.7",2013,"7.3,7.3,7.0,7.1,6.9,6.6000000000000005,6.3,6.0",2023-12-15 14:38:00
2885447,The Fund For Peace,Fragile State Index,E1: Economy,2023,104,72,8,0.92092,2013,"3.9,4.2,4.1,3.6,3.4,3.1,2.8,2.5",2013,"7.3,7.0,6.7,6.7,6.5,6.235548067320703,5.9,5.6000000000000005",2023-12-16 07:20:36
2526192,The Fund For Peace,Fragile State Index,C3: Group Grievance,2023,104,220,8,0.91881,2013,"1.6,1.6,1.9,1.6,1.4,1.1,1.0,0.7",2012,"5.8,6.0,5.9,5.7,5.4,5.2,4.9,5.0",2023-12-15 14:37:57
2885387,The Fund For Peace,Fragile State Index,E1: Economy,2023,104,220,8,0.90278,2013,"3.9,4.2,4.1,3.6,3.4,3.1,2.8,2.5",2012,"6.9,6.8,6.7,6.7,6.4,6.2,6.26057602971615,6.2",2023-12-16 07:20:32
494899,The Fund For Peace,Fragile State Index,Total,2023,104,40,8,0.91926,2012,"26.5,24.8,26.1,24.6,22.5,22.3,20.7393047786885,20.6",2013,"26.0,27.4,25.6,23.8,22.6,21.505583938323312,20.0,18.668898507980952",2023-12-13 12:23:52
4958944,The Fund For Peace,Fragile State Index,P1: State Legitimacy,2023,104,40,8,0.90223,2012,"2.2,1.9,1.8,1.5,1.2,1.0,0.7,0.7",2013,"1.5,1.2,0.9,1.0,1.0,0.7,0.7,0.5",2023-12-18 15:59:29
495685,The Fund For Peace,Fragile State Index,Total,2023,104,99,8,0.9101,2012,"26.5,24.8,26.1,24.6,22.5,22.3,20.7393047786885,20.6",2016,"22.8,22.5,20.3,19.8,17.799999999999997,18.0,17.1,15.7",2023-12-13 12:24:42
4959235,The Fund For Peace,Fragile State Index,P1: State Legitimacy,2023,104,99,8,0.90945,2012,"2.2,1.9,1.8,1.5,1.2,1.0,0.7,0.7",2016,"1.0,1.3,1.0,1.0,0.7,0.5,0.4,0.4",2023-12-18 15:59:46
495596,The Fund For Peace,Fragile State Index,Total,2023,104,22,8,0.91121,2012,"26.5,24.8,26.1,24.6,22.5,22.3,20.7393047786885,20.6",2011,"67.7,67.2,67.2,67.0,65.3,66.0,65.5,63.71214888532026",2023-12-13 12:24:36
4959171,The Fund For Peace,Fragile State Index,P1: State Legitimacy,2023,104,22,8,0.90824,2012,"2.2,1.9,1.8,1.5,1.2,1.0,0.7,0.7",2011,"6.0,6.0,6.0,6.0,5.7,5.4,5.2,4.9",2023-12-18 15:59:42
2526195,The Fund For Peace,Fragile State Index,C3: Group Grievance,2023,104,26,8,0.90219,2013,"1.6,1.6,1.9,1.6,1.4,1.1,1.0,0.7",2010,"7.7,7.7,7.4,7.1,6.8,6.5,6.2,6.0",2023-12-15 14:37:57
2885392,The Fund For Peace,Fragile State Index,E1: Economy,2023,104,26,8,0.9154,2013,"3.9,4.2,4.1,3.6,3.4,3.1,2.8,2.5",2010,"6.8,6.5,6.5,6.2,5.9,5.4,5.1,5.4",2023-12-16 07:20:32
2526266,The Fund For Peace,Fragile State Index,C3: Group Grievance,2023,104,49,8,0.90781,2013,"1.6,1.6,1.9,1.6,1.4,1.1,1.0,0.7",2015,"5.0,5.0,5.4,5.1000000000000005,4.8,4.5,4.2,4.5",2023-12-15 14:38:01
2885451,The Fund For Peace,Fragile State Index,E1: Economy,2023,104,49,8,0.90901,2013,"3.9,4.2,4.1,3.6,3.4,3.1,2.8,2.5",2015,"8.0,8.2,8.0,7.9,7.6,7.3,7.6,7.3",2023-12-16 07:20:36
495293,The Fund For Peace,Fragile State Index,Total,2023,104,199,8,0.90327,2012,"26.5,24.8,26.1,24.6,22.5,22.3,20.7393047786885,20.6",2013,"91.2,89.9,91.9,91.0,89.3,89.08699644672271,86.8,84.35580251344358",2023-12-13 12:24:15
4959089,The Fund For Peace,Fragile State Index,P1: State Legitimacy,2023,104,199,8,0.91001,2012,"2.2,1.9,1.8,1.5,1.2,1.0,0.7,0.7",2013,"7.3,7.2,6.9,7.1,6.9,6.6000000000000005,6.3,6.0",2023-12-18 15:59:37
2526287,The Fund For Peace,Fragile State Index,C3: Group Grievance,2023,104,209,8,0.90229,2013,"1.6,1.6,1.9,1.6,1.4,1.1,1.0,0.7",2016,"9.9,9.7,9.7,9.4,9.1,8.8,8.5,8.6",2023-12-15 14:38:02
2885455,The Fund For Peace,Fragile State Index,E1: Economy,2023,104,209,8,0.90907,2013,"3.9,4.2,4.1,3.6,3.4,3.1,2.8,2.5",2016,"9.3,10.0,10.0,9.8,9.5,9.2,8.9,8.6",2023-12-16 07:20:36
1966964,The Fund For Peace,Fragile State Index,C1: Security Apparatus,2023,104,176,8,0.90507,2006,"1.0,1.0,1.0,1.1,1.4,1.6,1.7,1.8",2006,"2.0,2.0,2.0,2.3,2.4,2.5,2.8,2.5",2023-12-15 03:45:32
2336842,The Fund For Peace,Fragile State Index,C2: Factionalized Elites,2023,104,176,8,0.90419,2006,"1.0,1.0,1.0,1.3,1.5,1.4,1.4,1.3",2006,"3.0,3.0,3.3,3.7,3.7,3.6,3.6,3.6",2023-12-15 10:52:57
2525766,The Fund For Peace,Fragile State Index,C3: Group Grievance,2023,104,200,7,0.99261,2014,"1.6,1.9,1.6,1.4,1.1,1.0,0.7",2014,"2.8,3.1,2.8,2.6,2.3000000000000003,2.0,1.7",2023-12-15 14:37:31
2884977,The Fund For Peace,Fragile State Index,E1: Economy,2023,104,200,7,0.99404,2014,"4.2,4.1,3.6,3.4,3.1,2.8,2.5",2014,"2.8,2.5,2.2,2.0,1.7,1.4,1.1",2023-12-16 07:20:06
2525829,The Fund For Peace,Fragile State Index,C3: Group Grievance,2023,104,239,7,0.98803,2014,"1.6,1.9,1.6,1.4,1.1,1.0,0.7",2014,"7.4,7.6,7.3,7.1,6.9,6.6,6.3",2023-12-15 14:37:35
2885010,The Fund For Peace,Fragile State Index,E1: Economy,2023,104,239,7,0.99277,2014,"4.2,4.1,3.6,3.4,3.1,2.8,2.5",2014,"7.1,6.8,6.5,6.3,6.1,5.8,5.5",2023-12-16 07:20:08
2525784,The Fund For Peace,Fragile State Index,C3: Group Grievance,2023,104,156,7,1.0,2014,"1.6,1.9,1.6,1.4,1.1,1.0,0.7",2014,"3.8,4.1,3.8,3.6,3.3000000000000003,3.2,2.9000000000000004",2023-12-15 14:37:32
2884983,The Fund For Peace,Fragile State Index,E1: Economy,2023,104,156,7,0.97037,2014,"4.2,4.1,3.6,3.4,3.1,2.8,2.5",2014,"3.9,3.9,3.8,3.6,3.3000000000000003,3.2,2.9000000000000004",2023-12-16 07:20:07
1966835,The Fund For Peace,Fragile State Index,C1: Security Apparatus,2023,104,35,7,0.98312,2006,"1.0,1.0,1.0,1.1,1.4,1.6,1.7",2012,"7.1,7.2,6.9,7.4,8.1,8.4,8.5",2023-12-15 03:45:23
2336740,The Fund For Peace,Fragile State Index,C2: Factionalized Elites,2023,104,35,7,0.98204,2006,"1.0,1.0,1.0,1.3,1.5,1.4,1.4",2012,"7.3,7.3,7.3,7.8,8.1,7.8,7.8",2023-12-15 10:52:50
2525799,The Fund For Peace,Fragile State Index,C3: Group Grievance,2023,104,126,7,0.99456,2014,"1.6,1.9,1.6,1.4,1.1,1.0,0.7",2015,"4.3,4.6,4.4,4.1000000000000005,3.8,3.5975439132259592,3.3",2023-12-15 14:37:33
2884993,The Fund For Peace,Fragile State Index,E1: Economy,2023,104,126,7,0.96846,2014,"4.2,4.1,3.6,3.4,3.1,2.8,2.5",2015,"5.0,4.7,4.5,4.2,3.9,3.6,3.7",2023-12-16 07:20:07
2525905,The Fund For Peace,Fragile State Index,C3: Group Grievance,2023,104,15,7,0.9667,2014,"1.6,1.9,1.6,1.4,1.1,1.0,0.7",2009,"7.9,7.9,7.5,7.2,6.9,6.7,6.4",2023-12-15 14:37:39
2885103,The Fund For Peace,Fragile State Index,E1: Economy,2023,104,15,7,0.99533,2014,"4.2,4.1,3.6,3.4,3.1,2.8,2.5",2009,"6.1,5.9,5.5,5.2,4.7,4.4,4.1",2023-12-16 07:20:14
2525944,The Fund For Peace,Fragile State Index,C3: Group Grievance,2023,104,38,7,0.98281,2014,"1.6,1.9,1.6,1.4,1.1,1.0,0.7",2014,"7.3,7.4,7.1,6.9,6.6000000000000005,6.3,6.0",2023-12-15 14:37:41
2885184,The Fund For Peace,Fragile State Index,E1: Economy,2023,104,38,7,0.97237,2014,"4.2,4.1,3.6,3.4,3.1,2.8,2.5",2014,"6.1,6.4,5.9,5.7,5.495624345091951,5.3,5.0",2023-12-16 07:20:19
493657,The Fund For Peace,Fragile State Index,Total,2023,104,200,7,0.9733,2011,"25.3,26.5,24.8,26.1,24.6,22.5,22.3",2011,"35.1,35.6,34.0,35.9,34.4,32.9,32.5",2023-12-13 12:22:30
7094473,The Fund For Peace,Fragile State Index,X1: External Intervention,2023,104,200,7,0.97705,2011,"2.4,2.4,2.2,2.0,1.9,1.6,1.4",2011,"2.8,2.5,2.2,2.0,1.7,1.4,1.2",2023-12-20 12:40:16
2525918,The Fund For Peace,Fragile State Index,C3: Group Grievance,2023,104,243,7,0.95651,2014,"1.6,1.9,1.6,1.4,1.1,1.0,0.7",2014,"6.0,6.5,6.2,6.0,5.7,5.8,5.5",2023-12-15 14:37:39
2885121,The Fund For Peace,Fragile State Index,E1: Economy,2023,104,243,7,0.9888,2014,"4.2,4.1,3.6,3.4,3.1,2.8,2.5",2014,"5.7,5.8,5.3,5.1,4.8,4.3,4.0",2023-12-16 07:20:15
2525701,The Fund For Peace,Fragile State Index,C3: Group Grievance,2023,104,29,7,0.99261,2014,"1.6,1.9,1.6,1.4,1.1,1.0,0.7",2014,"5.1,5.4,5.1,4.9,4.6000000000000005,4.3,4.0",2023-12-15 14:37:28
2884912,The Fund For Peace,Fragile State Index,E1: Economy,2023,104,29,7,0.95136,2014,"4.2,4.1,3.6,3.4,3.1,2.8,2.5",2014,"6.4,6.3,6.0,5.8,5.68603888106562,5.8,5.5",2023-12-16 07:20:02
2525909,The Fund For Peace,Fragile State Index,C3: Group Grievance,2023,104,54,7,0.96855,2014,"1.6,1.9,1.6,1.4,1.1,1.0,0.7",2012,"4.8,4.8,4.8,4.5,4.2,4.0,3.7",2023-12-15 14:37:39
2885110,The Fund For Peace,Fragile State Index,E1: Economy,2023,104,54,7,0.97323,2014,"4.2,4.1,3.6,3.4,3.1,2.8,2.5",2012,"5.5,5.2,4.8,4.5,4.2,4.0,4.008166869626702",2023-12-16 07:20:14
2525924,The Fund For Peace,Fragile State Index,C3: Group Grievance,2023,104,26,7,0.96703,2014,"1.6,1.9,1.6,1.4,1.1,1.0,0.7",2009,"7.5,7.7,7.7,7.4,7.1,6.8,6.5",2023-12-15 14:37:40
2885131,The Fund For Peace,Fragile State Index,E1: Economy,2023,104,26,7,0.97384,2014,"4.2,4.1,3.6,3.4,3.1,2.8,2.5",2009,"7.0,6.8,6.5,6.5,6.2,5.9,5.4",2023-12-16 07:20:16
493950,The Fund For Peace,Fragile State Index,Total,2023,104,114,7,0.96792,2011,"25.3,26.5,24.8,26.1,24.6,22.5,22.3",2015,"97.3,98.3,96.4,97.38051499327098,93.5,90.31586992597772,89.2",2023-12-13 12:22:50
7094618,The Fund For Peace,Fragile State Index,X1: External Intervention,2023,104,114,7,0.97062,2011,"2.4,2.4,2.2,2.0,1.9,1.6,1.4",2015,"8.0,8.3,8.1,7.8,7.5,7.2,6.9",2023-12-20 12:40:26
2525842,The Fund For Peace,Fragile State Index,C3: Group Grievance,2023,104,114,7,0.96211,2014,"1.6,1.9,1.6,1.4,1.1,1.0,0.7",2015,"9.0,9.1,8.9,8.9,8.6,8.299999999999999,8.0",2023-12-15 14:37:35
2885043,The Fund For Peace,Fragile State Index,E1: Economy,2023,104,114,7,0.97574,2014,"4.2,4.1,3.6,3.4,3.1,2.8,2.5",2015,"7.5,7.4,6.9,7.0,6.6,6.529169236421345,6.4",2023-12-16 07:20:10
2525831,The Fund For Peace,Fragile State Index,C3: Group Grievance,2023,104,239,7,0.94736,2014,"1.6,1.9,1.6,1.4,1.1,1.0,0.7",2016,"7.3,7.1,6.9,6.6,6.3,6.0,5.7",2023-12-15 14:37:35
2885012,The Fund For Peace,Fragile State Index,E1: Economy,2023,104,239,7,0.98958,2014,"4.2,4.1,3.6,3.4,3.1,2.8,2.5",2016,"6.5,6.3,6.1,5.8,5.5,5.4,5.1",2023-12-16 07:20:08
3468562,The Fund For Peace,Fragile State Index,E2: Economic Inequality,2023,104,73,7,0.96691,2007,"2.9,3.0,3.0,2.8,2.6,2.7,2.5",2007,"1.9,1.9,1.9,1.7,1.3,1.3,1.0",2023-12-16 18:11:00
6659393,The Fund For Peace,Fragile State Index,S2: Refugees and IDPs,2023,104,73,7,0.96995,2007,"1.5,1.5,1.5,1.6,2.0,1.7,1.4",2007,"1.6,1.6,1.6,1.7,2.1,1.9,1.6",2023-12-20 04:16:04
2525925,The Fund For Peace,Fragile State Index,C3: Group Grievance,2023,104,26,7,0.97252,2014,"1.6,1.9,1.6,1.4,1.1,1.0,0.7",2010,"7.7,7.7,7.4,7.1,6.8,6.5,6.2",2023-12-15 14:37:40
2885132,The Fund For Peace,Fragile State Index,E1: Economy,2023,104,26,7,0.96361,2014,"4.2,4.1,3.6,3.4,3.1,2.8,2.5",2010,"6.8,6.5,6.5,6.2,5.9,5.4,5.1",2023-12-16 07:20:16
1966770,The Fund For Peace,Fragile State Index,C1: Security Apparatus,2023,104,153,7,0.9978,2006,"1.0,1.0,1.0,1.1,1.4,1.6,1.7",2007,"1.0,1.0,1.0,1.1,1.4,1.7,1.8",2023-12-15 03:45:20
2336688,The Fund For Peace,Fragile State Index,C2: Factionalized Elites,2023,104,153,7,0.9381,2006,"1.0,1.0,1.0,1.3,1.5,1.4,1.4",2007,"1.0,1.0,1.4,1.7,2.4,2.4,2.6",2023-12-15 10:52:46
494479,The Fund For Peace,Fragile State Index,Total,2023,104,127,7,0.96332,2011,"25.3,26.5,24.8,26.1,24.6,22.5,22.3",2013,"23.3,24.6,22.1,24.1,23.4,20.757276455472248,20.4",2023-12-13 12:23:26
7094843,The Fund For Peace,Fragile State Index,X1: External Intervention,2023,104,127,7,0.97173,2011,"2.4,2.4,2.2,2.0,1.9,1.6,1.4",2013,"2.0,1.9,1.6,1.3,1.1,0.8,0.8",2023-12-20 12:40:40
2525921,The Fund For Peace,Fragile State Index,C3: Group Grievance,2023,104,220,7,0.98335,2014,"1.6,1.9,1.6,1.4,1.1,1.0,0.7",2012,"5.8,6.0,5.9,5.7,5.4,5.2,4.9",2023-12-15 14:37:40
2885127,The Fund For Peace,Fragile State Index,E1: Economy,2023,104,220,7,0.95116,2014,"4.2,4.1,3.6,3.4,3.1,2.8,2.5",2012,"6.9,6.8,6.7,6.7,6.4,6.2,6.26057602971615",2023-12-16 07:20:15
2525865,The Fund For Peace,Fragile State Index,C3: Group Grievance,2023,104,94,7,0.9523,2014,"1.6,1.9,1.6,1.4,1.1,1.0,0.7",2013,"7.0,7.0,6.7,6.7,6.5,6.2,5.9",2023-12-15 14:37:37
2885076,The Fund For Peace,Fragile State Index,E1: Economy,2023,104,94,7,0.9804,2014,"4.2,4.1,3.6,3.4,3.1,2.8,2.5",2013,"9.7,9.4,9.1,8.9,8.7,8.399999999999999,8.4",2023-12-16 07:20:12
1966831,The Fund For Peace,Fragile State Index,C1: Security Apparatus,2023,104,236,7,0.96066,2006,"1.0,1.0,1.0,1.1,1.4,1.6,1.7",2017,"3.2,3.464329018518069,3.5,3.8,4.3,5.0,4.7",2023-12-15 03:45:23
2336731,The Fund For Peace,Fragile State Index,C2: Factionalized Elites,2023,104,236,7,0.96981,2006,"1.0,1.0,1.0,1.3,1.5,1.4,1.4",2017,"5.3,5.8,5.8,6.8,7.3,7.3,7.3",2023-12-15 10:52:49
2525849,The Fund For Peace,Fragile State Index,C3: Group Grievance,2023,104,103,7,0.96095,2014,"1.6,1.9,1.6,1.4,1.1,1.0,0.7",2014,"10.0,10.0,9.8,9.6,9.3,8.8,8.5",2023-12-15 14:37:36
2885068,The Fund For Peace,Fragile State Index,E1: Economy,2023,104,103,7,0.96734,2014,"4.2,4.1,3.6,3.4,3.1,2.8,2.5",2014,"7.0,6.9,6.8,6.6,6.303366593842785,5.9,5.6000000000000005",2023-12-16 07:20:12
2525832,The Fund For Peace,Fragile State Index,C3: Group Grievance,2023,104,239,7,0.94501,2014,"1.6,1.9,1.6,1.4,1.1,1.0,0.7",2017,"7.1,6.9,6.6,6.3,6.0,5.7,5.4",2023-12-15 14:37:35
2885013,The Fund For Peace,Fragile State Index,E1: Economy,2023,104,239,7,0.98061,2014,"4.2,4.1,3.6,3.4,3.1,2.8,2.5",2017,"6.3,6.1,5.8,5.5,5.4,5.1,5.1",2023-12-16 07:20:08
1966742,The Fund For Peace,Fragile State Index,C1: Security Apparatus,2023,104,82,7,0.93277,2006,"1.0,1.0,1.0,1.1,1.4,1.6,1.7",2009,"2.4,2.6,3.0,3.3,3.8,4.1,4.1",2023-12-15 03:45:18
2336660,The Fund For Peace,Fragile State Index,C2: Factionalized Elites,2023,104,82,7,0.99098,2006,"1.0,1.0,1.0,1.3,1.5,1.4,1.4",2009,"4.2,4.2,4.2,4.7,5.0,5.0,4.9",2023-12-15 10:52:44
2525725,The Fund For Peace,Fragile State Index,C3: Group Grievance,2023,104,82,7,0.97404,2014,"1.6,1.9,1.6,1.4,1.1,1.0,0.7",2015,"4.6,4.6,4.4,4.1000000000000005,3.8,3.5,3.2",2023-12-15 14:37:29
2884928,The Fund For Peace,Fragile State Index,E1: Economy,2023,104,82,7,0.94733,2014,"4.2,4.1,3.6,3.4,3.1,2.8,2.5",2015,"6.3,6.6,6.1,6.0,5.7,5.4,5.5",2023-12-16 07:20:03
2525840,The Fund For Peace,Fragile State Index,C3: Group Grievance,2023,104,63,7,0.96817,2014,"1.6,1.9,1.6,1.4,1.1,1.0,0.7",2017,"8.8,8.9,8.9,8.6,8.3,8.0,7.7",2023-12-15 14:37:35
2885037,The Fund For Peace,Fragile State Index,E1: Economy,2023,104,63,7,0.95137,2014,"4.2,4.1,3.6,3.4,3.1,2.8,2.5",2017,"8.2,7.899999999999999,7.9,7.6,7.3,7.0,7.1",2023-12-16 07:20:10
2525955,The Fund For Peace,Fragile State Index,C3: Group Grievance,2023,104,20,7,0.97252,2014,"1.6,1.9,1.6,1.4,1.1,1.0,0.7",2016,"7.1,7.1,6.8,6.5,6.2,5.9,5.6",2023-12-15 14:37:42
2885187,The Fund For Peace,Fragile State Index,E1: Economy,2023,104,20,7,0.94692,2014,"4.2,4.1,3.6,3.4,3.1,2.8,2.5",2016,"6.2,6.0,5.540714332483349,5.2,4.9,5.1,4.8",2023-12-16 07:20:19
2525995,The Fund For Peace,Fragile State Index,C3: Group Grievance,2023,104,234,7,0.97132,2014,"1.6,1.9,1.6,1.4,1.1,1.0,0.7",2012,"4.3,4.3,4.0,3.9,3.6,3.4,3.1",2023-12-15 14:37:45
2885221,The Fund For Peace,Fragile State Index,E1: Economy,2023,104,234,7,0.94643,2014,"4.2,4.1,3.6,3.4,3.1,2.8,2.5",2012,"3.9,3.5,3.4,2.9,2.6,2.4,2.5",2023-12-16 07:20:21
493521,The Fund For Peace,Fragile State Index,Total,2023,104,181,7,0.94904,2011,"25.3,26.5,24.8,26.1,24.6,22.5,22.3",2008,"59.9,61.3,60.2,59.8,59.5,57.4,56.9",2023-12-13 12:22:21
7094401,The Fund For Peace,Fragile State Index,X1: External Intervention,2023,104,181,7,0.96853,2011,"2.4,2.4,2.2,2.0,1.9,1.6,1.4",2008,"5.4,5.5,5.5,5.2,4.9,4.6,4.3",2023-12-20 12:40:11
2525791,The Fund For Peace,Fragile State Index,C3: Group Grievance,2023,104,73,7,0.98594,2014,"1.6,1.9,1.6,1.4,1.1,1.0,0.7",2015,"1.6,2.0,1.8,1.5,1.2,0.8999999999999999,0.6",2023-12-15 14:37:32
2884984,The Fund For Peace,Fragile State Index,E1: Economy,2023,104,73,7,0.93156,2014,"4.2,4.1,3.6,3.4,3.1,2.8,2.5",2015,"3.8,3.7,3.5,3.2,2.9,2.6,2.9",2023-12-16 07:20:07
1966812,The Fund For Peace,Fragile State Index,C1: Security Apparatus,2023,104,10,7,0.98704,2006,"1.0,1.0,1.0,1.1,1.4,1.6,1.7",2006,"2.0,1.9,1.9,2.1,2.4,2.7,3.0",2023-12-15 03:45:22
2336720,The Fund For Peace,Fragile State Index,C2: Factionalized Elites,2023,104,10,7,0.93034,2006,"1.0,1.0,1.0,1.3,1.5,1.4,1.4",2006,"2.8,2.7,2.7,3.1,3.2,3.0,3.0",2023-12-15 10:52:49
2526044,The Fund For Peace,Fragile State Index,C3: Group Grievance,2023,104,209,7,0.93437,2014,"1.6,1.9,1.6,1.4,1.1,1.0,0.7",2017,"9.7,9.7,9.4,9.1,8.8,8.5,8.6",2023-12-15 14:37:48
2885236,The Fund For Peace,Fragile State Index,E1: Economy,2023,104,209,7,0.98275,2014,"4.2,4.1,3.6,3.4,3.1,2.8,2.5",2017,"10.0,10.0,9.8,9.5,9.2,8.9,8.6",2023-12-16 07:20:22
2525864,The Fund For Peace,Fragile State Index,C3: Group Grievance,2023,104,94,7,0.94338,2014,"1.6,1.9,1.6,1.4,1.1,1.0,0.7",2012,"7.0,7.0,7.0,6.7,6.7,6.5,6.2",2023-12-15 14:37:37
2885075,The Fund For Peace,Fragile State Index,E1: Economy,2023,104,94,7,0.97364,2014,"4.2,4.1,3.6,3.4,3.1,2.8,2.5",2012,"9.5,9.7,9.4,9.1,8.9,8.7,8.399999999999999",2023-12-16 07:20:12
2525979,The Fund For Peace,Fragile State Index,C3: Group Grievance,2023,104,93,7,0.95543,2014,"1.6,1.9,1.6,1.4,1.1,1.0,0.7",2017,"6.7,7.0,6.7,6.4,6.5,6.2,5.9",2023-12-15 14:37:44
2885198,The Fund For Peace,Fragile State Index,E1: Economy,2023,104,93,7,0.95925,2014,"4.2,4.1,3.6,3.4,3.1,2.8,2.5",2017,"6.0,6.082149789170812,5.8,5.5,4.5,4.0,3.5",2023-12-16 07:20:20
2525800,The Fund For Peace,Fragile State Index,C3: Group Grievance,2023,104,126,7,0.9384,2014,"1.6,1.9,1.6,1.4,1.1,1.0,0.7",2016,"4.6,4.4,4.1000000000000005,3.8,3.5975439132259592,3.3,3.0",2023-12-15 14:37:33
2884994,The Fund For Peace,Fragile State Index,E1: Economy,2023,104,126,7,0.97554,2014,"4.2,4.1,3.6,3.4,3.1,2.8,2.5",2016,"4.7,4.5,4.2,3.9,3.6,3.7,3.2",2023-12-16 07:20:07
2525830,The Fund For Peace,Fragile State Index,C3: Group Grievance,2023,104,239,7,0.92693,2014,"1.6,1.9,1.6,1.4,1.1,1.0,0.7",2015,"7.6,7.3,7.1,6.9,6.6,6.3,6.0",2023-12-15 14:37:35
2885011,The Fund For Peace,Fragile State Index,E1: Economy,2023,104,239,7,0.98686,2014,"4.2,4.1,3.6,3.4,3.1,2.8,2.5",2015,"6.8,6.5,6.3,6.1,5.8,5.5,5.4",2023-12-16 07:20:08
2526003,The Fund For Peace,Fragile State Index,C3: Group Grievance,2023,104,72,7,0.93088,2014,"1.6,1.9,1.6,1.4,1.1,1.0,0.7",2013,"7.3,7.3,7.0,7.1,6.9,6.6000000000000005,6.3",2023-12-15 14:37:45
2885225,The Fund For Peace,Fragile State Index,E1: Economy,2023,104,72,7,0.97954,2014,"4.2,4.1,3.6,3.4,3.1,2.8,2.5",2013,"7.3,7.0,6.7,6.7,6.5,6.235548067320703,5.9",2023-12-16 07:20:22
2525828,The Fund For Peace,Fragile State Index,C3: Group Grievance,2023,104,239,7,0.9136,2014,"1.6,1.9,1.6,1.4,1.1,1.0,0.7",2013,"7.5,7.4,7.6,7.3,7.1,6.9,6.6",2023-12-15 14:37:34
2885009,The Fund For Peace,Fragile State Index,E1: Economy,2023,104,239,7,0.99623,2014,"4.2,4.1,3.6,3.4,3.1,2.8,2.5",2013,"7.2,7.1,6.8,6.5,6.3,6.1,5.8",2023-12-16 07:20:08
493898,The Fund For Peace,Fragile State Index,Total,2023,104,152,7,0.91316,2011,"25.3,26.5,24.8,26.1,24.6,22.5,22.3",2014,"91.0,90.5,91.2,91.0,87.87642693759165,84.7,82.56660214637142",2023-12-13 12:22:47
7094592,The Fund For Peace,Fragile State Index,X1: External Intervention,2023,104,152,7,0.99589,2011,"2.4,2.4,2.2,2.0,1.9,1.6,1.4",2014,"7.3,7.4,7.1,6.9,6.811682630531924,6.5,6.2",2023-12-20 12:40:24
494051,The Fund For Peace,Fragile State Index,Total,2023,104,1,7,0.91758,2011,"25.3,26.5,24.8,26.1,24.6,22.5,22.3",2015,"107.9,107.9,107.3,106.62076809859944,105.0,102.90118710068992,102.1",2023-12-13 12:22:57
7094653,The Fund For Peace,Fragile State Index,X1: External Intervention,2023,104,1,7,0.9912,2011,"2.4,2.4,2.2,2.0,1.9,1.6,1.4",2015,"9.8,9.9,9.7,9.4,9.1,8.63212854734157,8.3",2023-12-20 12:40:28
1966747,The Fund For Peace,Fragile State Index,C1: Security Apparatus,2023,104,221,7,0.94945,2006,"1.0,1.0,1.0,1.1,1.4,1.6,1.7",2011,"7.6,7.3,7.8,7.9,8.9,9.2,9.0",2023-12-15 03:45:18
2336670,The Fund For Peace,Fragile State Index,C2: Factionalized Elites,2023,104,221,7,0.95919,2006,"1.0,1.0,1.0,1.3,1.5,1.4,1.4",2011,"8.5,8.8,8.8,9.5,10.0,9.7,9.4",2023-12-15 10:52:45
493811,The Fund For Peace,Fragile State Index,Total,2023,104,81,7,0.9454,2011,"25.3,26.5,24.8,26.1,24.6,22.5,22.3",2013,"29.7,30.6,28.1,28.6,28.1,25.83337235566515,24.7",2023-12-13 12:22:40
7094561,The Fund For Peace,Fragile State Index,X1: External Intervention,2023,104,81,7,0.96267,2011,"2.4,2.4,2.2,2.0,1.9,1.6,1.4",2013,"1.4,1.6,1.3,1.0,1.0,0.7,0.7",2023-12-20 12:40:22
494266,The Fund For Peace,Fragile State Index,Total,2023,104,219,7,0.9269,2011,"25.3,26.5,24.8,26.1,24.6,22.5,22.3",2013,"85.2,84.6,83.4,83.8,81.8,79.5020376295363,77.7",2023-12-13 12:23:12
7094760,The Fund For Peace,Fragile State Index,X1: External Intervention,2023,104,219,7,0.98052,2011,"2.4,2.4,2.2,2.0,1.9,1.6,1.4",2013,"6.4,6.7,6.4,6.1,5.9,5.600030914735103,5.3",2023-12-20 12:40:35
2525935,The Fund For Peace,Fragile State Index,C3: Group Grievance,2023,104,219,7,0.93362,2014,"1.6,1.9,1.6,1.4,1.1,1.0,0.7",2015,"7.3,7.6,7.4,7.1000000000000005,6.8,6.5,6.7",2023-12-15 14:37:41
2885148,The Fund For Peace,Fragile State Index,E1: Economy,2023,104,219,7,0.97257,2014,"4.2,4.1,3.6,3.4,3.1,2.8,2.5",2015,"7.4,7.5,7.3,7.0,6.7,6.4,6.3",2023-12-16 07:20:17
3468583,The Fund For Peace,Fragile State Index,E2: Economic Inequality,2023,104,210,7,0.93671,2007,"2.9,3.0,3.0,2.8,2.6,2.7,2.5",2008,"5.0,5.2,5.0,4.7,4.4,4.1,3.8",2023-12-16 18:11:01
4491231,The Fund For Peace,Fragile State Index,E3: Human Flight and Brain Drain,2023,104,210,7,0.96905,2007,"2.1,2.0,2.0,2.0,2.4,3.0,2.8",2008,"1.6,1.7,1.8,1.9,2.3,3.0,2.7",2023-12-18 07:20:09
493707,The Fund For Peace,Fragile State Index,Total,2023,104,216,7,0.9425,2011,"25.3,26.5,24.8,26.1,24.6,22.5,22.3",2013,"21.5,23.3,22.3,21.8,21.1,19.20952631375106,18.7",2023-12-13 12:22:33
7094516,The Fund For Peace,Fragile State Index,X1: External Intervention,2023,104,216,7,0.96267,2011,"2.4,2.4,2.2,2.0,1.9,1.6,1.4",2013,"1.4,1.6,1.3,1.0,1.0,0.7,0.7",2023-12-20 12:40:19
4491215,The Fund For Peace,Fragile State Index,E3: Human Flight and Brain Drain,2023,104,21,7,0.94124,2007,"2.1,2.0,2.0,2.0,2.4,3.0,2.8",2007,"1.1,1.1,1.3,1.3,1.6,1.9,1.8",2023-12-18 07:20:08
6659391,The Fund For Peace,Fragile State Index,S2: Refugees and IDPs,2023,104,21,7,0.96371,2007,"1.5,1.5,1.5,1.6,2.0,1.7,1.4",2007,"1.6,1.6,1.7,1.8,2.1,1.9,1.6",2023-12-20 04:16:04
2525988,The Fund For Peace,Fragile State Index,C3: Group Grievance,2023,104,179,7,0.91192,2014,"1.6,1.9,1.6,1.4,1.1,1.0,0.7",2013,"4.9,4.9,4.6,4.6,4.6,4.3,4.0",2023-12-15 14:37:44
2885216,The Fund For Peace,Fragile State Index,E1: Economy,2023,104,179,7,0.99238,2014,"4.2,4.1,3.6,3.4,3.1,2.8,2.5",2013,"2.9,2.9,2.6,2.3,2.1,1.8,1.5",2023-12-16 07:20:21
2525848,The Fund For Peace,Fragile State Index,C3: Group Grievance,2023,104,103,7,0.93834,2014,"1.6,1.9,1.6,1.4,1.1,1.0,0.7",2013,"10.0,10.0,10.0,9.8,9.6,9.3,8.8",2023-12-15 14:37:36
2885067,The Fund For Peace,Fragile State Index,E1: Economy,2023,104,103,7,0.96388,2014,"4.2,4.1,3.6,3.4,3.1,2.8,2.5",2013,"7.3,7.0,6.9,6.8,6.6,6.303366593842785,5.9",2023-12-16 07:20:12
2525838,The Fund For Peace,Fragile State Index,C3: Group Grievance,2023,104,35,7,0.97392,2014,"1.6,1.9,1.6,1.4,1.1,1.0,0.7",2012,"5.2,5.3,5.3,5.0,4.7,4.5,4.2",2023-12-15 14:37:35
2885034,The Fund For Peace,Fragile State Index,E1: Economy,2023,104,35,7,0.92808,2014,"4.2,4.1,3.6,3.4,3.1,2.8,2.5",2012,"7.7,7.7,7.4,7.1,6.5,6.3,6.6",2023-12-16 07:20:10
1966779,The Fund For Peace,Fragile State Index,C1: Security Apparatus,2023,104,40,7,0.95213,2006,"1.0,1.0,1.0,1.1,1.4,1.6,1.7",2006,"1.0,1.0,1.0,1.1,1.2,1.5,1.8",2023-12-15 03:45:20
2336697,The Fund For Peace,Fragile State Index,C2: Factionalized Elites,2023,104,40,7,0.94902,2006,"1.0,1.0,1.0,1.3,1.5,1.4,1.4",2006,"1.6,1.6,1.8,2.4,2.4,2.5,2.5",2023-12-15 10:52:47
493681,The Fund For Peace,Fragile State Index,Total,2023,104,58,7,0.95129,2011,"25.3,26.5,24.8,26.1,24.6,22.5,22.3",2013,"21.9,22.8,21.4,21.5,21.5,19.785177227543933,19.5",2023-12-13 12:22:31
7094496,The Fund For Peace,Fragile State Index,X1: External Intervention,2023,104,58,7,0.94926,2011,"2.4,2.4,2.2,2.0,1.9,1.6,1.4",2013,"2.0,1.9,1.4,1.1,1.0,0.7,0.7",2023-12-20 12:40:17
494247,The Fund For Peace,Fragile State Index,Total,2023,104,119,7,0.91966,2011,"25.3,26.5,24.8,26.1,24.6,22.5,22.3",2013,"83.7,84.3,84.4,84.4,82.4,80.72431003670523,78.7",2023-12-13 12:23:11
7094745,The Fund For Peace,Fragile State Index,X1: External Intervention,2023,104,119,7,0.98052,2011,"2.4,2.4,2.2,2.0,1.9,1.6,1.4",2013,"6.6,6.9,6.6,6.3,6.1,5.8,5.5",2023-12-20 12:40:33
2525898,The Fund For Peace,Fragile State Index,C3: Group Grievance,2023,104,142,7,0.97255,2014,"1.6,1.9,1.6,1.4,1.1,1.0,0.7",2007,"7.3,7.3,7.1,6.9,6.6,6.3,6.0",2023-12-15 14:37:38
2885093,The Fund For Peace,Fragile State Index,E1: Economy,2023,104,142,7,0.92756,2014,"4.2,4.1,3.6,3.4,3.1,2.8,2.5",2007,"7.5,7.2,6.8,7.0,6.7,6.2,6.4",2023-12-16 07:20:13
2525997,The Fund For Peace,Fragile State Index,C3: Group Grievance,2023,104,234,7,0.95832,2014,"1.6,1.9,1.6,1.4,1.1,1.0,0.7",2014,"4.0,3.9,3.6,3.4,3.1,2.8,2.5",2023-12-15 14:37:45
2885223,The Fund For Peace,Fragile State Index,E1: Economy,2023,104,234,7,0.941,2014,"4.2,4.1,3.6,3.4,3.1,2.8,2.5",2014,"3.4,2.9,2.6,2.4,2.5,2.2,1.9",2023-12-16 07:20:21
2525897,The Fund For Peace,Fragile State Index,C3: Group Grievance,2023,104,142,7,0.95188,2014,"1.6,1.9,1.6,1.4,1.1,1.0,0.7",2006,"7.3,7.3,7.3,7.1,6.9,6.6,6.3",2023-12-15 14:37:38
2885092,The Fund For Peace,Fragile State Index,E1: Economy,2023,104,142,7,0.94721,2014,"4.2,4.1,3.6,3.4,3.1,2.8,2.5",2006,"7.5,7.5,7.2,6.8,7.0,6.7,6.2",2023-12-16 07:20:13
2525987,The Fund For Peace,Fragile State Index,C3: Group Grievance,2023,104,179,7,0.92552,2014,"1.6,1.9,1.6,1.4,1.1,1.0,0.7",2012,"4.9,4.9,4.9,4.6,4.6,4.6,4.3",2023-12-15 14:37:44
2885215,The Fund For Peace,Fragile State Index,E1: Economy,2023,104,179,7,0.97246,2014,"4.2,4.1,3.6,3.4,3.1,2.8,2.5",2012,"3.2,2.9,2.9,2.6,2.3,2.1,1.8",2023-12-16 07:20:21
2525894,The Fund For Peace,Fragile State Index,C3: Group Grievance,2023,104,223,7,0.92966,2014,"1.6,1.9,1.6,1.4,1.1,1.0,0.7",2009,"5.8,5.6,5.4,5.1,4.8,4.8,4.5",2023-12-15 14:37:38
2885088,The Fund For Peace,Fragile State Index,E1: Economy,2023,104,223,7,0.96798,2014,"4.2,4.1,3.6,3.4,3.1,2.8,2.5",2009,"8.2,8.0,8.0,7.7,7.4,7.1,6.8",2023-12-16 07:20:13
493934,The Fund For Peace,Fragile State Index,Total,2023,104,101,7,0.90331,2011,"25.3,26.5,24.8,26.1,24.6,22.5,22.3",2008,"83.3,84.1,83.1,81.6,80.6,78.2,76.8",2023-12-13 12:22:49
7094608,The Fund For Peace,Fragile State Index,X1: External Intervention,2023,104,101,7,0.99411,2011,"2.4,2.4,2.2,2.0,1.9,1.6,1.4",2008,"6.9,6.9,6.7,6.5,6.2,5.9,5.6",2023-12-20 12:40:25
2525954,The Fund For Peace,Fragile State Index,C3: Group Grievance,2023,104,20,7,0.95966,2014,"1.6,1.9,1.6,1.4,1.1,1.0,0.7",2015,"6.8,7.1,7.1,6.8,6.5,6.2,5.9",2023-12-15 14:37:42
2885186,The Fund For Peace,Fragile State Index,E1: Economy,2023,104,20,7,0.93739,2014,"4.2,4.1,3.6,3.4,3.1,2.8,2.5",2015,"6.1,6.2,6.0,5.540714332483349,5.2,4.9,5.1",2023-12-16 07:20:19
3468491,The Fund For Peace,Fragile State Index,E2: Economic Inequality,2023,104,124,7,0.92209,2007,"2.9,3.0,3.0,2.8,2.6,2.7,2.5",2010,"6.9,6.9,7.0,6.7,6.4,6.1,5.8",2023-12-16 18:10:56
4491187,The Fund For Peace,Fragile State Index,E3: Human Flight and Brain Drain,2023,104,124,7,0.97353,2007,"2.1,2.0,2.0,2.0,2.4,3.0,2.8",2010,"4.2,3.9,3.9,4.2,5.5,6.4,6.5",2023-12-18 07:20:07
2525853,The Fund For Peace,Fragile State Index,C3: Group Grievance,2023,104,250,7,0.99049,2014,"1.6,1.9,1.6,1.4,1.1,1.0,0.7",2010,"8.8,9.0,8.7,8.4,8.1,7.8,7.5",2023-12-15 14:37:36
2885072,The Fund For Peace,Fragile State Index,E1: Economy,2023,104,250,7,0.90459,2014,"4.2,4.1,3.6,3.4,3.1,2.8,2.5",2010,"9.6,9.0,8.9,8.6,8.3,8.0,8.3",2023-12-16 07:20:12
494565,The Fund For Peace,Fragile State Index,Total,2023,104,129,7,0.90907,2011,"25.3,26.5,24.8,26.1,24.6,22.5,22.3",2015,"83.6,84.2,84.0,83.57162962089447,80.9,79.53029880171496,79.49999999999999",2023-12-13 12:23:31
7094891,The Fund For Peace,Fragile State Index,X1: External Intervention,2023,104,129,7,0.98448,2011,"2.4,2.4,2.2,2.0,1.9,1.6,1.4",2015,"7.3,7.0,6.8,6.5,6.2,5.9,5.6",2023-12-20 12:40:43
2525993,The Fund For Peace,Fragile State Index,C3: Group Grievance,2023,104,234,7,0.94313,2014,"1.6,1.9,1.6,1.4,1.1,1.0,0.7",2010,"4.7,4.6,4.3,4.3,4.0,3.9,3.6",2023-12-15 14:37:45
2885219,The Fund For Peace,Fragile State Index,E1: Economy,2023,104,234,7,0.95039,2014,"4.2,4.1,3.6,3.4,3.1,2.8,2.5",2010,"3.9,4.2,3.9,3.5,3.4,2.9,2.6",2023-12-16 07:20:21
493433,The Fund For Peace,Fragile State Index,Total,2023,104,131,7,0.90321,2011,"25.3,26.5,24.8,26.1,24.6,22.5,22.3",2014,"66.2,65.9,66.1,65.4,63.59483707832034,60.5,57.561895525091394",2023-12-13 12:22:16
7094365,The Fund For Peace,Fragile State Index,X1: External Intervention,2023,104,131,7,0.98957,2011,"2.4,2.4,2.2,2.0,1.9,1.6,1.4",2014,"4.1,4.2,4.0,3.8,3.5,3.2,2.9000000000000004",2023-12-20 12:40:09
2525994,The Fund For Peace,Fragile State Index,C3: Group Grievance,2023,104,234,7,0.90093,2014,"1.6,1.9,1.6,1.4,1.1,1.0,0.7",2011,"4.6,4.3,4.3,4.0,3.9,3.6,3.4",2023-12-15 14:37:45
2885220,The Fund For Peace,Fragile State Index,E1: Economy,2023,104,234,7,0.99163,2014,"4.2,4.1,3.6,3.4,3.1,2.8,2.5",2011,"4.2,3.9,3.5,3.4,2.9,2.6,2.4",2023-12-16 07:20:21
1966886,The Fund For Peace,Fragile State Index,C1: Security Apparatus,2023,104,17,7,0.92394,2006,"1.0,1.0,1.0,1.1,1.4,1.6,1.7",2008,"3.7,4.4,4.7,4.8,6.0,6.1,6.2",2023-12-15 03:45:27
2336786,The Fund For Peace,Fragile State Index,C2: Factionalized Elites,2023,104,17,7,0.96728,2006,"1.0,1.0,1.0,1.3,1.5,1.4,1.4",2008,"6.0,6.1,6.1,6.6,7.0,7.1,7.1",2023-12-15 10:52:53
2525852,The Fund For Peace,Fragile State Index,C3: Group Grievance,2023,104,250,7,0.90373,2014,"1.6,1.9,1.6,1.4,1.1,1.0,0.7",2009,"9.1,8.8,9.0,8.7,8.4,8.1,7.8",2023-12-15 14:37:36
2885071,The Fund For Peace,Fragile State Index,E1: Economy,2023,104,250,7,0.98749,2014,"4.2,4.1,3.6,3.4,3.1,2.8,2.5",2009,"10.0,9.6,9.0,8.9,8.6,8.3,8.0",2023-12-16 07:20:12
1966793,The Fund For Peace,Fragile State Index,C1: Security Apparatus,2023,104,235,7,0.97048,2006,"1.0,1.0,1.0,1.1,1.4,1.6,1.7",2014,"2.8,2.5,2.4,2.7,3.2,3.5,3.8",2023-12-15 03:45:21
2336708,The Fund For Peace,Fragile State Index,C2: Factionalized Elites,2023,104,235,7,0.91995,2006,"1.0,1.0,1.0,1.3,1.5,1.4,1.4",2014,"3.5,3.5,3.5,4.5,5.0,5.5,5.8",2023-12-15 10:52:48
2525716,The Fund For Peace,Fragile State Index,C3: Group Grievance,2023,104,34,7,0.96284,2014,"1.6,1.9,1.6,1.4,1.1,1.0,0.7",2015,"5.2,5.3,5.1,5.1,4.8,4.51611162568825,4.2",2023-12-15 14:37:28
2884921,The Fund For Peace,Fragile State Index,E1: Economy,2023,104,34,7,0.92737,2014,"4.2,4.1,3.6,3.4,3.1,2.8,2.5",2015,"6.2,5.9,5.7,5.538034641400428,5.2,4.9,5.2",2023-12-16 07:20:03
2525908,The Fund For Peace,Fragile State Index,C3: Group Grievance,2023,104,54,7,0.90144,2014,"1.6,1.9,1.6,1.4,1.1,1.0,0.7",2009,"5.5,5.5,5.1,4.8,4.8,4.8,4.5",2023-12-15 14:37:39
2885107,The Fund For Peace,Fragile State Index,E1: Economy,2023,104,54,7,0.98683,2014,"4.2,4.1,3.6,3.4,3.1,2.8,2.5",2009,"6.3,6.3,6.0,5.5,5.2,4.8,4.5",2023-12-16 07:20:14
494294,The Fund For Peace,Fragile State Index,Total,2023,104,229,7,0.90671,2011,"25.3,26.5,24.8,26.1,24.6,22.5,22.3",2013,"76.7,78.2,77.4,76.0,74.4,72.62111503765558,71.4",2023-12-13 12:23:14
7094774,The Fund For Peace,Fragile State Index,X1: External Intervention,2023,104,229,7,0.98052,2011,"2.4,2.4,2.2,2.0,1.9,1.6,1.4",2013,"4.6,4.9,4.6,4.3,4.1,3.8,3.5",2023-12-20 12:40:36
2525915,The Fund For Peace,Fragile State Index,C3: Group Grievance,2023,104,121,7,0.94354,2014,"1.6,1.9,1.6,1.4,1.1,1.0,0.7",2007,"9.0,9.4,9.2,9.0,8.7,8.4,8.5",2023-12-15 14:37:39
2885111,The Fund For Peace,Fragile State Index,E1: Economy,2023,104,121,7,0.94281,2014,"4.2,4.1,3.6,3.4,3.1,2.8,2.5",2007,"6.3,6.3,6.3,6.1,5.7,5.5,5.3",2023-12-16 07:20:15
2525996,The Fund For Peace,Fragile State Index,C3: Group Grievance,2023,104,234,7,0.92325,2014,"1.6,1.9,1.6,1.4,1.1,1.0,0.7",2013,"4.3,4.0,3.9,3.6,3.4,3.1,2.8",2023-12-15 14:37:45
2885222,The Fund For Peace,Fragile State Index,E1: Economy,2023,104,234,7,0.96055,2014,"4.2,4.1,3.6,3.4,3.1,2.8,2.5",2013,"3.5,3.4,2.9,2.6,2.4,2.5,2.2",2023-12-16 07:20:21
2525980,The Fund For Peace,Fragile State Index,C3: Group Grievance,2023,104,198,7,0.92552,2014,"1.6,1.9,1.6,1.4,1.1,1.0,0.7",2012,"4.8,4.8,4.8,4.5,4.5,4.5,4.2",2023-12-15 14:37:44
2885201,The Fund For Peace,Fragile State Index,E1: Economy,2023,104,198,7,0.95672,2014,"4.2,4.1,3.6,3.4,3.1,2.8,2.5",2012,"4.9,5.2,4.9,4.6,4.3,4.1,3.8",2023-12-16 07:20:20
4491222,The Fund For Peace,Fragile State Index,E3: Human Flight and Brain Drain,2023,104,13,7,0.95306,2007,"2.1,2.0,2.0,2.0,2.4,3.0,2.8",2006,"1.0,1.1,1.1,1.1,1.2,1.6,1.4",2023-12-18 07:20:09
5741153,The Fund For Peace,Fragile State Index,P3: Human Rights,2023,104,13,7,0.92711,2007,"1.5,1.5,1.5,1.5,1.2,1.3,1.3",2006,"2.5,2.5,2.5,2.5,2.0,1.9,2.2",2023-12-19 08:23:00
2525919,The Fund For Peace,Fragile State Index,C3: Group Grievance,2023,104,243,7,0.91192,2014,"1.6,1.9,1.6,1.4,1.1,1.0,0.7",2017,"6.0,5.7,5.8,5.5,5.2,5.1,4.8",2023-12-15 14:37:40
2885124,The Fund For Peace,Fragile State Index,E1: Economy,2023,104,243,7,0.96801,2014,"4.2,4.1,3.6,3.4,3.1,2.8,2.5",2017,"5.1,4.8,4.3,4.0,3.9,3.6,3.6",2023-12-16 07:20:15
1966876,The Fund For Peace,Fragile State Index,C1: Security Apparatus,2023,104,19,7,0.94616,2006,"1.0,1.0,1.0,1.1,1.4,1.6,1.7",2012,"4.2,4.2,4.2,4.3,4.4,4.4,4.422489135822509",2023-12-15 03:45:26
6233352,The Fund For Peace,Fragile State Index,S1: Demographic Pressures,2023,104,19,7,0.93314,2006,"2.0,1.6,1.9,1.9,2.0,2.3,2.5",2012,"4.1,3.8,4.1,3.8,4.1,4.4,4.9",2023-12-19 18:19:47
1966843,The Fund For Peace,Fragile State Index,C1: Security Apparatus,2023,104,217,7,0.95829,2006,"1.0,1.0,1.0,1.1,1.4,1.6,1.7",2009,"7.8,7.6,7.5,8.5,9.8,10.0,10.0",2023-12-15 03:45:24
2336743,The Fund For Peace,Fragile State Index,C2: Factionalized Elites,2023,104,217,7,0.92096,2006,"1.0,1.0,1.0,1.3,1.5,1.4,1.4",2009,"7.8,7.8,7.9,8.7,9.2,9.6,9.9",2023-12-15 10:52:50
1966771,The Fund For Peace,Fragile State Index,C1: Security Apparatus,2023,104,153,7,0.97098,2006,"1.0,1.0,1.0,1.1,1.4,1.6,1.7",2008,"1.0,1.0,1.1,1.4,1.7,1.8,2.1",2023-12-15 03:45:20
2336689,The Fund For Peace,Fragile State Index,C2: Factionalized Elites,2023,104,153,7,0.90812,2006,"1.0,1.0,1.0,1.3,1.5,1.4,1.4",2008,"1.0,1.4,1.7,2.4,2.4,2.6,2.6",2023-12-15 10:52:46
2525893,The Fund For Peace,Fragile State Index,C3: Group Grievance,2023,104,223,7,0.91881,2014,"1.6,1.9,1.6,1.4,1.1,1.0,0.7",2008,"6.0,5.8,5.6,5.4,5.1,4.8,4.8",2023-12-15 14:37:38
2885087,The Fund For Peace,Fragile State Index,E1: Economy,2023,104,223,7,0.95983,2014,"4.2,4.1,3.6,3.4,3.1,2.8,2.5",2008,"8.2,8.2,8.0,8.0,7.7,7.4,7.1",2023-12-16 07:20:13
494035,The Fund For Peace,Fragile State Index,Total,2023,104,205,7,0.92663,2011,"25.3,26.5,24.8,26.1,24.6,22.5,22.3",2015,"114.0,114.0,113.4,113.20079608219343,112.3,110.88895932474604,110.9",2023-12-13 12:22:56
7094646,The Fund For Peace,Fragile State Index,X1: External Intervention,2023,104,205,7,0.95196,2011,"2.4,2.4,2.2,2.0,1.9,1.6,1.4",2015,"9.5,9.5,9.3,9.08175150962284,9.2,9.041285772574858,8.9",2023-12-20 12:40:27
1966754,The Fund For Peace,Fragile State Index,C1: Security Apparatus,2023,104,140,7,0.92323,2006,"1.0,1.0,1.0,1.1,1.4,1.6,1.7",2006,"6.0,6.1,5.8,7.0,7.5,7.9,7.7",2023-12-15 03:45:19
2336679,The Fund For Peace,Fragile State Index,C2: Factionalized Elites,2023,104,140,7,0.95514,2006,"1.0,1.0,1.0,1.3,1.5,1.4,1.4",2006,"4.7,4.8,4.8,5.0,5.5,5.2,5.2",2023-12-15 10:52:46
1966891,The Fund For Peace,Fragile State Index,C1: Security Apparatus,2023,104,122,7,0.91223,2006,"1.0,1.0,1.0,1.1,1.4,1.6,1.7",2012,"5.5,5.2,4.9,5.6,5.9,6.2,6.192950347524725",2023-12-15 03:45:27
2336800,The Fund For Peace,Fragile State Index,C2: Factionalized Elites,2023,104,122,7,0.96542,2006,"1.0,1.0,1.0,1.3,1.5,1.4,1.4",2012,"7.0,7.0,7.0,7.3,7.3,7.3,7.3",2023-12-15 10:52:54
2525892,The Fund For Peace,Fragile State Index,C3: Group Grievance,2023,104,223,7,0.96953,2014,"1.6,1.9,1.6,1.4,1.1,1.0,0.7",2007,"6.0,6.0,5.8,5.6,5.4,5.1,4.8",2023-12-15 14:37:38
2885086,The Fund For Peace,Fragile State Index,E1: Economy,2023,104,223,7,0.90759,2014,"4.2,4.1,3.6,3.4,3.1,2.8,2.5",2007,"8.2,8.2,8.2,8.0,8.0,7.7,7.4",2023-12-16 07:20:13
1966889,The Fund For Peace,Fragile State Index,C1: Security Apparatus,2023,104,129,7,0.94444,2006,"1.0,1.0,1.0,1.1,1.4,1.6,1.7",2007,"6.1,5.8,5.9,6.4,6.8,6.9,7.0",2023-12-15 03:45:27
2336797,The Fund For Peace,Fragile State Index,C2: Factionalized Elites,2023,104,129,7,0.93261,2006,"1.0,1.0,1.0,1.3,1.5,1.4,1.4",2007,"6.7,7.0,7.1,7.7,8.0,7.8,7.5",2023-12-15 10:52:54
2525736,The Fund For Peace,Fragile State Index,C3: Group Grievance,2023,104,56,7,0.91689,2014,"1.6,1.9,1.6,1.4,1.1,1.0,0.7",2014,"7.3,7.0,6.5,6.3,6.0,5.7,5.4",2023-12-15 14:37:29
2884943,The Fund For Peace,Fragile State Index,E1: Economy,2023,104,56,7,0.95998,2014,"4.2,4.1,3.6,3.4,3.1,2.8,2.5",2014,"6.4,6.7,6.4,6.0,5.7,5.4,5.1000000000000005",2023-12-16 07:20:04
1966824,The Fund For Peace,Fragile State Index,C1: Security Apparatus,2023,104,236,7,0.94096,2006,"1.0,1.0,1.0,1.1,1.4,1.6,1.7",2007,"1.3,1.3,1.4,1.6,1.6,1.9,2.2",2023-12-15 03:45:23
2336729,The Fund For Peace,Fragile State Index,C2: Factionalized Elites,2023,104,236,7,0.93588,2006,"1.0,1.0,1.0,1.3,1.5,1.4,1.4",2007,"1.7,2.0,2.5,3.3,3.6,3.6,3.9",2023-12-15 10:52:49
2525942,The Fund For Peace,Fragile State Index,C3: Group Grievance,2023,104,92,7,0.97252,2014,"1.6,1.9,1.6,1.4,1.1,1.0,0.7",2017,"5.2,5.2,4.9,4.6000000000000005,4.3,4.0,3.7",2023-12-15 14:37:41
2885178,The Fund For Peace,Fragile State Index,E1: Economy,2023,104,92,7,0.90426,2014,"4.2,4.1,3.6,3.4,3.1,2.8,2.5",2017,"8.3,8.0,7.7,7.4,7.6,7.5,7.2",2023-12-16 07:20:19
2526023,The Fund For Peace,Fragile State Index,C3: Group Grievance,2023,104,129,7,0.96906,2014,"1.6,1.9,1.6,1.4,1.1,1.0,0.7",2013,"4.9,4.9,4.6,4.3,4.1,3.8,3.5",2023-12-15 14:37:46
2885231,The Fund For Peace,Fragile State Index,E1: Economy,2023,104,129,7,0.90503,2014,"4.2,4.1,3.6,3.4,3.1,2.8,2.5",2013,"8.2,7.9,7.6,7.8,7.6,7.554628770208678,7.3",2023-12-16 07:20:22
2525846,The Fund For Peace,Fragile State Index,C3: Group Grievance,2023,104,108,7,0.96818,2014,"1.6,1.9,1.6,1.4,1.1,1.0,0.7",2012,"9.0,9.0,9.0,8.7,8.3,8.1,7.8",2023-12-15 14:37:36
2885065,The Fund For Peace,Fragile State Index,E1: Economy,2023,104,108,7,0.9053,2014,"4.2,4.1,3.6,3.4,3.1,2.8,2.5",2012,"7.4,7.7,7.4,7.1,6.8,6.6,6.783511820172231",2023-12-16 07:20:12
2526004,The Fund For Peace,Fragile State Index,C3: Group Grievance,2023,104,72,7,0.90775,2014,"1.6,1.9,1.6,1.4,1.1,1.0,0.7",2014,"7.3,7.0,7.1,6.9,6.6000000000000005,6.3,6.0",2023-12-15 14:37:45
2885226,The Fund For Peace,Fragile State Index,E1: Economy,2023,104,72,7,0.96389,2014,"4.2,4.1,3.6,3.4,3.1,2.8,2.5",2014,"7.0,6.7,6.7,6.5,6.235548067320703,5.9,5.6000000000000005",2023-12-16 07:20:22
2525904,The Fund For Peace,Fragile State Index,C3: Group Grievance,2023,104,15,7,0.91483,2014,"1.6,1.9,1.6,1.4,1.1,1.0,0.7",2008,"7.3,7.9,7.9,7.5,7.2,6.9,6.7",2023-12-15 14:37:39
2885102,The Fund For Peace,Fragile State Index,E1: Economy,2023,104,15,7,0.95581,2014,"4.2,4.1,3.6,3.4,3.1,2.8,2.5",2008,"5.9,6.1,5.9,5.5,5.2,4.7,4.4",2023-12-16 07:20:14
2525718,The Fund For Peace,Fragile State Index,C3: Group Grievance,2023,104,34,7,0.94981,2014,"1.6,1.9,1.6,1.4,1.1,1.0,0.7",2017,"5.1,5.1,4.8,4.51611162568825,4.2,4.3,4.0",2023-12-15 14:37:28
2884923,The Fund For Peace,Fragile State Index,E1: Economy,2023,104,34,7,0.91902,2014,"4.2,4.1,3.6,3.4,3.1,2.8,2.5",2017,"5.7,5.538034641400428,5.2,4.9,5.2,4.9,4.4",2023-12-16 07:20:03
2525989,The Fund For Peace,Fragile State Index,C3: Group Grievance,2023,104,179,7,0.96384,2014,"1.6,1.9,1.6,1.4,1.1,1.0,0.7",2015,"4.6,4.6,4.6,4.3,4.0,3.7,3.4",2023-12-15 14:37:45
2885218,The Fund For Peace,Fragile State Index,E1: Economy,2023,104,179,7,0.90398,2014,"4.2,4.1,3.6,3.4,3.1,2.8,2.5",2015,"2.6,2.3,2.1,1.8,1.5,1.2,1.6",2023-12-16 07:20:21
2525793,The Fund For Peace,Fragile State Index,C3: Group Grievance,2023,104,13,7,0.94313,2014,"1.6,1.9,1.6,1.4,1.1,1.0,0.7",2014,"3.9,4.4,4.1,3.9,3.6,3.3,3.4",2023-12-15 14:37:33
2884990,The Fund For Peace,Fragile State Index,E1: Economy,2023,104,13,7,0.92258,2014,"4.2,4.1,3.6,3.4,3.1,2.8,2.5",2014,"2.4,2.1,1.8,1.7,1.857739095757196,1.6,1.3",2023-12-16 07:20:07
3468536,The Fund For Peace,Fragile State Index,E2: Economic Inequality,2023,104,172,7,0.925,2007,"2.9,3.0,3.0,2.8,2.6,2.7,2.5",2012,"8.3,8.6,8.7,8.4,8.1,7.9,7.6",2023-12-16 18:10:59
4491208,The Fund For Peace,Fragile State Index,E3: Human Flight and Brain Drain,2023,104,172,7,0.94012,2007,"2.1,2.0,2.0,2.0,2.4,3.0,2.8",2012,"5.2,4.9,4.9,5.2,5.5,5.8,5.853859921138877",2023-12-18 07:20:08
2525884,The Fund For Peace,Fragile State Index,C3: Group Grievance,2023,104,162,7,0.94726,2014,"1.6,1.9,1.6,1.4,1.1,1.0,0.7",2012,"6.6,6.6,6.6,6.3,6.0,5.8,5.8",2023-12-15 14:37:38
2885084,The Fund For Peace,Fragile State Index,E1: Economy,2023,104,162,7,0.91668,2014,"4.2,4.1,3.6,3.4,3.1,2.8,2.5",2012,"9.3,9.3,9.0,9.0,8.9,8.9,8.9",2023-12-16 07:20:13
493982,The Fund For Peace,Fragile State Index,Total,2023,104,195,7,0.91447,2011,"25.3,26.5,24.8,26.1,24.6,22.5,22.3",2007,"76.5,76.9,77.5,77.5,75.2,73.4,72.7",2023-12-13 12:22:52
7094625,The Fund For Peace,Fragile State Index,X1: External Intervention,2023,104,195,7,0.94705,2011,"2.4,2.4,2.2,2.0,1.9,1.6,1.4",2007,"6.5,6.8,6.5,6.3,5.9,5.9,5.6",2023-12-20 12:40:26
1966861,The Fund For Peace,Fragile State Index,C1: Security Apparatus,2023,104,92,7,0.90833,2006,"1.0,1.0,1.0,1.1,1.4,1.6,1.7",2006,"7.5,8.0,8.4,8.5,8.9,9.3,9.4",2023-12-15 03:45:25
2336779,The Fund For Peace,Fragile State Index,C2: Factionalized Elites,2023,104,92,7,0.95314,2006,"1.0,1.0,1.0,1.3,1.5,1.4,1.4",2006,"6.5,6.8,7.1,8.0,8.9,9.2,9.2",2023-12-15 10:52:53
2525940,The Fund For Peace,Fragile State Index,C3: Group Grievance,2023,104,92,7,0.90612,2014,"1.6,1.9,1.6,1.4,1.1,1.0,0.7",2015,"5.7,5.4,5.2,5.2,4.9,4.6000000000000005,4.3",2023-12-15 14:37:41
2885176,The Fund For Peace,Fragile State Index,E1: Economy,2023,104,92,7,0.95526,2014,"4.2,4.1,3.6,3.4,3.1,2.8,2.5",2015,"8.7,8.5,8.3,8.0,7.7,7.4,7.6",2023-12-16 07:20:18
2525792,The Fund For Peace,Fragile State Index,C3: Group Grievance,2023,104,73,7,0.94501,2014,"1.6,1.9,1.6,1.4,1.1,1.0,0.7",2016,"2.0,1.8,1.5,1.2,0.8999999999999999,0.6,0.3",2023-12-15 14:37:32
2884985,The Fund For Peace,Fragile State Index,E1: Economy,2023,104,73,7,0.91631,2014,"4.2,4.1,3.6,3.4,3.1,2.8,2.5",2016,"3.7,3.5,3.2,2.9,2.6,2.9,2.6",2023-12-16 07:20:07
493629,The Fund For Peace,Fragile State Index,Total,2023,104,23,7,0.90334,2011,"25.3,26.5,24.8,26.1,24.6,22.5,22.3",2014,"78.2,78.8,78.9,77.6,75.69009689938682,73.6,72.54479808532312",2023-12-13 12:22:28
7094456,The Fund For Peace,Fragile State Index,X1: External Intervention,2023,104,23,7,0.95755,2011,"2.4,2.4,2.2,2.0,1.9,1.6,1.4",2014,"7.6,7.1,6.8,6.6,6.3,6.0,5.777981320422433",2023-12-20 12:40:15
2525926,The Fund For Peace,Fragile State Index,C3: Group Grievance,2023,104,26,7,0.9221,2014,"1.6,1.9,1.6,1.4,1.1,1.0,0.7",2011,"7.7,7.4,7.1,6.8,6.5,6.2,6.0",2023-12-15 14:37:40
2885133,The Fund For Peace,Fragile State Index,E1: Economy,2023,104,26,7,0.93856,2014,"4.2,4.1,3.6,3.4,3.1,2.8,2.5",2011,"6.5,6.5,6.2,5.9,5.4,5.1,5.4",2023-12-16 07:20:16
2525899,The Fund For Peace,Fragile State Index,C3: Group Grievance,2023,104,142,7,0.95775,2014,"1.6,1.9,1.6,1.4,1.1,1.0,0.7",2016,"7.0,7.3,7.314764946694693,7.0,6.7,6.4,6.1",2023-12-15 14:37:38
2885094,The Fund For Peace,Fragile State Index,E1: Economy,2023,104,142,7,0.90237,2014,"4.2,4.1,3.6,3.4,3.1,2.8,2.5",2016,"6.6,6.4,6.1000000000000005,5.8,5.5,5.9,5.4",2023-12-16 07:20:13
2336794,The Fund For Peace,Fragile State Index,C2: Factionalized Elites,2023,104,59,7,0.95287,2006,"1.0,1.0,1.0,1.3,1.5,1.4,1.4",2007,"6.9,6.9,6.9,7.1,7.5,7.5,7.5",2023-12-15 10:52:54
6233354,The Fund For Peace,Fragile State Index,S1: Demographic Pressures,2023,104,59,7,0.90704,2006,"2.0,1.6,1.9,1.9,2.0,2.3,2.5",2007,"7.9,7.7,8.0,7.9,7.8,8.3,8.3",2023-12-19 18:19:47
2525923,The Fund For Peace,Fragile State Index,C3: Group Grievance,2023,104,220,7,0.90233,2014,"1.6,1.9,1.6,1.4,1.1,1.0,0.7",2014,"5.9,5.7,5.4,5.2,4.9,5.0,4.7",2023-12-15 14:37:40
2885129,The Fund For Peace,Fragile State Index,E1: Economy,2023,104,220,7,0.95652,2014,"4.2,4.1,3.6,3.4,3.1,2.8,2.5",2014,"6.7,6.7,6.4,6.2,6.26057602971615,6.2,5.916975920910515",2023-12-16 07:20:16
1966805,The Fund For Peace,Fragile State Index,C1: Security Apparatus,2023,104,176,7,0.95183,2006,"1.0,1.0,1.0,1.1,1.4,1.6,1.7",2006,"2.0,2.0,2.0,2.3,2.4,2.5,2.8",2023-12-15 03:45:22
2336710,The Fund For Peace,Fragile State Index,C2: Factionalized Elites,2023,104,176,7,0.9062,2006,"1.0,1.0,1.0,1.3,1.5,1.4,1.4",2006,"3.0,3.0,3.3,3.7,3.7,3.6,3.6",2023-12-15 10:52:48
1966828,The Fund For Peace,Fragile State Index,C1: Security Apparatus,2023,104,236,7,0.94849,2006,"1.0,1.0,1.0,1.1,1.4,1.6,1.7",2014,"2.7,2.8,2.9,3.2,3.464329018518069,3.5,3.8",2023-12-15 03:45:23
2336730,The Fund For Peace,Fragile State Index,C2: Factionalized Elites,2023,104,236,7,0.90954,2006,"1.0,1.0,1.0,1.3,1.5,1.4,1.4",2014,"4.0,4.0,4.3,5.3,5.8,5.8,6.8",2023-12-15 10:52:49
2525941,The Fund For Peace,Fragile State Index,C3: Group Grievance,2023,104,92,7,0.9425,2014,"1.6,1.9,1.6,1.4,1.1,1.0,0.7",2016,"5.4,5.2,5.2,4.9,4.6000000000000005,4.3,4.0",2023-12-15 14:37:41
2885177,The Fund For Peace,Fragile State Index,E1: Economy,2023,104,92,7,0.91476,2014,"4.2,4.1,3.6,3.4,3.1,2.8,2.5",2016,"8.5,8.3,8.0,7.7,7.4,7.6,7.5",2023-12-16 07:20:18
3468712,The Fund For Peace,Fragile State Index,E2: Economic Inequality,2023,104,127,7,0.93154,2007,"2.9,3.0,3.0,2.8,2.6,2.7,2.5",2007,"2.5,2.5,2.5,2.3,2.0,1.8,1.5",2023-12-16 18:11:10
4491275,The Fund For Peace,Fragile State Index,E3: Human Flight and Brain Drain,2023,104,127,7,0.92564,2007,"2.1,2.0,2.0,2.0,2.4,3.0,2.8",2007,"1.2,1.2,1.2,1.2,1.5,1.8,2.1",2023-12-18 07:20:12
494486,The Fund For Peace,Fragile State Index,Total,2023,104,99,7,0.90351,2011,"25.3,26.5,24.8,26.1,24.6,22.5,22.3",2013,"24.7,25.9,23.4,22.8,22.5,20.3,19.8",2023-12-13 12:23:27
7094850,The Fund For Peace,Fragile State Index,X1: External Intervention,2023,104,99,7,0.95264,2011,"2.4,2.4,2.2,2.0,1.9,1.6,1.4",2013,"5.2,4.9,4.6,4.3,4.1,3.9,3.8",2023-12-20 12:40:40
1966777,The Fund For Peace,Fragile State Index,C1: Security Apparatus,2023,104,44,7,0.93416,2006,"1.0,1.0,1.0,1.1,1.4,1.6,1.7",2013,"2.9,2.8,3.1,2.9,3.2,3.5,3.8",2023-12-15 03:45:20
2336696,The Fund For Peace,Fragile State Index,C2: Factionalized Elites,2023,104,44,7,0.92166,2006,"1.0,1.0,1.0,1.3,1.5,1.4,1.4",2013,"1.4,1.7,1.7,2.2,2.2,2.2,2.2",2023-12-15 10:52:47
2525841,The Fund For Peace,Fragile State Index,C3: Group Grievance,2023,104,114,7,0.91192,2014,"1.6,1.9,1.6,1.4,1.1,1.0,0.7",2013,"9.0,9.3,9.0,9.1,8.9,8.9,8.6",2023-12-15 14:37:35
2885041,The Fund For Peace,Fragile State Index,E1: Economy,2023,104,114,7,0.93982,2014,"4.2,4.1,3.6,3.4,3.1,2.8,2.5",2013,"7.6,7.9,7.5,7.4,6.9,7.0,6.6",2023-12-16 07:20:10
1966830,The Fund For Peace,Fragile State Index,C1: Security Apparatus,2023,104,236,7,0.93968,2006,"1.0,1.0,1.0,1.1,1.4,1.6,1.7",2016,"2.9,3.2,3.464329018518069,3.5,3.8,4.3,5.0",2023-12-15 03:45:23
6233342,The Fund For Peace,Fragile State Index,S1: Demographic Pressures,2023,104,236,7,0.9092,2006,"2.0,1.6,1.9,1.9,2.0,2.3,2.5",2016,"3.0,2.8,3.3,3.3,3.0,5.0,5.5",2023-12-19 18:19:45
2525834,The Fund For Peace,Fragile State Index,C3: Group Grievance,2023,104,130,7,0.92454,2014,"1.6,1.9,1.6,1.4,1.1,1.0,0.7",2016,"5.1,5.6,5.6,5.3,5.0,4.7,4.4",2023-12-15 14:37:35
2885029,The Fund For Peace,Fragile State Index,E1: Economy,2023,104,130,7,0.9225,2014,"4.2,4.1,3.6,3.4,3.1,2.8,2.5",2016,"8.6,8.4,8.1,8.0,7.7,7.7,7.8",2023-12-16 07:20:09
1966787,The Fund For Peace,Fragile State Index,C1: Security Apparatus,2023,104,215,7,0.93906,2006,"1.0,1.0,1.0,1.1,1.4,1.6,1.7",2007,"0.9,0.9,1.1,1.3,2.3,2.5,2.2",2023-12-15 03:45:20
2336701,The Fund For Peace,Fragile State Index,C2: Factionalized Elites,2023,104,215,7,0.90759,2006,"1.0,1.0,1.0,1.3,1.5,1.4,1.4",2007,"1.0,1.0,1.3,1.3,1.8,1.8,1.8",2023-12-15 10:52:47
2525883,The Fund For Peace,Fragile State Index,C3: Group Grievance,2023,104,162,7,0.9154,2014,"1.6,1.9,1.6,1.4,1.1,1.0,0.7",2009,"7.2,7.2,6.9,6.6,6.6,6.6,6.3",2023-12-15 14:37:38
2885083,The Fund For Peace,Fragile State Index,E1: Economy,2023,104,162,7,0.92863,2014,"4.2,4.1,3.6,3.4,3.1,2.8,2.5",2009,"9.6,9.6,9.2,9.3,9.3,9.0,9.0",2023-12-16 07:20:13
494289,The Fund For Peace,Fragile State Index,Total,2023,104,229,7,0.90604,2011,"25.3,26.5,24.8,26.1,24.6,22.5,22.3",2006,"86.1,87.5,86.2,84.3,82.5,79.7,77.4",2023-12-13 12:23:14
7094770,The Fund For Peace,Fragile State Index,X1: External Intervention,2023,104,229,7,0.93743,2011,"2.4,2.4,2.2,2.0,1.9,1.6,1.4",2006,"6.0,6.5,6.3,6.0,5.6,5.2,4.9",2023-12-20 12:40:35
494145,The Fund For Peace,Fragile State Index,Total,2023,104,15,7,0.90364,2011,"25.3,26.5,24.8,26.1,24.6,22.5,22.3",2014,"77.8,77.3,76.3,76.3,74.63031997786744,73.2,71.28215920806875",2023-12-13 12:23:04
7094686,The Fund For Peace,Fragile State Index,X1: External Intervention,2023,104,15,7,0.93756,2011,"2.4,2.4,2.2,2.0,1.9,1.6,1.4",2014,"6.6,6.9,6.6,6.4,6.5,6.2,5.9",2023-12-20 12:40:30
2525844,The Fund For Peace,Fragile State Index,C3: Group Grievance,2023,104,114,7,0.91413,2014,"1.6,1.9,1.6,1.4,1.1,1.0,0.7",2017,"8.9,8.9,8.6,8.299999999999999,8.0,8.0,8.0",2023-12-15 14:37:35
2885045,The Fund For Peace,Fragile State Index,E1: Economy,2023,104,114,7,0.92501,2014,"4.2,4.1,3.6,3.4,3.1,2.8,2.5",2017,"6.9,7.0,6.6,6.529169236421345,6.4,6.3,6.4",2023-12-16 07:20:10
2525866,The Fund For Peace,Fragile State Index,C3: Group Grievance,2023,104,94,7,0.91973,2014,"1.6,1.9,1.6,1.4,1.1,1.0,0.7",2014,"7.0,6.7,6.7,6.5,6.2,5.9,5.6000000000000005",2023-12-15 14:37:37
2885077,The Fund For Peace,Fragile State Index,E1: Economy,2023,104,94,7,0.91765,2014,"4.2,4.1,3.6,3.4,3.1,2.8,2.5",2014,"9.4,9.1,8.9,8.7,8.399999999999999,8.4,8.5",2023-12-16 07:20:12
2525922,The Fund For Peace,Fragile State Index,C3: Group Grievance,2023,104,220,7,0.91418,2014,"1.6,1.9,1.6,1.4,1.1,1.0,0.7",2013,"6.0,5.9,5.7,5.4,5.2,4.9,5.0",2023-12-15 14:37:40
2885128,The Fund For Peace,Fragile State Index,E1: Economy,2023,104,220,7,0.92319,2014,"4.2,4.1,3.6,3.4,3.1,2.8,2.5",2013,"6.8,6.7,6.7,6.4,6.2,6.26057602971615,6.2",2023-12-16 07:20:16
494168,The Fund For Peace,Fragile State Index,Total,2023,104,169,7,0.92534,2011,"25.3,26.5,24.8,26.1,24.6,22.5,22.3",2008,"83.6,84.6,84.6,84.4,82.2,80.8,79.5",2023-12-13 12:23:06
7094695,The Fund For Peace,Fragile State Index,X1: External Intervention,2023,104,169,7,0.91013,2011,"2.4,2.4,2.2,2.0,1.9,1.6,1.4",2008,"8.0,8.0,7.8,7.8,7.6,7.7,7.5",2023-12-20 12:40:30
2525843,The Fund For Peace,Fragile State Index,C3: Group Grievance,2023,104,114,7,0.91928,2014,"1.6,1.9,1.6,1.4,1.1,1.0,0.7",2016,"9.1,8.9,8.9,8.6,8.299999999999999,8.0,8.0",2023-12-15 14:37:35
2885044,The Fund For Peace,Fragile State Index,E1: Economy,2023,104,114,7,0.91534,2014,"4.2,4.1,3.6,3.4,3.1,2.8,2.5",2016,"7.4,6.9,7.0,6.6,6.529169236421345,6.4,6.3",2023-12-16 07:20:10
494600,The Fund For Peace,Fragile State Index,Total,2023,104,209,7,0.90125,2011,"25.3,26.5,24.8,26.1,24.6,22.5,22.3",2014,"112.9,114.5,113.8,113.9,113.35731518994112,112.2,110.75219038198196",2023-12-13 12:23:33
7094899,The Fund For Peace,Fragile State Index,X1: External Intervention,2023,104,209,7,0.93281,2011,"2.4,2.4,2.2,2.0,1.9,1.6,1.4",2014,"9.9,10.0,10.0,9.8,9.624950491181016,9.4,9.45741927196228",2023-12-20 12:40:44
493789,The Fund For Peace,Fragile State Index,Total,2023,104,238,7,0.9062,2011,"25.3,26.5,24.8,26.1,24.6,22.5,22.3",2009,"41.2,41.3,40.4,40.5,38.4,37.9,36.4",2023-12-13 12:22:39
7094547,The Fund For Peace,Fragile State Index,X1: External Intervention,2023,104,238,7,0.92727,2011,"2.4,2.4,2.2,2.0,1.9,1.6,1.4",2009,"3.7,4.2,3.9,3.7,3.5,3.2,2.9",2023-12-20 12:40:21
1966860,The Fund For Peace,Fragile State Index,C1: Security Apparatus,2023,104,158,7,0.91554,2006,"1.0,1.0,1.0,1.1,1.4,1.6,1.7",2008,"7.5,7.4,7.3,8.0,8.2,8.3,8.4",2023-12-15 03:45:25
2336777,The Fund For Peace,Fragile State Index,C2: Factionalized Elites,2023,104,158,7,0.91599,2006,"1.0,1.0,1.0,1.3,1.5,1.4,1.4",2008,"6.7,7.1,7.6,8.6,8.6,8.9,8.9",2023-12-15 10:52:53
2525726,The Fund For Peace,Fragile State Index,C3: Group Grievance,2023,104,82,7,0.90092,2014,"1.6,1.9,1.6,1.4,1.1,1.0,0.7",2016,"4.6,4.4,4.1000000000000005,3.8,3.5,3.2,3.3",2023-12-15 14:37:29
2884929,The Fund For Peace,Fragile State Index,E1: Economy,2023,104,82,7,0.93017,2014,"4.2,4.1,3.6,3.4,3.1,2.8,2.5",2016,"6.6,6.1,6.0,5.7,5.4,5.5,5.3",2023-12-16 07:20:03
494467,The Fund For Peace,Fragile State Index,Total,2023,104,33,7,0.90805,2011,"25.3,26.5,24.8,26.1,24.6,22.5,22.3",2014,"63.6,63.0,62.0,61.6,59.80623958429162,57.5,56.60002751710281",2023-12-13 12:23:25
7094836,The Fund For Peace,Fragile State Index,X1: External Intervention,2023,104,33,7,0.92,2011,"2.4,2.4,2.2,2.0,1.9,1.6,1.4",2014,"4.1,4.1,3.8,3.6,3.3000000000000003,3.3,3.3",2023-12-20 12:40:39
2525907,The Fund For Peace,Fragile State Index,C3: Group Grievance,2023,104,54,7,0.91784,2014,"1.6,1.9,1.6,1.4,1.1,1.0,0.7",2008,"5.5,5.5,5.5,5.1,4.8,4.8,4.8",2023-12-15 14:37:39
2885106,The Fund For Peace,Fragile State Index,E1: Economy,2023,104,54,7,0.91013,2014,"4.2,4.1,3.6,3.4,3.1,2.8,2.5",2008,"6.1,6.3,6.3,6.0,5.5,5.2,4.8",2023-12-16 07:20:14
1966847,The Fund For Peace,Fragile State Index,C1: Security Apparatus,2023,104,242,7,0.92341,2006,"1.0,1.0,1.0,1.1,1.4,1.6,1.7",2012,"6.7,6.5,6.2,6.5,6.8,7.3,7.378925018369527",2023-12-15 03:45:24
2336763,The Fund For Peace,Fragile State Index,C2: Factionalized Elites,2023,104,242,7,0.90385,2006,"1.0,1.0,1.0,1.3,1.5,1.4,1.4",2012,"7.3,7.3,7.7,8.1,8.2,8.2,8.527999999999999",2023-12-15 10:52:52
493425,The Fund For Peace,Fragile State Index,Total,2023,104,109,7,0.91978,2011,"25.3,26.5,24.8,26.1,24.6,22.5,22.3",2014,"64.9,64.6,65.0,65.2,63.11945865018858,61.2,60.02494703870308",2023-12-13 12:22:15
7094354,The Fund For Peace,Fragile State Index,X1: External Intervention,2023,104,109,7,0.90647,2011,"2.4,2.4,2.2,2.0,1.9,1.6,1.4",2014,"6.0,5.7,6.0,5.8,5.5,5.2,4.985097858913624",2023-12-20 12:40:08
494220,The Fund For Peace,Fragile State Index,Total,2023,104,197,7,0.92423,2011,"25.3,26.5,24.8,26.1,24.6,22.5,22.3",2012,"75.0,74.4,72.0,73.8,72.0,70.0,68.0600623653456",2023-12-13 12:23:09
7094738,The Fund For Peace,Fragile State Index,X1: External Intervention,2023,104,197,7,0.9013,2011,"2.4,2.4,2.2,2.0,1.9,1.6,1.4",2012,"7.3,7.0,6.7,6.6,6.4,6.2,6.30634791082415",2023-12-20 12:40:33
493505,The Fund For Peace,Fragile State Index,Total,2023,104,170,7,0.90076,2011,"25.3,26.5,24.8,26.1,24.6,22.5,22.3",2012,"56.1,55.8,55.7,54.6,53.2,50.7,49.48072267554133",2023-12-13 12:22:20
7094394,The Fund For Peace,Fragile State Index,X1: External Intervention,2023,104,170,7,0.92413,2011,"2.4,2.4,2.2,2.0,1.9,1.6,1.4",2012,"3.3,3.3,3.5,3.2,2.9,2.7,2.411286906401584",2023-12-20 12:40:10
1966862,The Fund For Peace,Fragile State Index,C1: Security Apparatus,2023,104,92,7,0.91196,2006,"1.0,1.0,1.0,1.1,1.4,1.6,1.7",2007,"8.0,8.4,8.5,8.9,9.3,9.4,9.5",2023-12-15 03:45:25
2336780,The Fund For Peace,Fragile State Index,C2: Factionalized Elites,2023,104,92,7,0.91245,2006,"1.0,1.0,1.0,1.3,1.5,1.4,1.4",2007,"6.8,7.1,8.0,8.9,9.2,9.2,9.7",2023-12-15 10:52:53
3468689,The Fund For Peace,Fragile State Index,E2: Economic Inequality,2023,104,20,7,0.90016,2007,"2.9,3.0,3.0,2.8,2.6,2.7,2.5",2016,"4.9,4.7,4.6000000000000005,4.3,4.0,3.7,3.4",2023-12-16 18:11:09
4491265,The Fund For Peace,Fragile State Index,E3: Human Flight and Brain Drain,2023,104,20,7,0.92301,2007,"2.1,2.0,2.0,2.0,2.4,3.0,2.8",2016,"3.1,3.4,3.1,3.4,3.7,4.1,4.2",2023-12-18 07:20:12
494409,The Fund For Peace,Fragile State Index,Total,2023,104,213,7,0.91293,2011,"25.3,26.5,24.8,26.1,24.6,22.5,22.3",2011,"71.1,71.2,71.2,70.6,68.4,66.7,65.9",2023-12-13 12:23:21
7094820,The Fund For Peace,Fragile State Index,X1: External Intervention,2023,104,213,7,0.90814,2011,"2.4,2.4,2.2,2.0,1.9,1.6,1.4",2011,"6.7,6.4,6.3,6.2,6.2,6.1,5.9",2023-12-20 12:40:38
2525943,The Fund For Peace,Fragile State Index,C3: Group Grievance,2023,104,38,7,0.91503,2014,"1.6,1.9,1.6,1.4,1.1,1.0,0.7",2013,"7.0,7.3,7.4,7.1,6.9,6.6000000000000005,6.3",2023-12-15 14:37:41
2885183,The Fund For Peace,Fragile State Index,E1: Economy,2023,104,38,7,0.90562,2014,"4.2,4.1,3.6,3.4,3.1,2.8,2.5",2013,"6.4,6.1,6.4,5.9,5.7,5.495624345091951,5.3",2023-12-16 07:20:19
2336744,The Fund For Peace,Fragile State Index,C2: Factionalized Elites,2023,104,217,7,0.91251,2006,"1.0,1.0,1.0,1.3,1.5,1.4,1.4",2010,"7.8,7.9,8.7,9.2,9.6,9.9,9.9",2023-12-15 10:52:50
6233345,The Fund For Peace,Fragile State Index,S1: Demographic Pressures,2023,104,217,7,0.90683,2006,"2.0,1.6,1.9,1.9,2.0,2.3,2.5",2010,"5.9,5.6,5.5,5.6,6.0,8.1,8.4",2023-12-19 18:19:46
3468494,The Fund For Peace,Fragile State Index,E2: Economic Inequality,2023,104,109,7,0.91652,2007,"2.9,3.0,3.0,2.8,2.6,2.7,2.5",2007,"6.7,6.5,6.7,6.5,6.2,6.2,5.9",2023-12-16 18:10:56
4491188,The Fund For Peace,Fragile State Index,E3: Human Flight and Brain Drain,2023,104,109,7,0.90025,2007,"2.1,2.0,2.0,2.0,2.4,3.0,2.8",2007,"6.7,6.5,6.3,6.4,6.7,7.0,7.2",2023-12-18 07:20:07
3468520,The Fund For Peace,Fragile State Index,E2: Economic Inequality,2023,104,147,7,0.90851,2007,"2.9,3.0,3.0,2.8,2.6,2.7,2.5",2008,"7.6,7.8,7.6,7.5,7.2,6.9,6.6",2023-12-16 18:10:58
4491198,The Fund For Peace,Fragile State Index,E3: Human Flight and Brain Drain,2023,104,147,7,0.90811,2007,"2.1,2.0,2.0,2.0,2.4,3.0,2.8",2008,"6.2,6.2,6.4,6.4,6.7,7.0,7.3",2023-12-18 07:20:07
4491264,The Fund For Peace,Fragile State Index,E3: Human Flight and Brain Drain,2023,104,92,7,0.90084,2007,"2.1,2.0,2.0,2.0,2.4,3.0,2.8",2008,"7.0,7.0,7.1,7.4,7.7,8.0,8.3",2023-12-18 07:20:12
5741159,The Fund For Peace,Fragile State Index,P3: Human Rights,2023,104,92,7,0.91314,2007,"1.5,1.5,1.5,1.5,1.2,1.3,1.3",2008,"8.0,8.0,8.1,7.8,7.5,7.6,7.5",2023-12-19 08:23:01
2525717,The Fund For Peace,Fragile State Index,C3: Group Grievance,2023,104,34,7,0.9009,2014,"1.6,1.9,1.6,1.4,1.1,1.0,0.7",2016,"5.3,5.1,5.1,4.8,4.51611162568825,4.2,4.3",2023-12-15 14:37:28
2884922,The Fund For Peace,Fragile State Index,E1: Economy,2023,104,34,7,0.9095,2014,"4.2,4.1,3.6,3.4,3.1,2.8,2.5",2016,"5.9,5.7,5.538034641400428,5.2,4.9,5.2,4.9",2023-12-16 07:20:03
493746,The Fund For Peace,Fragile State Index,Total,2023,104,126,7,0.9011,2011,"25.3,26.5,24.8,26.1,24.6,22.5,22.3",2007,"49.0,48.7,48.0,47.8,45.3,44.2,43.0",2023-12-13 12:22:35
7094535,The Fund For Peace,Fragile State Index,X1: External Intervention,2023,104,126,7,0.90854,2011,"2.4,2.4,2.2,2.0,1.9,1.6,1.4",2007,"4.0,4.3,4.3,4.1,3.8,3.5,3.2",2023-12-20 12:40:20
3468557,The Fund For Peace,Fragile State Index,E2: Economic Inequality,2023,104,40,7,0.90273,2007,"2.9,3.0,3.0,2.8,2.6,2.7,2.5",2006,"5.0,5.0,5.0,4.7,4.5,4.1,3.8",2023-12-16 18:11:00
4491219,The Fund For Peace,Fragile State Index,E3: Human Flight and Brain Drain,2023,104,40,7,0.90678,2007,"2.1,2.0,2.0,2.0,2.4,3.0,2.8",2006,"2.0,2.1,2.1,2.1,2.1,2.4,2.4",2023-12-18 07:20:09
494100,The Fund For Peace,Fragile State Index,Total,2023,104,223,7,0.90093,2011,"25.3,26.5,24.8,26.1,24.6,22.5,22.3",2010,"88.1,89.4,87.5,87.8,87.8,86.8,85.8",2023-12-13 12:23:01
7094674,The Fund For Peace,Fragile State Index,X1: External Intervention,2023,104,223,7,0.90031,2011,"2.4,2.4,2.2,2.0,1.9,1.6,1.4",2010,"6.9,7.1,6.8,6.5,6.8,6.5,6.2",2023-12-20 12:40:29
3468203,The Fund For Peace,Fragile State Index,E2: Economic Inequality,2023,104,50,3,1.0,2006,"3.0,2.9,3.0",2013,"8.8,8.5,8.8",2023-12-16 18:10:34
4490639,The Fund For Peace,Fragile State Index,E3: Human Flight and Brain Drain,2023,104,50,3,1.0,2006,"2.0,2.1,2.0",2013,"7.1,7.2,7.1",2023-12-18 07:19:35
7092105,The Fund For Peace,Fragile State Index,X1: External Intervention,2023,104,50,3,1.0,2006,"1.0,1.5,1.5",2013,"9.7,9.8,9.8",2023-12-20 12:37:44
2525493,The Fund For Peace,Fragile State Index,C3: Group Grievance,2023,104,15,6,0.99775,2015,"1.9,1.6,1.4,1.1,1.0,0.7",2010,"7.9,7.5,7.2,6.9,6.7,6.4",2023-12-15 14:37:09
2884772,The Fund For Peace,Fragile State Index,E1: Economy,2023,104,15,6,0.99315,2015,"4.1,3.6,3.4,3.1,2.8,2.5",2010,"5.9,5.5,5.2,4.7,4.4,4.1",2023-12-16 07:19:44
2525547,The Fund For Peace,Fragile State Index,C3: Group Grievance,2023,104,38,6,0.99194,2015,"1.9,1.6,1.4,1.1,1.0,0.7",2015,"7.4,7.1,6.9,6.6000000000000005,6.3,6.0",2023-12-15 14:37:14
2884856,The Fund For Peace,Fragile State Index,E1: Economy,2023,104,38,6,0.99618,2015,"4.1,3.6,3.4,3.1,2.8,2.5",2015,"6.4,5.9,5.7,5.495624345091951,5.3,5.0",2023-12-16 07:19:59
2525313,The Fund For Peace,Fragile State Index,C3: Group Grievance,2023,104,110,6,0.99194,2015,"1.9,1.6,1.4,1.1,1.0,0.7",2015,"4.2,3.9,3.7,3.4000000000000004,3.1,2.8000000000000003",2023-12-15 14:36:58
2884640,The Fund For Peace,Fragile State Index,E1: Economy,2023,104,110,6,0.99501,2015,"4.1,3.6,3.4,3.1,2.8,2.5",2015,"4.6,4.3,4.1,3.8,3.5,3.300527607178117",2023-12-16 07:19:32
2525306,The Fund For Peace,Fragile State Index,C3: Group Grievance,2023,104,200,6,0.99194,2015,"1.9,1.6,1.4,1.1,1.0,0.7",2015,"3.1,2.8,2.6,2.3000000000000003,2.0,1.7",2023-12-15 14:36:57
2884636,The Fund For Peace,Fragile State Index,E1: Economy,2023,104,200,6,0.9941,2015,"4.1,3.6,3.4,3.1,2.8,2.5",2015,"2.5,2.2,2.0,1.7,1.4,1.1",2023-12-16 07:19:32
2525263,The Fund For Peace,Fragile State Index,C3: Group Grievance,2023,104,56,6,0.99378,2015,"1.9,1.6,1.4,1.1,1.0,0.7",2015,"7.0,6.5,6.3,6.0,5.7,5.4",2023-12-15 14:36:54
2884600,The Fund For Peace,Fragile State Index,E1: Economy,2023,104,56,6,0.99166,2015,"4.1,3.6,3.4,3.1,2.8,2.5",2015,"6.7,6.4,6.0,5.7,5.4,5.1000000000000005",2023-12-16 07:19:30
2525378,The Fund For Peace,Fragile State Index,C3: Group Grievance,2023,104,239,6,0.98943,2015,"1.9,1.6,1.4,1.1,1.0,0.7",2015,"7.6,7.3,7.1,6.9,6.6,6.3",2023-12-15 14:37:02
2884680,The Fund For Peace,Fragile State Index,E1: Economy,2023,104,239,6,0.99454,2015,"4.1,3.6,3.4,3.1,2.8,2.5",2015,"6.8,6.5,6.3,6.1,5.8,5.5",2023-12-16 07:19:34
492177,The Fund For Peace,Fragile State Index,Total,2023,104,53,6,0.98853,2012,"26.5,24.8,26.1,24.6,22.5,22.3",2014,"52.9,51.0,52.4,50.6,48.71641829811867,47.5",2023-12-13 12:20:55
4957780,The Fund For Peace,Fragile State Index,P1: State Legitimacy,2023,104,53,6,0.99108,2012,"2.2,1.9,1.8,1.5,1.2,1.0",2014,"3.7,3.4,3.1,2.9,2.6,2.3",2023-12-18 15:58:15
2525509,The Fund For Peace,Fragile State Index,C3: Group Grievance,2023,104,243,6,0.98333,2015,"1.9,1.6,1.4,1.1,1.0,0.7",2015,"6.5,6.2,6.0,5.7,5.8,5.5",2023-12-15 14:37:10
2884790,The Fund For Peace,Fragile State Index,E1: Economy,2023,104,243,6,0.99576,2015,"4.1,3.6,3.4,3.1,2.8,2.5",2015,"5.8,5.3,5.1,4.8,4.3,4.0",2023-12-16 07:19:55
2525328,The Fund For Peace,Fragile State Index,C3: Group Grievance,2023,104,156,6,1.0,2015,"1.9,1.6,1.4,1.1,1.0,0.7",2015,"4.1,3.8,3.6,3.3000000000000003,3.2,2.9000000000000004",2023-12-15 14:36:58
2884647,The Fund For Peace,Fragile State Index,E1: Economy,2023,104,156,6,0.97469,2015,"4.1,3.6,3.4,3.1,2.8,2.5",2015,"3.9,3.8,3.6,3.3000000000000003,3.2,2.9000000000000004",2023-12-16 07:19:32
2525380,The Fund For Peace,Fragile State Index,C3: Group Grievance,2023,104,239,6,0.98924,2015,"1.9,1.6,1.4,1.1,1.0,0.7",2017,"7.1,6.9,6.6,6.3,6.0,5.7",2023-12-15 14:37:02
2884682,The Fund For Peace,Fragile State Index,E1: Economy,2023,104,239,6,0.98517,2015,"4.1,3.6,3.4,3.1,2.8,2.5",2017,"6.3,6.1,5.8,5.5,5.4,5.1",2023-12-16 07:19:34
2525633,The Fund For Peace,Fragile State Index,C3: Group Grievance,2023,104,234,6,0.98671,2015,"1.9,1.6,1.4,1.1,1.0,0.7",2011,"4.6,4.3,4.3,4.0,3.9,3.6",2023-12-15 14:37:23
2884889,The Fund For Peace,Fragile State Index,E1: Economy,2023,104,234,6,0.98525,2015,"4.1,3.6,3.4,3.1,2.8,2.5",2011,"4.2,3.9,3.5,3.4,2.9,2.6",2023-12-16 07:20:01
2525381,The Fund For Peace,Fragile State Index,C3: Group Grievance,2023,104,239,6,0.99416,2015,"1.9,1.6,1.4,1.1,1.0,0.7",2018,"6.9,6.6,6.3,6.0,5.7,5.4",2023-12-15 14:37:02
2884683,The Fund For Peace,Fragile State Index,E1: Economy,2023,104,239,6,0.97696,2015,"4.1,3.6,3.4,3.1,2.8,2.5",2018,"6.1,5.8,5.5,5.4,5.1,5.1",2023-12-16 07:19:34
2525379,The Fund For Peace,Fragile State Index,C3: Group Grievance,2023,104,239,6,0.98547,2015,"1.9,1.6,1.4,1.1,1.0,0.7",2016,"7.3,7.1,6.9,6.6,6.3,6.0",2023-12-15 14:37:02
2884681,The Fund For Peace,Fragile State Index,E1: Economy,2023,104,239,6,0.98487,2015,"4.1,3.6,3.4,3.1,2.8,2.5",2016,"6.5,6.3,6.1,5.8,5.5,5.4",2023-12-16 07:19:34
2525347,The Fund For Peace,Fragile State Index,C3: Group Grievance,2023,104,126,6,0.99232,2015,"1.9,1.6,1.4,1.1,1.0,0.7",2017,"4.4,4.1000000000000005,3.8,3.5975439132259592,3.3,3.0",2023-12-15 14:37:01
2884660,The Fund For Peace,Fragile State Index,E1: Economy,2023,104,126,6,0.96491,2015,"4.1,3.6,3.4,3.1,2.8,2.5",2017,"4.5,4.2,3.9,3.6,3.7,3.2",2023-12-16 07:19:33
493181,The Fund For Peace,Fragile State Index,Total,2023,104,22,6,0.96434,2012,"26.5,24.8,26.1,24.6,22.5,22.3",2014,"67.0,65.3,66.0,65.5,63.71214888532026,62.5",2023-12-13 12:21:59
4958167,The Fund For Peace,Fragile State Index,P1: State Legitimacy,2023,104,22,6,0.99108,2012,"2.2,1.9,1.8,1.5,1.2,1.0",2014,"6.0,5.7,5.4,5.2,4.9,4.6",2023-12-18 15:58:40
2525249,The Fund For Peace,Fragile State Index,C3: Group Grievance,2023,104,82,6,0.98924,2015,"1.9,1.6,1.4,1.1,1.0,0.7",2016,"4.6,4.4,4.1000000000000005,3.8,3.5,3.2",2023-12-15 14:36:54
2884586,The Fund For Peace,Fragile State Index,E1: Economy,2023,104,82,6,0.96564,2015,"4.1,3.6,3.4,3.1,2.8,2.5",2016,"6.6,6.1,6.0,5.7,5.4,5.5",2023-12-16 07:19:29
1966719,The Fund For Peace,Fragile State Index,C1: Security Apparatus,2023,104,127,6,0.96476,2007,"1.0,1.0,1.1,1.4,1.6,1.7",2007,"2.0,2.0,2.0,2.1,2.3,2.3",2023-12-15 03:45:16
4491182,The Fund For Peace,Fragile State Index,E3: Human Flight and Brain Drain,2023,104,127,6,0.98916,2007,"2.1,2.0,2.0,2.0,2.4,3.0",2007,"1.2,1.2,1.2,1.2,1.5,1.8",2023-12-18 07:20:06
2525538,The Fund For Peace,Fragile State Index,C3: Group Grievance,2023,104,92,6,0.9673,2015,"1.9,1.6,1.4,1.1,1.0,0.7",2015,"5.7,5.4,5.2,5.2,4.9,4.6000000000000005",2023-12-15 14:37:13
2884849,The Fund For Peace,Fragile State Index,E1: Economy,2023,104,92,6,0.98526,2015,"4.1,3.6,3.4,3.1,2.8,2.5",2015,"8.7,8.5,8.3,8.0,7.7,7.4",2023-12-16 07:19:58
2525346,The Fund For Peace,Fragile State Index,C3: Group Grievance,2023,104,126,6,0.9943,2015,"1.9,1.6,1.4,1.1,1.0,0.7",2016,"4.6,4.4,4.1000000000000005,3.8,3.5975439132259592,3.3",2023-12-15 14:37:00
2884659,The Fund For Peace,Fragile State Index,E1: Economy,2023,104,126,6,0.95796,2015,"4.1,3.6,3.4,3.1,2.8,2.5",2016,"4.7,4.5,4.2,3.9,3.6,3.7",2023-12-16 07:19:33
493314,The Fund For Peace,Fragile State Index,Total,2023,104,72,6,0.95384,2012,"26.5,24.8,26.1,24.6,22.5,22.3",2015,"76.7,76.2,76.9,74.51822129476686,71.7,69.85212211648623",2023-12-13 12:22:08
4958257,The Fund For Peace,Fragile State Index,P1: State Legitimacy,2023,104,72,6,0.99767,2012,"2.2,1.9,1.8,1.5,1.2,1.0",2015,"7.4,7.1,6.9,6.6000000000000005,6.3,6.0",2023-12-18 15:58:46
2525479,The Fund For Peace,Fragile State Index,C3: Group Grievance,2023,104,223,6,0.99306,2015,"1.9,1.6,1.4,1.1,1.0,0.7",2010,"5.6,5.4,5.1,4.8,4.8,4.5",2023-12-15 14:37:08
2884757,The Fund For Peace,Fragile State Index,E1: Economy,2023,104,223,6,0.95795,2015,"4.1,3.6,3.4,3.1,2.8,2.5",2010,"8.0,8.0,7.7,7.4,7.1,6.8",2023-12-16 07:19:41
2525435,The Fund For Peace,Fragile State Index,C3: Group Grievance,2023,104,94,6,0.96505,2015,"1.9,1.6,1.4,1.1,1.0,0.7",2014,"7.0,6.7,6.7,6.5,6.2,5.9",2023-12-15 14:37:06
2884745,The Fund For Peace,Fragile State Index,E1: Economy,2023,104,94,6,0.98491,2015,"4.1,3.6,3.4,3.1,2.8,2.5",2014,"9.4,9.1,8.9,8.7,8.399999999999999,8.4",2023-12-16 07:19:39
492842,The Fund For Peace,Fragile State Index,Total,2023,104,199,6,0.95741,2012,"26.5,24.8,26.1,24.6,22.5,22.3",2016,"91.0,89.3,89.08699644672271,86.8,84.35580251344358,83.4",2023-12-13 12:21:37
4958070,The Fund For Peace,Fragile State Index,P1: State Legitimacy,2023,104,199,6,0.99245,2012,"2.2,1.9,1.8,1.5,1.2,1.0",2016,"7.1,6.9,6.6000000000000005,6.3,6.0,5.7",2023-12-18 15:58:34
2525637,The Fund For Peace,Fragile State Index,C3: Group Grievance,2023,104,234,6,0.99194,2015,"1.9,1.6,1.4,1.1,1.0,0.7",2015,"3.9,3.6,3.4,3.1,2.8,2.5",2023-12-15 14:37:23
2884893,The Fund For Peace,Fragile State Index,E1: Economy,2023,104,234,6,0.95768,2015,"4.1,3.6,3.4,3.1,2.8,2.5",2015,"2.9,2.6,2.4,2.5,2.2,1.9",2023-12-16 07:20:01
2525492,The Fund For Peace,Fragile State Index,C3: Group Grievance,2023,104,15,6,0.96853,2015,"1.9,1.6,1.4,1.1,1.0,0.7",2009,"7.9,7.9,7.5,7.2,6.9,6.7",2023-12-15 14:37:09
2884771,The Fund For Peace,Fragile State Index,E1: Economy,2023,104,15,6,0.9808,2015,"4.1,3.6,3.4,3.1,2.8,2.5",2009,"6.1,5.9,5.5,5.2,4.7,4.4",2023-12-16 07:19:43
2336526,The Fund For Peace,Fragile State Index,C2: Factionalized Elites,2023,104,206,6,0.98126,2006,"1.0,1.0,1.0,1.3,1.5,1.4",2014,"5.6,5.6,5.6,6.1,6.6,6.6",2023-12-15 10:52:35
3468388,The Fund For Peace,Fragile State Index,E2: Economic Inequality,2023,104,206,6,0.96699,2006,"3.0,2.9,3.0,3.0,2.8,2.6",2014,"7.7,7.4,7.7,7.5,7.2,6.9",2023-12-16 18:10:50
493234,The Fund For Peace,Fragile State Index,Total,2023,104,198,6,0.96578,2012,"26.5,24.8,26.1,24.6,22.5,22.3",2008,"69.5,67.7,67.9,67.0,65.1,64.0",2023-12-13 12:22:04
4958209,The Fund For Peace,Fragile State Index,P1: State Legitimacy,2023,104,198,6,0.98107,2012,"2.2,1.9,1.8,1.5,1.2,1.0",2008,"7.6,7.1,7.0,6.8,6.3,6.3",2023-12-18 15:58:43
2525634,The Fund For Peace,Fragile State Index,C3: Group Grievance,2023,104,234,6,0.95673,2015,"1.9,1.6,1.4,1.1,1.0,0.7",2012,"4.3,4.3,4.0,3.9,3.6,3.4",2023-12-15 14:37:23
2884890,The Fund For Peace,Fragile State Index,E1: Economy,2023,104,234,6,0.98998,2015,"4.1,3.6,3.4,3.1,2.8,2.5",2012,"3.9,3.5,3.4,2.9,2.6,2.4",2023-12-16 07:20:01
6233294,The Fund For Peace,Fragile State Index,S1: Demographic Pressures,2023,104,156,6,0.9633,2008,"1.9,1.9,2.0,2.3,2.5,2.2",2008,"1.1,1.3,1.5,2.0,2.4,2.1",2023-12-19 18:19:41
6659382,The Fund For Peace,Fragile State Index,S2: Refugees and IDPs,2023,104,156,6,0.98201,2008,"1.5,1.5,1.6,2.0,1.7,1.4",2008,"1.2,1.2,1.4,1.7,1.4,1.1",2023-12-20 04:16:02
2525226,The Fund For Peace,Fragile State Index,C3: Group Grievance,2023,104,109,6,0.99194,2015,"1.9,1.6,1.4,1.1,1.0,0.7",2015,"3.9,3.6,3.4,3.1,2.8,2.5",2023-12-15 14:36:52
2884575,The Fund For Peace,Fragile State Index,E1: Economy,2023,104,109,6,0.95292,2015,"4.1,3.6,3.4,3.1,2.8,2.5",2015,"7.1,7.1,6.9,6.661029254410073,6.5,6.2",2023-12-16 07:19:28
493157,The Fund For Peace,Fragile State Index,Total,2023,104,16,6,0.95173,2012,"26.5,24.8,26.1,24.6,22.5,22.3",2011,"56.5,55.1,54.7,54.1,51.5,51.6",2023-12-13 12:21:58
4958145,The Fund For Peace,Fragile State Index,P1: State Legitimacy,2023,104,16,6,0.99273,2012,"2.2,1.9,1.8,1.5,1.2,1.0",2011,"5.2,4.9,4.9,4.6,4.3,4.0",2023-12-18 15:58:39
2525700,The Fund For Peace,Fragile State Index,C3: Group Grievance,2023,104,209,6,0.95752,2015,"1.9,1.6,1.4,1.1,1.0,0.7",2018,"9.7,9.4,9.1,8.8,8.5,8.6",2023-12-15 14:37:27
2884911,The Fund For Peace,Fragile State Index,E1: Economy,2023,104,209,6,0.9869,2015,"4.1,3.6,3.4,3.1,2.8,2.5",2018,"10.0,9.8,9.5,9.2,8.9,8.6",2023-12-16 07:20:02
2525518,The Fund For Peace,Fragile State Index,C3: Group Grievance,2023,104,26,6,0.99416,2015,"1.9,1.6,1.4,1.1,1.0,0.7",2011,"7.7,7.4,7.1,6.8,6.5,6.2",2023-12-15 14:37:10
2884802,The Fund For Peace,Fragile State Index,E1: Economy,2023,104,26,6,0.94979,2015,"4.1,3.6,3.4,3.1,2.8,2.5",2011,"6.5,6.5,6.2,5.9,5.4,5.1",2023-12-16 07:19:56
2525499,The Fund For Peace,Fragile State Index,C3: Group Grievance,2023,104,54,6,0.97193,2015,"1.9,1.6,1.4,1.1,1.0,0.7",2013,"4.8,4.8,4.5,4.2,4.0,3.7",2023-12-15 14:37:09
2884779,The Fund For Peace,Fragile State Index,E1: Economy,2023,104,54,6,0.97146,2015,"4.1,3.6,3.4,3.1,2.8,2.5",2013,"5.2,4.8,4.5,4.2,4.0,4.008166869626702",2023-12-16 07:19:54
2525400,The Fund For Peace,Fragile State Index,C3: Group Grievance,2023,104,108,6,0.96625,2015,"1.9,1.6,1.4,1.1,1.0,0.7",2006,"9.8,9.8,9.5,9.0,8.9,8.7",2023-12-15 14:37:03
2884727,The Fund For Peace,Fragile State Index,E1: Economy,2023,104,108,6,0.97563,2015,"4.1,3.6,3.4,3.1,2.8,2.5",2006,"9.0,8.9,8.5,8.3,8.0,7.7",2023-12-16 07:19:38
493382,The Fund For Peace,Fragile State Index,Total,2023,104,37,6,0.95501,2012,"26.5,24.8,26.1,24.6,22.5,22.3",2012,"74.7,73.7,74.1,73.5,71.5,70.1",2023-12-13 12:22:13
4958300,The Fund For Peace,Fragile State Index,P1: State Legitimacy,2023,104,37,6,0.98608,2012,"2.2,1.9,1.8,1.5,1.2,1.0",2012,"6.6,6.3,6.0,5.7,5.5,5.3",2023-12-18 15:58:48
492167,The Fund For Peace,Fragile State Index,Total,2023,104,34,6,0.94057,2012,"26.5,24.8,26.1,24.6,22.5,22.3",2015,"55.4,53.7,53.7,51.65420796469111,50.6,49.17165481543572",2023-12-13 12:20:54
4957773,The Fund For Peace,Fragile State Index,P1: State Legitimacy,2023,104,34,6,0.99767,2012,"2.2,1.9,1.8,1.5,1.2,1.0",2015,"5.0,4.7,4.5,4.2,3.9,3.6",2023-12-18 15:58:15
2525434,The Fund For Peace,Fragile State Index,C3: Group Grievance,2023,104,94,6,0.94283,2015,"1.9,1.6,1.4,1.1,1.0,0.7",2013,"7.0,7.0,6.7,6.7,6.5,6.2",2023-12-15 14:37:06
2884744,The Fund For Peace,Fragile State Index,E1: Economy,2023,104,94,6,0.99454,2015,"4.1,3.6,3.4,3.1,2.8,2.5",2013,"9.7,9.4,9.1,8.9,8.7,8.399999999999999",2023-12-16 07:19:39
1966686,The Fund For Peace,Fragile State Index,C1: Security Apparatus,2023,104,92,6,0.96799,2007,"1.0,1.0,1.1,1.4,1.6,1.7",2007,"8.0,8.4,8.5,8.9,9.3,9.4",2023-12-15 03:45:14
4491170,The Fund For Peace,Fragile State Index,E3: Human Flight and Brain Drain,2023,104,92,6,0.96913,2007,"2.1,2.0,2.0,2.0,2.4,3.0",2007,"7.0,7.0,7.0,7.1,7.4,7.7",2023-12-18 07:20:05
1966589,The Fund For Peace,Fragile State Index,C1: Security Apparatus,2023,104,177,6,0.98504,2007,"1.0,1.0,1.1,1.4,1.6,1.7",2007,"1.0,1.0,1.1,1.4,1.6,1.9",2023-12-15 03:45:08
4491132,The Fund For Peace,Fragile State Index,E3: Human Flight and Brain Drain,2023,104,177,6,0.95197,2007,"2.1,2.0,2.0,2.0,2.4,3.0",2007,"2.1,2.1,2.3,2.2,2.5,2.9",2023-12-18 07:20:03
2525478,The Fund For Peace,Fragile State Index,C3: Group Grievance,2023,104,223,6,0.97154,2015,"1.9,1.6,1.4,1.1,1.0,0.7",2009,"5.8,5.6,5.4,5.1,4.8,4.8",2023-12-15 14:37:08
2884756,The Fund For Peace,Fragile State Index,E1: Economy,2023,104,223,6,0.96487,2015,"4.1,3.6,3.4,3.1,2.8,2.5",2009,"8.2,8.0,8.0,7.7,7.4,7.1",2023-12-16 07:19:40
492980,The Fund For Peace,Fragile State Index,Total,2023,104,197,6,0.97383,2012,"26.5,24.8,26.1,24.6,22.5,22.3",2013,"74.4,72.0,73.8,72.0,70.0,68.0600623653456",2023-12-13 12:21:46
4958100,The Fund For Peace,Fragile State Index,P1: State Legitimacy,2023,104,197,6,0.96021,2012,"2.2,1.9,1.8,1.5,1.2,1.0",2013,"6.3,5.8,5.7,5.4,5.2,5.2",2023-12-18 15:58:36
2336542,The Fund For Peace,Fragile State Index,C2: Factionalized Elites,2023,104,235,6,0.96812,2006,"1.0,1.0,1.0,1.3,1.5,1.4",2007,"2.7,2.7,2.9,3.2,3.6,3.6",2023-12-15 10:52:36
3468399,The Fund For Peace,Fragile State Index,E2: Economic Inequality,2023,104,235,6,0.96536,2006,"3.0,2.9,3.0,3.0,2.8,2.6",2007,"4.7,4.5,4.7,4.5,4.2,3.9",2023-12-16 18:10:50
2525409,The Fund For Peace,Fragile State Index,C3: Group Grievance,2023,104,103,6,0.96756,2015,"1.9,1.6,1.4,1.1,1.0,0.7",2015,"10.0,9.8,9.6,9.3,8.8,8.5",2023-12-15 14:37:04
2884735,The Fund For Peace,Fragile State Index,E1: Economy,2023,104,103,6,0.96519,2015,"4.1,3.6,3.4,3.1,2.8,2.5",2015,"6.9,6.8,6.6,6.303366593842785,5.9,5.6000000000000005",2023-12-16 07:19:38
492514,The Fund For Peace,Fragile State Index,Total,2023,104,238,6,0.95987,2012,"26.5,24.8,26.1,24.6,22.5,22.3",2015,"36.4,36.2,36.8,35.444748420198586,34.0,33.405777354578404",2023-12-13 12:21:17
4957932,The Fund For Peace,Fragile State Index,P1: State Legitimacy,2023,104,238,6,0.9714,2012,"2.2,1.9,1.8,1.5,1.2,1.0",2015,"1.4,1.1,1.0,0.7,0.7,0.4846367778425753",2023-12-18 15:58:25
493192,The Fund For Peace,Fragile State Index,Total,2023,104,213,6,0.9328,2012,"26.5,24.8,26.1,24.6,22.5,22.3",2015,"68.4,66.7,65.9,64.01235952203785,61.9,60.12230683109472",2023-12-13 12:22:00
4958177,The Fund For Peace,Fragile State Index,P1: State Legitimacy,2023,104,213,6,0.99767,2012,"2.2,1.9,1.8,1.5,1.2,1.0",2015,"5.5,5.2,5.0,4.7,4.4,4.1000000000000005",2023-12-18 15:58:41
1966584,The Fund For Peace,Fragile State Index,C1: Security Apparatus,2023,104,165,6,0.9848,2007,"1.0,1.0,1.1,1.4,1.6,1.7",2006,"1.0,1.0,1.0,1.1,1.2,1.2",2023-12-15 03:45:08
4491130,The Fund For Peace,Fragile State Index,E3: Human Flight and Brain Drain,2023,104,165,6,0.94517,2007,"2.1,2.0,2.0,2.0,2.4,3.0",2006,"1.0,1.1,1.1,1.1,1.2,1.5",2023-12-18 07:20:03
2525517,The Fund For Peace,Fragile State Index,C3: Group Grievance,2023,104,26,6,0.96553,2015,"1.9,1.6,1.4,1.1,1.0,0.7",2010,"7.7,7.7,7.4,7.1,6.8,6.5",2023-12-15 14:37:10
2884801,The Fund For Peace,Fragile State Index,E1: Economy,2023,104,26,6,0.96285,2015,"4.1,3.6,3.4,3.1,2.8,2.5",2010,"6.8,6.5,6.5,6.2,5.9,5.4",2023-12-16 07:19:55
2525496,The Fund For Peace,Fragile State Index,C3: Group Grievance,2023,104,54,6,0.93937,2015,"1.9,1.6,1.4,1.1,1.0,0.7",2010,"5.5,5.1,4.8,4.8,4.8,4.5",2023-12-15 14:37:09
2884776,The Fund For Peace,Fragile State Index,E1: Economy,2023,104,54,6,0.98836,2015,"4.1,3.6,3.4,3.1,2.8,2.5",2010,"6.3,6.0,5.5,5.2,4.8,4.5",2023-12-16 07:19:50
2525511,The Fund For Peace,Fragile State Index,C3: Group Grievance,2023,104,243,6,0.94934,2015,"1.9,1.6,1.4,1.1,1.0,0.7",2017,"6.0,5.7,5.8,5.5,5.2,5.1",2023-12-15 14:37:10
2884792,The Fund For Peace,Fragile State Index,E1: Economy,2023,104,243,6,0.9777,2015,"4.1,3.6,3.4,3.1,2.8,2.5",2017,"5.1,4.8,4.3,4.0,3.9,3.6",2023-12-16 07:19:55
2525395,The Fund For Peace,Fragile State Index,C3: Group Grievance,2023,104,114,6,0.95964,2015,"1.9,1.6,1.4,1.1,1.0,0.7",2016,"9.1,8.9,8.9,8.6,8.299999999999999,8.0",2023-12-15 14:37:03
2884709,The Fund For Peace,Fragile State Index,E1: Economy,2023,104,114,6,0.9657,2015,"4.1,3.6,3.4,3.1,2.8,2.5",2016,"7.4,6.9,7.0,6.6,6.529169236421345,6.4",2023-12-16 07:19:36
493204,The Fund For Peace,Fragile State Index,Total,2023,104,192,6,0.93139,2012,"26.5,24.8,26.1,24.6,22.5,22.3",2015,"68.2,67.6,67.1,65.53086971578227,64.2,63.2966485589962",2023-12-13 12:22:01
4958184,The Fund For Peace,Fragile State Index,P1: State Legitimacy,2023,104,192,6,0.99287,2012,"2.2,1.9,1.8,1.5,1.2,1.0",2015,"6.2,5.7,5.5,5.2,4.9,4.6000000000000005",2023-12-18 15:58:41
493037,The Fund For Peace,Fragile State Index,Total,2023,104,25,6,0.92971,2012,"26.5,24.8,26.1,24.6,22.5,22.3",2011,"85.0,82.4,81.8,80.9,78.7,77.6",2023-12-13 12:21:49
4958111,The Fund For Peace,Fragile State Index,P1: State Legitimacy,2023,104,25,6,0.99399,2012,"2.2,1.9,1.8,1.5,1.2,1.0",2011,"6.6,6.3,6.0,5.5,5.0,4.5",2023-12-18 15:58:37
2525217,The Fund For Peace,Fragile State Index,C3: Group Grievance,2023,104,29,6,0.99194,2015,"1.9,1.6,1.4,1.1,1.0,0.7",2015,"5.4,5.1,4.9,4.6000000000000005,4.3,4.0",2023-12-15 14:36:52
2884574,The Fund For Peace,Fragile State Index,E1: Economy,2023,104,29,6,0.93026,2015,"4.1,3.6,3.4,3.1,2.8,2.5",2015,"6.3,6.0,5.8,5.68603888106562,5.8,5.5",2023-12-16 07:19:28
2525601,The Fund For Peace,Fragile State Index,C3: Group Grievance,2023,104,93,6,0.95223,2015,"1.9,1.6,1.4,1.1,1.0,0.7",2018,"7.0,6.7,6.4,6.5,6.2,5.9",2023-12-15 14:37:19
2884870,The Fund For Peace,Fragile State Index,E1: Economy,2023,104,93,6,0.96966,2015,"4.1,3.6,3.4,3.1,2.8,2.5",2018,"6.082149789170812,5.8,5.5,4.5,4.0,3.5",2023-12-16 07:20:00
2525512,The Fund For Peace,Fragile State Index,C3: Group Grievance,2023,104,243,6,0.95223,2015,"1.9,1.6,1.4,1.1,1.0,0.7",2018,"5.7,5.8,5.5,5.2,5.1,4.8",2023-12-15 14:37:10
2884793,The Fund For Peace,Fragile State Index,E1: Economy,2023,104,243,6,0.96946,2015,"4.1,3.6,3.4,3.1,2.8,2.5",2018,"4.8,4.3,4.0,3.9,3.6,3.6",2023-12-16 07:19:55
2525636,The Fund For Peace,Fragile State Index,C3: Group Grievance,2023,104,234,6,0.97796,2015,"1.9,1.6,1.4,1.1,1.0,0.7",2014,"4.0,3.9,3.6,3.4,3.1,2.8",2023-12-15 14:37:23
2884892,The Fund For Peace,Fragile State Index,E1: Economy,2023,104,234,6,0.94351,2015,"4.1,3.6,3.4,3.1,2.8,2.5",2014,"3.4,2.9,2.6,2.4,2.5,2.2",2023-12-16 07:20:01
492154,The Fund For Peace,Fragile State Index,Total,2023,104,2,6,0.93566,2012,"26.5,24.8,26.1,24.6,22.5,22.3",2018,"60.07930843597633,58.9,58.75381081040027,59.00000000000001,56.7,56.8",2023-12-13 12:20:53
4957767,The Fund For Peace,Fragile State Index,P1: State Legitimacy,2023,104,2,6,0.98477,2012,"2.2,1.9,1.8,1.5,1.2,1.0",2018,"6.0,5.7,5.8,5.5,5.2,5.0",2023-12-18 15:58:14
2336485,The Fund For Peace,Fragile State Index,C2: Factionalized Elites,2023,104,124,6,0.95623,2006,"1.0,1.0,1.0,1.3,1.5,1.4",2009,"7.1,7.1,7.0,8.0,8.0,8.1",2023-12-15 10:52:32
3468362,The Fund For Peace,Fragile State Index,E2: Economic Inequality,2023,104,124,6,0.96413,2006,"3.0,2.9,3.0,3.0,2.8,2.6",2009,"7.1,6.9,6.9,7.0,6.7,6.4",2023-12-16 18:10:48
2525510,The Fund For Peace,Fragile State Index,C3: Group Grievance,2023,104,243,6,0.94625,2015,"1.9,1.6,1.4,1.1,1.0,0.7",2016,"6.2,6.0,5.7,5.8,5.5,5.2",2023-12-15 14:37:10
2884791,The Fund For Peace,Fragile State Index,E1: Economy,2023,104,243,6,0.97392,2015,"4.1,3.6,3.4,3.1,2.8,2.5",2016,"5.3,5.1,4.8,4.3,4.0,3.9",2023-12-16 07:19:55
2525564,The Fund For Peace,Fragile State Index,C3: Group Grievance,2023,104,20,6,0.99416,2015,"1.9,1.6,1.4,1.1,1.0,0.7",2017,"7.1,6.8,6.5,6.2,5.9,5.6",2023-12-15 14:37:16
2884861,The Fund For Peace,Fragile State Index,E1: Economy,2023,104,20,6,0.92594,2015,"4.1,3.6,3.4,3.1,2.8,2.5",2017,"6.0,5.540714332483349,5.2,4.9,5.1,4.8",2023-12-16 07:19:59
2525516,The Fund For Peace,Fragile State Index,C3: Group Grievance,2023,104,220,6,0.98333,2015,"1.9,1.6,1.4,1.1,1.0,0.7",2015,"5.7,5.4,5.2,4.9,5.0,4.7",2023-12-15 14:37:10
2884798,The Fund For Peace,Fragile State Index,E1: Economy,2023,104,220,6,0.9366,2015,"4.1,3.6,3.4,3.1,2.8,2.5",2015,"6.7,6.4,6.2,6.26057602971615,6.2,5.916975920910515",2023-12-16 07:19:55
492119,The Fund For Peace,Fragile State Index,Total,2023,104,109,6,0.92212,2012,"26.5,24.8,26.1,24.6,22.5,22.3",2015,"64.6,65.0,65.2,63.11945865018858,61.2,60.02494703870308",2023-12-13 12:20:51
4957754,The Fund For Peace,Fragile State Index,P1: State Legitimacy,2023,104,109,6,0.99767,2012,"2.2,1.9,1.8,1.5,1.2,1.0",2015,"5.3,5.0,4.8,4.5,4.2,3.9",2023-12-18 15:58:14
2525635,The Fund For Peace,Fragile State Index,C3: Group Grievance,2023,104,234,6,0.99297,2015,"1.9,1.6,1.4,1.1,1.0,0.7",2013,"4.3,4.0,3.9,3.6,3.4,3.1",2023-12-15 14:37:23
2884891,The Fund For Peace,Fragile State Index,E1: Economy,2023,104,234,6,0.92664,2015,"4.1,3.6,3.4,3.1,2.8,2.5",2013,"3.5,3.4,2.9,2.6,2.4,2.5",2023-12-16 07:20:01
2525605,The Fund For Peace,Fragile State Index,C3: Group Grievance,2023,104,198,6,0.92525,2015,"1.9,1.6,1.4,1.1,1.0,0.7",2013,"4.8,4.8,4.5,4.5,4.5,4.2",2023-12-15 14:37:20
2884873,The Fund For Peace,Fragile State Index,E1: Economy,2023,104,198,6,0.9941,2015,"4.1,3.6,3.4,3.1,2.8,2.5",2013,"5.2,4.9,4.6,4.3,4.1,3.8",2023-12-16 07:20:00
2525425,The Fund For Peace,Fragile State Index,C3: Group Grievance,2023,104,43,6,0.99576,2015,"1.9,1.6,1.4,1.1,1.0,0.7",2010,"9.8,9.4,9.1,8.8,8.5,8.2",2023-12-15 14:37:06
2884740,The Fund For Peace,Fragile State Index,E1: Economy,2023,104,43,6,0.92307,2015,"4.1,3.6,3.4,3.1,2.8,2.5",2010,"8.5,8.5,8.3,8.0,7.7,7.8",2023-12-16 07:19:39
492237,The Fund For Peace,Fragile State Index,Total,2023,104,56,6,0.9206,2012,"26.5,24.8,26.1,24.6,22.5,22.3",2015,"66.2,64.0,62.6,60.286306956278125,57.8,56.05796495249495",2023-12-13 12:20:59
4957808,The Fund For Peace,Fragile State Index,P1: State Legitimacy,2023,104,56,6,0.99767,2012,"2.2,1.9,1.8,1.5,1.2,1.0",2015,"5.3,5.0,4.8,4.5,4.2,3.9",2023-12-18 15:58:17
2525623,The Fund For Peace,Fragile State Index,C3: Group Grievance,2023,104,179,6,0.93664,2015,"1.9,1.6,1.4,1.1,1.0,0.7",2007,"5.6,5.3,5.2,5.2,4.9,4.9",2023-12-15 14:37:20
2884880,The Fund For Peace,Fragile State Index,E1: Economy,2023,104,179,6,0.9807,2015,"4.1,3.6,3.4,3.1,2.8,2.5",2007,"4.9,4.6,4.4,4.1,3.7,3.2",2023-12-16 07:20:00
2525497,The Fund For Peace,Fragile State Index,C3: Group Grievance,2023,104,54,6,0.91895,2015,"1.9,1.6,1.4,1.1,1.0,0.7",2011,"5.1,4.8,4.8,4.8,4.5,4.2",2023-12-15 14:37:09
2884777,The Fund For Peace,Fragile State Index,E1: Economy,2023,104,54,6,0.99795,2015,"4.1,3.6,3.4,3.1,2.8,2.5",2011,"6.0,5.5,5.2,4.8,4.5,4.2",2023-12-16 07:19:53
2525699,The Fund For Peace,Fragile State Index,C3: Group Grievance,2023,104,209,6,0.96553,2015,"1.9,1.6,1.4,1.1,1.0,0.7",2017,"9.7,9.7,9.4,9.1,8.8,8.5",2023-12-15 14:37:27
2884910,The Fund For Peace,Fragile State Index,E1: Economy,2023,104,209,6,0.9498,2015,"4.1,3.6,3.4,3.1,2.8,2.5",2017,"10.0,10.0,9.8,9.5,9.2,8.9",2023-12-16 07:20:02
492921,The Fund For Peace,Fragile State Index,Total,2023,104,169,6,0.92306,2012,"26.5,24.8,26.1,24.6,22.5,22.3",2009,"84.6,84.6,84.4,82.2,80.8,79.5",2023-12-13 12:21:42
4958086,The Fund For Peace,Fragile State Index,P1: State Legitimacy,2023,104,169,6,0.99224,2012,"2.2,1.9,1.8,1.5,1.2,1.0",2009,"7.5,7.3,7.3,7.0,6.7,6.6",2023-12-18 15:58:35
492450,The Fund For Peace,Fragile State Index,Total,2023,104,177,6,0.93814,2012,"26.5,24.8,26.1,24.6,22.5,22.3",2015,"29.7,29.2,29.0,27.27345053662528,25.3,23.51466331089092",2023-12-13 12:21:13
4957890,The Fund For Peace,Fragile State Index,P1: State Legitimacy,2023,104,177,6,0.97713,2012,"2.2,1.9,1.8,1.5,1.2,1.0",2015,"1.8,1.8,1.6,1.3,1.0,0.8197920437077559",2023-12-18 15:58:22
492467,The Fund For Peace,Fragile State Index,Total,2023,104,126,6,0.92374,2012,"26.5,24.8,26.1,24.6,22.5,22.3",2014,"43.2,43.0,42.4,41.7,39.40955428935555,38.1",2023-12-13 12:21:14
4957897,The Fund For Peace,Fragile State Index,P1: State Legitimacy,2023,104,126,6,0.99108,2012,"2.2,1.9,1.8,1.5,1.2,1.0",2014,"3.5,3.2,2.9,2.7,2.4000000000000004,2.1",2023-12-18 15:58:23
492535,The Fund For Peace,Fragile State Index,Total,2023,104,81,6,0.95976,2012,"26.5,24.8,26.1,24.6,22.5,22.3",2014,"30.6,28.1,28.6,28.1,25.83337235566515,24.7",2023-12-13 12:21:18
4957950,The Fund For Peace,Fragile State Index,P1: State Legitimacy,2023,104,81,6,0.95492,2012,"2.2,1.9,1.8,1.5,1.2,1.0",2014,"1.5,1.2,1.0,1.0,0.7,0.7",2023-12-18 15:58:26
492740,The Fund For Peace,Fragile State Index,Total,2023,104,108,6,0.91784,2012,"26.5,24.8,26.1,24.6,22.5,22.3",2015,"100.1,97.9,96.5,94.56151916975632,92.1,89.72267369142226",2023-12-13 12:21:31
4958046,The Fund For Peace,Fragile State Index,P1: State Legitimacy,2023,104,108,6,0.99661,2012,"2.2,1.9,1.8,1.5,1.2,1.0",2015,"8.5,8.1,7.9,7.6,7.3,7.0",2023-12-18 15:58:32
2525526,The Fund For Peace,Fragile State Index,C3: Group Grievance,2023,104,119,6,0.98566,2015,"1.9,1.6,1.4,1.1,1.0,0.7",2009,"7.0,6.8,6.5,6.3,6.1,6.0",2023-12-15 14:37:11
2884807,The Fund For Peace,Fragile State Index,E1: Economy,2023,104,119,6,0.92872,2015,"4.1,3.6,3.4,3.1,2.8,2.5",2009,"7.5,7.3,7.2,6.7,5.7,5.8",2023-12-16 07:19:56
492561,The Fund For Peace,Fragile State Index,Total,2023,104,67,6,0.91639,2012,"26.5,24.8,26.1,24.6,22.5,22.3",2015,"43.7,43.4,44.7,42.990053644081904,40.8,38.52345451018706",2023-12-13 12:21:20
4957974,The Fund For Peace,Fragile State Index,P1: State Legitimacy,2023,104,67,6,0.99767,2012,"2.2,1.9,1.8,1.5,1.2,1.0",2015,"3.2,2.9,2.7,2.4000000000000004,2.1,1.8",2023-12-18 15:58:27
492468,The Fund For Peace,Fragile State Index,Total,2023,104,126,6,0.91591,2012,"26.5,24.8,26.1,24.6,22.5,22.3",2015,"43.0,42.4,41.7,39.40955428935555,38.1,36.47089084336904",2023-12-13 12:21:14
4957898,The Fund For Peace,Fragile State Index,P1: State Legitimacy,2023,104,126,6,0.99767,2012,"2.2,1.9,1.8,1.5,1.2,1.0",2015,"3.2,2.9,2.7,2.4000000000000004,2.1,1.8",2023-12-18 15:58:23
2525626,The Fund For Peace,Fragile State Index,C3: Group Grievance,2023,104,179,6,0.91895,2015,"1.9,1.6,1.4,1.1,1.0,0.7",2014,"4.9,4.6,4.6,4.6,4.3,4.0",2023-12-15 14:37:21
2884887,The Fund For Peace,Fragile State Index,E1: Economy,2023,104,179,6,0.99456,2015,"4.1,3.6,3.4,3.1,2.8,2.5",2014,"2.9,2.6,2.3,2.1,1.8,1.5",2023-12-16 07:20:01
2525415,The Fund For Peace,Fragile State Index,C3: Group Grievance,2023,104,250,6,0.9159,2015,"1.9,1.6,1.4,1.1,1.0,0.7",2010,"8.8,9.0,8.7,8.4,8.1,7.8",2023-12-15 14:37:04
2884739,The Fund For Peace,Fragile State Index,E1: Economy,2023,104,250,6,0.99761,2015,"4.1,3.6,3.4,3.1,2.8,2.5",2010,"9.6,9.0,8.9,8.6,8.3,8.0",2023-12-16 07:19:38
2525514,The Fund For Peace,Fragile State Index,C3: Group Grievance,2023,104,220,6,0.98227,2015,"1.9,1.6,1.4,1.1,1.0,0.7",2013,"6.0,5.9,5.7,5.4,5.2,4.9",2023-12-15 14:37:10
2884797,The Fund For Peace,Fragile State Index,E1: Economy,2023,104,220,6,0.93097,2015,"4.1,3.6,3.4,3.1,2.8,2.5",2013,"6.8,6.7,6.7,6.4,6.2,6.26057602971615",2023-12-16 07:19:55
492105,The Fund For Peace,Fragile State Index,Total,2023,104,29,6,0.92394,2012,"26.5,24.8,26.1,24.6,22.5,22.3",2009,"68.8,68.6,67.9,66.5,64.0,64.5",2023-12-13 12:20:50
4957738,The Fund For Peace,Fragile State Index,P1: State Legitimacy,2023,104,29,6,0.98913,2012,"2.2,1.9,1.8,1.5,1.2,1.0",2009,"5.8,5.3,5.0,4.7,4.4,4.1",2023-12-18 15:58:11
493189,The Fund For Peace,Fragile State Index,Total,2023,104,213,6,0.91951,2012,"26.5,24.8,26.1,24.6,22.5,22.3",2012,"71.2,71.2,70.6,68.4,66.7,65.9",2023-12-13 12:22:00
4958174,The Fund For Peace,Fragile State Index,P1: State Legitimacy,2023,104,213,6,0.99245,2012,"2.2,1.9,1.8,1.5,1.2,1.0",2012,"6.4,6.1,5.8,5.5,5.2,5.0",2023-12-18 15:58:40
2525645,The Fund For Peace,Fragile State Index,C3: Group Grievance,2023,104,72,6,0.93589,2015,"1.9,1.6,1.4,1.1,1.0,0.7",2014,"7.3,7.0,7.1,6.9,6.6000000000000005,6.3",2023-12-15 14:37:24
2884896,The Fund For Peace,Fragile State Index,E1: Economy,2023,104,72,6,0.97564,2015,"4.1,3.6,3.4,3.1,2.8,2.5",2014,"7.0,6.7,6.7,6.5,6.235548067320703,5.9",2023-12-16 07:20:01
2525529,The Fund For Peace,Fragile State Index,C3: Group Grievance,2023,104,219,6,0.9284,2015,"1.9,1.6,1.4,1.1,1.0,0.7",2016,"7.6,7.4,7.1000000000000005,6.8,6.5,6.7",2023-12-15 14:37:11
2884819,The Fund For Peace,Fragile State Index,E1: Economy,2023,104,219,6,0.98313,2015,"4.1,3.6,3.4,3.1,2.8,2.5",2016,"7.5,7.3,7.0,6.7,6.4,6.3",2023-12-16 07:19:57
493228,The Fund For Peace,Fragile State Index,Total,2023,104,86,6,0.92589,2012,"26.5,24.8,26.1,24.6,22.5,22.3",2014,"65.2,63.5,63.0,61.5,59.9,57.6",2023-12-13 12:22:03
4958203,The Fund For Peace,Fragile State Index,P1: State Legitimacy,2023,104,86,6,0.98532,2012,"2.2,1.9,1.8,1.5,1.2,1.0",2014,"6.2,5.9,5.6,5.4,5.2,4.9",2023-12-18 15:58:42
492210,The Fund For Peace,Fragile State Index,Total,2023,104,144,6,0.933,2012,"26.5,24.8,26.1,24.6,22.5,22.3",2012,"58.7,57.8,58.1,57.0,56.6,56.7",2023-12-13 12:20:57
4957798,The Fund For Peace,Fragile State Index,P1: State Legitimacy,2023,104,144,6,0.97767,2012,"2.2,1.9,1.8,1.5,1.2,1.0",2012,"5.6,5.3,4.8,4.5,4.2,4.0",2023-12-18 15:58:16
2525519,The Fund For Peace,Fragile State Index,C3: Group Grievance,2023,104,26,6,0.9921,2015,"1.9,1.6,1.4,1.1,1.0,0.7",2012,"7.4,7.1,6.8,6.5,6.2,6.0",2023-12-15 14:37:10
2884803,The Fund For Peace,Fragile State Index,E1: Economy,2023,104,26,6,0.9183,2015,"4.1,3.6,3.4,3.1,2.8,2.5",2012,"6.5,6.2,5.9,5.4,5.1,5.4",2023-12-16 07:19:56
493394,The Fund For Peace,Fragile State Index,Total,2023,104,122,6,0.92312,2012,"26.5,24.8,26.1,24.6,22.5,22.3",2008,"81.7,81.8,82.2,80.4,79.0,79.4",2023-12-13 12:22:13
4958308,The Fund For Peace,Fragile State Index,P1: State Legitimacy,2023,104,122,6,0.9872,2012,"2.2,1.9,1.8,1.5,1.2,1.0",2008,"7.6,7.4,7.2,6.9,6.3,6.0",2023-12-18 15:58:49
493330,The Fund For Peace,Fragile State Index,Total,2023,104,204,6,0.91247,2012,"26.5,24.8,26.1,24.6,22.5,22.3",2015,"85.9,85.3,84.8,83.10491831793692,81.9,79.74524648137532",2023-12-13 12:22:09
4958264,The Fund For Peace,Fragile State Index,P1: State Legitimacy,2023,104,204,6,0.99767,2012,"2.2,1.9,1.8,1.5,1.2,1.0",2015,"7.3,7.0,6.8,6.5,6.2,5.9",2023-12-18 15:58:46
493149,The Fund For Peace,Fragile State Index,Total,2023,104,226,6,0.91903,2012,"26.5,24.8,26.1,24.6,22.5,22.3",2014,"61.3,58.7,57.8,56.7,54.6057398402105,53.0",2023-12-13 12:21:57
4958137,The Fund For Peace,Fragile State Index,P1: State Legitimacy,2023,104,226,6,0.99108,2012,"2.2,1.9,1.8,1.5,1.2,1.0",2014,"5.3,5.0,4.7,4.5,4.2,3.9",2023-12-18 15:58:38
493150,The Fund For Peace,Fragile State Index,Total,2023,104,226,6,0.91208,2012,"26.5,24.8,26.1,24.6,22.5,22.3",2015,"58.7,57.8,56.7,54.6057398402105,53.0,51.9451410707907",2023-12-13 12:21:57
4958138,The Fund For Peace,Fragile State Index,P1: State Legitimacy,2023,104,226,6,0.99767,2012,"2.2,1.9,1.8,1.5,1.2,1.0",2015,"5.0,4.7,4.5,4.2,3.9,3.6",2023-12-18 15:58:38
493266,The Fund For Peace,Fragile State Index,Total,2023,104,127,6,0.96227,2012,"26.5,24.8,26.1,24.6,22.5,22.3",2014,"24.6,22.1,24.1,23.4,20.757276455472248,20.4",2023-12-13 12:22:06
4958232,The Fund For Peace,Fragile State Index,P1: State Legitimacy,2023,104,127,6,0.94694,2012,"2.2,1.9,1.8,1.5,1.2,1.0",2014,"1.6,1.3,1.0,1.0,0.7,0.7",2023-12-18 15:58:44
1966685,The Fund For Peace,Fragile State Index,C1: Security Apparatus,2023,104,92,6,0.92112,2007,"1.0,1.0,1.1,1.4,1.6,1.7",2006,"7.5,8.0,8.4,8.5,8.9,9.3",2023-12-15 03:45:14
4491169,The Fund For Peace,Fragile State Index,E3: Human Flight and Brain Drain,2023,104,92,6,0.98618,2007,"2.1,2.0,2.0,2.0,2.4,3.0",2006,"7.0,7.0,7.0,7.0,7.1,7.4",2023-12-18 07:20:05
2525394,The Fund For Peace,Fragile State Index,C3: Group Grievance,2023,104,114,6,0.93624,2015,"1.9,1.6,1.4,1.1,1.0,0.7",2014,"9.3,9.0,9.1,8.9,8.9,8.6",2023-12-15 14:37:03
2884707,The Fund For Peace,Fragile State Index,E1: Economy,2023,104,114,6,0.97094,2015,"4.1,3.6,3.4,3.1,2.8,2.5",2014,"7.9,7.5,7.4,6.9,7.0,6.6",2023-12-16 07:19:36
2525624,The Fund For Peace,Fragile State Index,C3: Group Grievance,2023,104,179,6,0.92904,2015,"1.9,1.6,1.4,1.1,1.0,0.7",2008,"5.3,5.2,5.2,4.9,4.9,4.9",2023-12-15 14:37:20
2884881,The Fund For Peace,Fragile State Index,E1: Economy,2023,104,179,6,0.97804,2015,"4.1,3.6,3.4,3.1,2.8,2.5",2008,"4.6,4.4,4.1,3.7,3.2,2.9",2023-12-16 07:20:00
493340,The Fund For Peace,Fragile State Index,Total,2023,104,222,6,0.91064,2012,"26.5,24.8,26.1,24.6,22.5,22.3",2015,"90.5,90.8,90.5,88.25683064064846,85.5,82.66311377505994",2023-12-13 12:22:10
4958272,The Fund For Peace,Fragile State Index,P1: State Legitimacy,2023,104,222,6,0.99629,2012,"2.2,1.9,1.8,1.5,1.2,1.0",2015,"7.4,7.1,6.9,6.4,6.1,5.8",2023-12-18 15:58:46
2525483,The Fund For Peace,Fragile State Index,C3: Group Grievance,2023,104,45,6,0.95223,2015,"1.9,1.6,1.4,1.1,1.0,0.7",2017,"7.9,7.6,7.3,7.399999999999999,7.1,6.8",2023-12-15 14:37:09
2884760,The Fund For Peace,Fragile State Index,E1: Economy,2023,104,45,6,0.95464,2015,"4.1,3.6,3.4,3.1,2.8,2.5",2017,"4.4,4.1000000000000005,4.2,3.9,3.7,3.3",2023-12-16 07:19:41
2525505,The Fund For Peace,Fragile State Index,C3: Group Grievance,2023,104,121,6,0.95306,2015,"1.9,1.6,1.4,1.1,1.0,0.7",2008,"9.4,9.2,9.0,8.7,8.4,8.5",2023-12-15 14:37:10
2884780,The Fund For Peace,Fragile State Index,E1: Economy,2023,104,121,6,0.95164,2015,"4.1,3.6,3.4,3.1,2.8,2.5",2008,"6.3,6.3,6.1,5.7,5.5,5.3",2023-12-16 07:19:54
1966500,The Fund For Peace,Fragile State Index,C1: Security Apparatus,2023,104,124,6,0.95614,2007,"1.0,1.0,1.1,1.4,1.6,1.7",2009,"5.4,5.2,5.9,9.0,8.9,9.2",2023-12-15 03:45:03
4491098,The Fund For Peace,Fragile State Index,E3: Human Flight and Brain Drain,2023,104,124,6,0.9477,2007,"2.1,2.0,2.0,2.0,2.4,3.0",2009,"4.0,4.2,3.9,3.9,4.2,5.5",2023-12-18 07:20:01
493042,The Fund For Peace,Fragile State Index,Total,2023,104,25,6,0.91066,2012,"26.5,24.8,26.1,24.6,22.5,22.3",2016,"77.6,76.0,74.27398470769302,72.0,69.50902262964706,68.3",2023-12-13 12:21:49
4958116,The Fund For Peace,Fragile State Index,P1: State Legitimacy,2023,104,25,6,0.99245,2012,"2.2,1.9,1.8,1.5,1.2,1.0",2016,"4.5,4.3,4.0,3.7,3.4000000000000004,3.1",2023-12-18 15:58:37
2525627,The Fund For Peace,Fragile State Index,C3: Group Grievance,2023,104,179,6,0.90764,2015,"1.9,1.6,1.4,1.1,1.0,0.7",2015,"4.6,4.6,4.6,4.3,4.0,3.7",2023-12-15 14:37:22
2884888,The Fund For Peace,Fragile State Index,E1: Economy,2023,104,179,6,0.9941,2015,"4.1,3.6,3.4,3.1,2.8,2.5",2015,"2.6,2.3,2.1,1.8,1.5,1.2",2023-12-16 07:20:01
2525377,The Fund For Peace,Fragile State Index,C3: Group Grievance,2023,104,239,6,0.9072,2015,"1.9,1.6,1.4,1.1,1.0,0.7",2014,"7.4,7.6,7.3,7.1,6.9,6.6",2023-12-15 14:37:02
2884679,The Fund For Peace,Fragile State Index,E1: Economy,2023,104,239,6,0.99454,2015,"4.1,3.6,3.4,3.1,2.8,2.5",2014,"7.1,6.8,6.5,6.3,6.1,5.8",2023-12-16 07:19:34
493279,The Fund For Peace,Fragile State Index,Total,2023,104,179,6,0.91482,2012,"26.5,24.8,26.1,24.6,22.5,22.3",2007,"53.6,52.7,51.9,51.8,49.5,48.0",2023-12-13 12:22:06
4958242,The Fund For Peace,Fragile State Index,P1: State Legitimacy,2023,104,179,6,0.98626,2012,"2.2,1.9,1.8,1.5,1.2,1.0",2007,"7.0,6.8,6.5,6.3,6.0,5.9",2023-12-18 15:58:45
2525477,The Fund For Peace,Fragile State Index,C3: Group Grievance,2023,104,223,6,0.98313,2015,"1.9,1.6,1.4,1.1,1.0,0.7",2008,"6.0,5.8,5.6,5.4,5.1,4.8",2023-12-15 14:37:08
2884755,The Fund For Peace,Fragile State Index,E1: Economy,2023,104,223,6,0.91769,2015,"4.1,3.6,3.4,3.1,2.8,2.5",2008,"8.2,8.2,8.0,8.0,7.7,7.4",2023-12-16 07:19:40
2336550,The Fund For Peace,Fragile State Index,C2: Factionalized Elites,2023,104,138,6,0.93208,2006,"1.0,1.0,1.0,1.3,1.5,1.4",2006,"3.0,3.0,3.0,3.3,3.3,3.2",2023-12-15 10:52:36
3468406,The Fund For Peace,Fragile State Index,E2: Economic Inequality,2023,104,138,6,0.96866,2006,"3.0,2.9,3.0,3.0,2.8,2.6",2006,"6.0,5.9,5.9,5.9,5.7,5.4",2023-12-16 18:10:51
2525498,The Fund For Peace,Fragile State Index,C3: Group Grievance,2023,104,54,6,0.91064,2015,"1.9,1.6,1.4,1.1,1.0,0.7",2012,"4.8,4.8,4.8,4.5,4.2,4.0",2023-12-15 14:37:09
2884778,The Fund For Peace,Fragile State Index,E1: Economy,2023,104,54,6,0.98953,2015,"4.1,3.6,3.4,3.1,2.8,2.5",2012,"5.5,5.2,4.8,4.5,4.2,4.0",2023-12-16 07:19:53
2525402,The Fund For Peace,Fragile State Index,C3: Group Grievance,2023,104,108,6,0.97132,2015,"1.9,1.6,1.4,1.1,1.0,0.7",2013,"9.0,9.0,8.7,8.3,8.1,7.8",2023-12-15 14:37:03
2884730,The Fund For Peace,Fragile State Index,E1: Economy,2023,104,108,6,0.92878,2015,"4.1,3.6,3.4,3.1,2.8,2.5",2013,"7.7,7.4,7.1,6.8,6.6,6.783511820172231",2023-12-16 07:19:38
493280,The Fund For Peace,Fragile State Index,Total,2023,104,179,6,0.94584,2012,"26.5,24.8,26.1,24.6,22.5,22.3",2008,"52.7,51.9,51.8,49.5,48.0,47.1",2023-12-13 12:22:06
4958243,The Fund For Peace,Fragile State Index,P1: State Legitimacy,2023,104,179,6,0.95326,2012,"2.2,1.9,1.8,1.5,1.2,1.0",2008,"6.8,6.5,6.3,6.0,5.9,5.9",2023-12-18 15:58:45
493238,The Fund For Peace,Fragile State Index,Total,2023,104,198,6,0.95313,2012,"26.5,24.8,26.1,24.6,22.5,22.3",2012,"65.1,64.0,63.7,62.1,60.2,59.4",2023-12-13 12:22:04
4958213,The Fund For Peace,Fragile State Index,P1: State Legitimacy,2023,104,198,6,0.94565,2012,"2.2,1.9,1.8,1.5,1.2,1.0",2012,"6.3,6.3,6.0,5.7,5.7,5.5",2023-12-18 15:58:43
492529,The Fund For Peace,Fragile State Index,Total,2023,104,81,6,0.9293,2012,"26.5,24.8,26.1,24.6,22.5,22.3",2008,"37.3,36.2,35.4,33.9,31.7,29.7",2023-12-13 12:21:18
4957944,The Fund For Peace,Fragile State Index,P1: State Legitimacy,2023,104,81,6,0.96919,2012,"2.2,1.9,1.8,1.5,1.2,1.0",2008,"2.3,2.3,2.1,1.9,1.7,1.4",2023-12-18 15:58:26
493041,The Fund For Peace,Fragile State Index,Total,2023,104,25,6,0.90541,2012,"26.5,24.8,26.1,24.6,22.5,22.3",2015,"78.7,77.6,76.0,74.27398470769302,72.0,69.50902262964706",2023-12-13 12:21:49
4958115,The Fund For Peace,Fragile State Index,P1: State Legitimacy,2023,104,25,6,0.99287,2012,"2.2,1.9,1.8,1.5,1.2,1.0",2015,"5.0,4.5,4.3,4.0,3.7,3.4000000000000004",2023-12-18 15:58:37
492861,The Fund For Peace,Fragile State Index,Total,2023,104,142,6,0.91696,2012,"26.5,24.8,26.1,24.6,22.5,22.3",2008,"85.7,85.1,83.8,81.2,78.7,76.5",2023-12-13 12:21:38
4958074,The Fund For Peace,Fragile State Index,P1: State Legitimacy,2023,104,142,6,0.98131,2012,"2.2,1.9,1.8,1.5,1.2,1.0",2008,"8.3,8.1,7.9,7.6,7.4,6.9",2023-12-18 15:58:34
492173,The Fund For Peace,Fragile State Index,Total,2023,104,53,6,0.90627,2012,"26.5,24.8,26.1,24.6,22.5,22.3",2010,"59.0,57.3,56.3,54.1,52.9,51.0",2023-12-13 12:20:54
4957776,The Fund For Peace,Fragile State Index,P1: State Legitimacy,2023,104,53,6,0.99153,2012,"2.2,1.9,1.8,1.5,1.2,1.0",2010,"4.8,4.4,4.2,3.9,3.7,3.4",2023-12-18 15:58:15
493229,The Fund For Peace,Fragile State Index,Total,2023,104,86,6,0.90293,2012,"26.5,24.8,26.1,24.6,22.5,22.3",2015,"63.5,63.0,61.5,59.9,57.6,55.24684546356435",2023-12-13 12:22:03
4958204,The Fund For Peace,Fragile State Index,P1: State Legitimacy,2023,104,86,6,0.9947,2012,"2.2,1.9,1.8,1.5,1.2,1.0",2015,"5.9,5.6,5.4,5.2,4.9,4.6000000000000005",2023-12-18 15:58:42
493261,The Fund For Peace,Fragile State Index,Total,2023,104,127,6,0.93009,2012,"26.5,24.8,26.1,24.6,22.5,22.3",2007,"28.1,27.9,27.6,27.3,26.1,25.5",2023-12-13 12:22:05
4958225,The Fund For Peace,Fragile State Index,P1: State Legitimacy,2023,104,127,6,0.96596,2012,"2.2,1.9,1.8,1.5,1.2,1.0",2007,"3.3,3.3,2.9,2.7,2.5,2.2",2023-12-18 15:58:44
493388,The Fund For Peace,Fragile State Index,Total,2023,104,37,6,0.90185,2012,"26.5,24.8,26.1,24.6,22.5,22.3",2018,"68.00000000000001,66.6,64.7781708998417,64.2,61.4,60.1",2023-12-13 12:22:13
4958306,The Fund For Peace,Fragile State Index,P1: State Legitimacy,2023,104,37,6,0.9941,2012,"2.2,1.9,1.8,1.5,1.2,1.0",2018,"5.0,4.7,4.4,4.1,3.8,3.5",2023-12-18 15:58:49
2525563,The Fund For Peace,Fragile State Index,C3: Group Grievance,2023,104,20,6,0.96553,2015,"1.9,1.6,1.4,1.1,1.0,0.7",2016,"7.1,7.1,6.8,6.5,6.2,5.9",2023-12-15 14:37:16
2884860,The Fund For Peace,Fragile State Index,E1: Economy,2023,104,20,6,0.9303,2015,"4.1,3.6,3.4,3.1,2.8,2.5",2016,"6.2,6.0,5.540714332483349,5.2,4.9,5.1",2023-12-16 07:19:59
492509,The Fund For Peace,Fragile State Index,Total,2023,104,238,6,0.92465,2012,"26.5,24.8,26.1,24.6,22.5,22.3",2010,"41.3,40.4,40.5,38.4,37.9,36.4",2023-12-13 12:21:17
4957927,The Fund For Peace,Fragile State Index,P1: State Legitimacy,2023,104,238,6,0.9703,2012,"2.2,1.9,1.8,1.5,1.2,1.0",2010,"2.6,2.5,2.2,1.7,1.6,1.4",2023-12-18 15:58:25
2525250,The Fund For Peace,Fragile State Index,C3: Group Grievance,2023,104,82,6,0.95752,2015,"1.9,1.6,1.4,1.1,1.0,0.7",2017,"4.4,4.1000000000000005,3.8,3.5,3.2,3.3",2023-12-15 14:36:54
2884587,The Fund For Peace,Fragile State Index,E1: Economy,2023,104,82,6,0.93667,2015,"4.1,3.6,3.4,3.1,2.8,2.5",2017,"6.1,6.0,5.7,5.4,5.5,5.3",2023-12-16 07:19:29
1966653,The Fund For Peace,Fragile State Index,C1: Security Apparatus,2023,104,217,6,0.95199,2007,"1.0,1.0,1.1,1.4,1.6,1.7",2010,"7.6,7.5,8.5,9.8,10.0,10.0",2023-12-15 03:45:12
4491148,The Fund For Peace,Fragile State Index,E3: Human Flight and Brain Drain,2023,104,217,6,0.94215,2007,"2.1,2.0,2.0,2.0,2.4,3.0",2010,"6.6,6.3,6.0,6.2,6.9,7.4",2023-12-18 07:20:04
492131,The Fund For Peace,Fragile State Index,Total,2023,104,196,6,0.90163,2012,"26.5,24.8,26.1,24.6,22.5,22.3",2014,"82.8,82.9,83.6,82.3,79.62828847155544,77.2",2023-12-13 12:20:52
4957761,The Fund For Peace,Fragile State Index,P1: State Legitimacy,2023,104,196,6,0.99241,2012,"2.2,1.9,1.8,1.5,1.2,1.0",2014,"6.0,5.5,5.2,4.7,4.4,4.1",2023-12-18 15:58:14
2525393,The Fund For Peace,Fragile State Index,C3: Group Grievance,2023,104,63,6,0.96553,2015,"1.9,1.6,1.4,1.1,1.0,0.7",2018,"8.9,8.9,8.6,8.3,8.0,7.7",2023-12-15 14:37:03
2884703,The Fund For Peace,Fragile State Index,E1: Economy,2023,104,63,6,0.92813,2015,"4.1,3.6,3.4,3.1,2.8,2.5",2018,"7.899999999999999,7.9,7.6,7.3,7.0,7.1",2023-12-16 07:19:36
2525539,The Fund For Peace,Fragile State Index,C3: Group Grievance,2023,104,92,6,0.95964,2015,"1.9,1.6,1.4,1.1,1.0,0.7",2016,"5.4,5.2,5.2,4.9,4.6000000000000005,4.3",2023-12-15 14:37:13
2884850,The Fund For Peace,Fragile State Index,E1: Economy,2023,104,92,6,0.93386,2015,"4.1,3.6,3.4,3.1,2.8,2.5",2016,"8.5,8.3,8.0,7.7,7.4,7.6",2023-12-16 07:19:58
2525414,The Fund For Peace,Fragile State Index,C3: Group Grievance,2023,104,250,6,0.91305,2015,"1.9,1.6,1.4,1.1,1.0,0.7",2009,"9.1,8.8,9.0,8.7,8.4,8.1",2023-12-15 14:37:04
2884738,The Fund For Peace,Fragile State Index,E1: Economy,2023,104,250,6,0.98001,2015,"4.1,3.6,3.4,3.1,2.8,2.5",2009,"10.0,9.6,9.0,8.9,8.6,8.3",2023-12-16 07:19:38
492203,The Fund For Peace,Fragile State Index,Total,2023,104,170,6,0.91768,2012,"26.5,24.8,26.1,24.6,22.5,22.3",2013,"55.8,55.7,54.6,53.2,50.7,49.48072267554133",2023-12-13 12:20:56
4957792,The Fund For Peace,Fragile State Index,P1: State Legitimacy,2023,104,170,6,0.97461,2012,"2.2,1.9,1.8,1.5,1.2,1.0",2013,"4.7,4.6,4.0,3.7,3.2,3.031674531996406",2023-12-18 15:58:16
493197,The Fund For Peace,Fragile State Index,Total,2023,104,192,6,0.91584,2012,"26.5,24.8,26.1,24.6,22.5,22.3",2008,"72.4,71.4,71.1,69.5,68.5,68.7",2023-12-13 12:22:01
4958181,The Fund For Peace,Fragile State Index,P1: State Legitimacy,2023,104,192,6,0.97599,2012,"2.2,1.9,1.8,1.5,1.2,1.0",2008,"6.7,6.6,6.4,6.2,6.0,6.0",2023-12-18 15:58:41
493038,The Fund For Peace,Fragile State Index,Total,2023,104,25,6,0.90367,2012,"26.5,24.8,26.1,24.6,22.5,22.3",2012,"82.4,81.8,80.9,78.7,77.6,76.0",2023-12-13 12:21:49
4958112,The Fund For Peace,Fragile State Index,P1: State Legitimacy,2023,104,25,6,0.98812,2012,"2.2,1.9,1.8,1.5,1.2,1.0",2012,"6.3,6.0,5.5,5.0,4.5,4.3",2023-12-18 15:58:37
493310,The Fund For Peace,Fragile State Index,Total,2023,104,72,6,0.96911,2012,"26.5,24.8,26.1,24.6,22.5,22.3",2011,"81.1,80.5,80.8,79.0,76.7,76.2",2023-12-13 12:22:08
4958253,The Fund For Peace,Fragile State Index,P1: State Legitimacy,2023,104,72,6,0.92172,2012,"2.2,1.9,1.8,1.5,1.2,1.0",2011,"8.6,8.8,8.8,7.8,7.4,7.1",2023-12-18 15:58:45
492974,The Fund For Peace,Fragile State Index,Total,2023,104,197,6,0.93498,2012,"26.5,24.8,26.1,24.6,22.5,22.3",2007,"81.1,80.1,79.2,77.8,74.4,75.0",2023-12-13 12:21:45
4958094,The Fund For Peace,Fragile State Index,P1: State Legitimacy,2023,104,197,6,0.95576,2012,"2.2,1.9,1.8,1.5,1.2,1.0",2007,"7.5,7.4,7.3,6.8,6.5,6.6",2023-12-18 15:58:35
2336640,The Fund For Peace,Fragile State Index,C2: Factionalized Elites,2023,104,134,6,0.94527,2006,"1.0,1.0,1.0,1.3,1.5,1.4",2007,"1.6,1.6,1.7,2.0,2.0,2.0",2023-12-15 10:52:43
3468486,The Fund For Peace,Fragile State Index,E2: Economic Inequality,2023,104,134,6,0.94497,2006,"3.0,2.9,3.0,3.0,2.8,2.6",2007,"4.5,4.5,4.6,4.4,4.1,3.8",2023-12-16 18:10:56
2525335,The Fund For Peace,Fragile State Index,C3: Group Grievance,2023,104,73,6,0.98924,2015,"1.9,1.6,1.4,1.1,1.0,0.7",2016,"2.0,1.8,1.5,1.2,0.8999999999999999,0.6",2023-12-15 14:36:59
2884649,The Fund For Peace,Fragile State Index,E1: Economy,2023,104,73,6,0.90038,2015,"4.1,3.6,3.4,3.1,2.8,2.5",2016,"3.7,3.5,3.2,2.9,2.6,2.9",2023-12-16 07:19:33
1966521,The Fund For Peace,Fragile State Index,C1: Security Apparatus,2023,104,147,6,0.96637,2007,"1.0,1.0,1.1,1.4,1.6,1.7",2008,"5.1,5.1,5.4,5.9,6.6,6.3",2023-12-15 03:45:04
4491108,The Fund For Peace,Fragile State Index,E3: Human Flight and Brain Drain,2023,104,147,6,0.92284,2007,"2.1,2.0,2.0,2.0,2.4,3.0",2008,"6.2,6.2,6.4,6.4,6.7,7.0",2023-12-18 07:20:02
493241,The Fund For Peace,Fragile State Index,Total,2023,104,198,6,0.91501,2012,"26.5,24.8,26.1,24.6,22.5,22.3",2015,"62.1,60.2,59.4,56.754155689071474,55.2,54.6754977355289",2023-12-13 12:22:04
4958216,The Fund For Peace,Fragile State Index,P1: State Legitimacy,2023,104,198,6,0.97378,2012,"2.2,1.9,1.8,1.5,1.2,1.0",2015,"5.7,5.7,5.5,5.2,4.9,4.6000000000000005",2023-12-18 15:58:43
492193,The Fund For Peace,Fragile State Index,Total,2023,104,82,6,0.90672,2012,"26.5,24.8,26.1,24.6,22.5,22.3",2015,"71.8,71.2,69.7,68.1221863165064,65.9,64.15816913182405",2023-12-13 12:20:56
4957788,The Fund For Peace,Fragile State Index,P1: State Legitimacy,2023,104,82,6,0.98196,2012,"2.2,1.9,1.8,1.5,1.2,1.0",2015,"5.0,4.7,4.2,3.9,3.6,3.3000000000000003",2023-12-18 15:58:16
2525644,The Fund For Peace,Fragile State Index,C3: Group Grievance,2023,104,72,6,0.90408,2015,"1.9,1.6,1.4,1.1,1.0,0.7",2013,"7.3,7.3,7.0,7.1,6.9,6.6000000000000005",2023-12-15 14:37:24
2884895,The Fund For Peace,Fragile State Index,E1: Economy,2023,104,72,6,0.98111,2015,"4.1,3.6,3.4,3.1,2.8,2.5",2013,"7.3,7.0,6.7,6.7,6.5,6.235548067320703",2023-12-16 07:20:01
492990,The Fund For Peace,Fragile State Index,Total,2023,104,62,6,0.94646,2012,"26.5,24.8,26.1,24.6,22.5,22.3",2015,"75.9,75.6,77.3,74.23122556430408,71.2,69.40303455188986",2023-12-13 12:21:46
4958105,The Fund For Peace,Fragile State Index,P1: State Legitimacy,2023,104,62,6,0.93869,2012,"2.2,1.9,1.8,1.5,1.2,1.0",2015,"7.0,6.7,6.5,6.2,5.7,6.0",2023-12-18 15:58:36
2525625,The Fund For Peace,Fragile State Index,C3: Group Grievance,2023,104,179,6,0.92525,2015,"1.9,1.6,1.4,1.1,1.0,0.7",2013,"4.9,4.9,4.6,4.6,4.6,4.3",2023-12-15 14:37:21
2884886,The Fund For Peace,Fragile State Index,E1: Economy,2023,104,179,6,0.95931,2015,"4.1,3.6,3.4,3.1,2.8,2.5",2013,"2.9,2.9,2.6,2.3,2.1,1.8",2023-12-16 07:20:01
2525548,The Fund For Peace,Fragile State Index,C3: Group Grievance,2023,104,38,6,0.95432,2015,"1.9,1.6,1.4,1.1,1.0,0.7",2016,"7.1,6.9,6.6000000000000005,6.3,6.0,6.1",2023-12-15 14:37:14
2884857,The Fund For Peace,Fragile State Index,E1: Economy,2023,104,38,6,0.92982,2015,"4.1,3.6,3.4,3.1,2.8,2.5",2016,"5.9,5.7,5.495624345091951,5.3,5.0,5.2",2023-12-16 07:19:59
493105,The Fund For Peace,Fragile State Index,Total,2023,104,171,6,0.91719,2012,"26.5,24.8,26.1,24.6,22.5,22.3",2018,"84.77026579816999,83.1,82.29729048388526,80.89999999999999,79.49999999999999,78.1",2023-12-13 12:21:54
4958126,The Fund For Peace,Fragile State Index,P1: State Legitimacy,2023,104,171,6,0.96604,2012,"2.2,1.9,1.8,1.5,1.2,1.0",2018,"6.5,6.2,6.031467132374356,6.0,5.8,5.7",2023-12-18 15:58:37
492634,The Fund For Peace,Fragile State Index,Total,2023,104,48,6,0.91523,2012,"26.5,24.8,26.1,24.6,22.5,22.3",2008,"89.0,89.2,88.2,87.0,84.4,83.8",2023-12-13 12:21:24
4958000,The Fund For Peace,Fragile State Index,P1: State Legitimacy,2023,104,48,6,0.96768,2012,"2.2,1.9,1.8,1.5,1.2,1.0",2008,"7.9,7.9,7.7,7.5,7.4,7.3",2023-12-18 15:58:29
2525485,The Fund For Peace,Fragile State Index,C3: Group Grievance,2023,104,142,6,0.94989,2015,"1.9,1.6,1.4,1.1,1.0,0.7",2007,"7.3,7.3,7.1,6.9,6.6,6.3",2023-12-15 14:37:09
2884762,The Fund For Peace,Fragile State Index,E1: Economy,2023,104,142,6,0.93279,2015,"4.1,3.6,3.4,3.1,2.8,2.5",2007,"7.5,7.2,6.8,7.0,6.7,6.2",2023-12-16 07:19:41
493040,The Fund For Peace,Fragile State Index,Total,2023,104,25,6,0.91004,2012,"26.5,24.8,26.1,24.6,22.5,22.3",2014,"80.9,78.7,77.6,76.0,74.27398470769302,72.0",2023-12-13 12:21:49
4958114,The Fund For Peace,Fragile State Index,P1: State Legitimacy,2023,104,25,6,0.97239,2012,"2.2,1.9,1.8,1.5,1.2,1.0",2014,"5.5,5.0,4.5,4.3,4.0,3.7",2023-12-18 15:58:37
492698,The Fund For Peace,Fragile State Index,Total,2023,104,118,6,0.92996,2012,"26.5,24.8,26.1,24.6,22.5,22.3",2015,"82.2,81.1,80.3,78.6341219093271,76.2,73.92936357080953",2023-12-13 12:21:28
4958031,The Fund For Peace,Fragile State Index,P1: State Legitimacy,2023,104,118,6,0.95231,2012,"2.2,1.9,1.8,1.5,1.2,1.0",2015,"7.8,7.9,7.7,7.4,7.1,6.8",2023-12-18 15:58:31
2525531,The Fund For Peace,Fragile State Index,C3: Group Grievance,2023,104,158,6,0.92152,2015,"1.9,1.6,1.4,1.1,1.0,0.7",2009,"8.5,8.0,7.8,7.7,7.8,7.5",2023-12-15 14:37:12
2884831,The Fund For Peace,Fragile State Index,E1: Economy,2023,104,158,6,0.95931,2015,"4.1,3.6,3.4,3.1,2.8,2.5",2009,"9.2,9.2,8.9,8.6,8.4,8.1",2023-12-16 07:19:57
2525408,The Fund For Peace,Fragile State Index,C3: Group Grievance,2023,104,103,6,0.93347,2015,"1.9,1.6,1.4,1.1,1.0,0.7",2014,"10.0,10.0,9.8,9.6,9.3,8.8",2023-12-15 14:37:04
2884734,The Fund For Peace,Fragile State Index,E1: Economy,2023,104,103,6,0.94656,2015,"4.1,3.6,3.4,3.1,2.8,2.5",2014,"7.0,6.9,6.8,6.6,6.303366593842785,5.9",2023-12-16 07:19:38
493153,The Fund For Peace,Fragile State Index,Total,2023,104,16,6,0.9236,2012,"26.5,24.8,26.1,24.6,22.5,22.3",2007,"60.1,60.5,60.9,58.9,56.5,55.1",2023-12-13 12:21:57
4958141,The Fund For Peace,Fragile State Index,P1: State Legitimacy,2023,104,16,6,0.95626,2012,"2.2,1.9,1.8,1.5,1.2,1.0",2007,"6.4,5.9,5.5,5.5,5.2,4.9",2023-12-18 15:58:38
492676,The Fund For Peace,Fragile State Index,Total,2023,104,101,6,0.94344,2012,"26.5,24.8,26.1,24.6,22.5,22.3",2016,"74.9,72.9,72.29772813709069,70.4,67.84550475118697,67.6",2023-12-13 12:21:27
4958022,The Fund For Peace,Fragile State Index,P1: State Legitimacy,2023,104,101,6,0.93502,2012,"2.2,1.9,1.8,1.5,1.2,1.0",2016,"5.3,5.1,4.8,4.5,4.2,4.4",2023-12-18 15:58:31
492717,The Fund For Peace,Fragile State Index,Total,2023,104,149,6,0.92476,2012,"26.5,24.8,26.1,24.6,22.5,22.3",2016,"96.3,95.7,96.09231014136056,94.3,94.0,93.79999999999998",2023-12-13 12:21:29
4958038,The Fund For Peace,Fragile State Index,P1: State Legitimacy,2023,104,149,6,0.95312,2012,"2.2,1.9,1.8,1.5,1.2,1.0",2016,"8.7,8.6,8.6,8.3,8.0,8.1",2023-12-18 15:58:32
492244,The Fund For Peace,Fragile State Index,Total,2023,104,150,6,0.90443,2012,"26.5,24.8,26.1,24.6,22.5,22.3",2014,"71.5,70.8,71.1,70.4,68.81558956891207,66.4",2023-12-13 12:20:59
4957816,The Fund For Peace,Fragile State Index,P1: State Legitimacy,2023,104,150,6,0.97285,2012,"2.2,1.9,1.8,1.5,1.2,1.0",2014,"4.1,3.8,3.5,3.3,3.0035868776647856,3.0",2023-12-18 15:58:17
2525646,The Fund For Peace,Fragile State Index,C3: Group Grievance,2023,104,72,6,0.92923,2015,"1.9,1.6,1.4,1.1,1.0,0.7",2015,"7.0,7.1,6.9,6.6000000000000005,6.3,6.0",2023-12-15 14:37:24
2884897,The Fund For Peace,Fragile State Index,E1: Economy,2023,104,72,6,0.9474,2015,"4.1,3.6,3.4,3.1,2.8,2.5",2015,"6.7,6.7,6.5,6.235548067320703,5.9,5.6000000000000005",2023-12-16 07:20:01
1966660,The Fund For Peace,Fragile State Index,C1: Security Apparatus,2023,104,1,6,0.93659,2007,"1.0,1.0,1.1,1.4,1.6,1.7",2010,"9.7,9.8,9.7,9.9,10.0,10.0",2023-12-15 03:45:12
4491152,The Fund For Peace,Fragile State Index,E3: Human Flight and Brain Drain,2023,104,1,6,0.93963,2007,"2.1,2.0,2.0,2.0,2.4,3.0",2010,"7.2,7.2,7.4,7.2,7.8,8.1",2023-12-18 07:20:04
2525391,The Fund For Peace,Fragile State Index,C3: Group Grievance,2023,104,35,6,0.97193,2015,"1.9,1.6,1.4,1.1,1.0,0.7",2013,"5.3,5.3,5.0,4.7,4.5,4.2",2023-12-15 14:37:03
2884700,The Fund For Peace,Fragile State Index,E1: Economy,2023,104,35,6,0.90395,2015,"4.1,3.6,3.4,3.1,2.8,2.5",2013,"7.7,7.4,7.1,6.5,6.3,6.6",2023-12-16 07:19:35
2525495,The Fund For Peace,Fragile State Index,C3: Group Grievance,2023,104,54,6,0.92152,2015,"1.9,1.6,1.4,1.1,1.0,0.7",2009,"5.5,5.5,5.1,4.8,4.8,4.8",2023-12-15 14:37:09
2884775,The Fund For Peace,Fragile State Index,E1: Economy,2023,104,54,6,0.95377,2015,"4.1,3.6,3.4,3.1,2.8,2.5",2009,"6.3,6.3,6.0,5.5,5.2,4.8",2023-12-16 07:19:50
2336552,The Fund For Peace,Fragile State Index,C2: Factionalized Elites,2023,104,84,6,0.96412,2006,"1.0,1.0,1.0,1.3,1.5,1.4",2006,"1.5,1.6,1.6,2.0,2.4,2.5",2023-12-15 10:52:37
3468410,The Fund For Peace,Fragile State Index,E2: Economic Inequality,2023,104,84,6,0.91008,2006,"3.0,2.9,3.0,3.0,2.8,2.6",2006,"5.0,5.0,5.0,4.8,4.6,4.3",2023-12-16 18:10:51
493226,The Fund For Peace,Fragile State Index,Total,2023,104,86,6,0.92194,2012,"26.5,24.8,26.1,24.6,22.5,22.3",2012,"65.0,64.6,65.2,63.5,63.0,61.5",2023-12-13 12:22:03
4958201,The Fund For Peace,Fragile State Index,P1: State Legitimacy,2023,104,86,6,0.95212,2012,"2.2,1.9,1.8,1.5,1.2,1.0",2012,"6.2,6.2,6.2,5.9,5.6,5.4",2023-12-18 15:58:42
2525390,The Fund For Peace,Fragile State Index,C3: Group Grievance,2023,104,35,6,0.90616,2015,"1.9,1.6,1.4,1.1,1.0,0.7",2009,"6.1,5.9,5.5,5.2,5.3,5.3",2023-12-15 14:37:03
2884696,The Fund For Peace,Fragile State Index,E1: Economy,2023,104,35,6,0.96725,2015,"4.1,3.6,3.4,3.1,2.8,2.5",2009,"8.2,8.0,8.0,7.7,7.7,7.4",2023-12-16 07:19:35
2525619,The Fund For Peace,Fragile State Index,C3: Group Grievance,2023,104,99,6,0.902,2015,"1.9,1.6,1.4,1.1,1.0,0.7",2015,"1.3,1.3,1.3,1.1,1.0,0.7",2023-12-15 14:37:20
2884879,The Fund For Peace,Fragile State Index,E1: Economy,2023,104,99,6,0.97134,2015,"4.1,3.6,3.4,3.1,2.8,2.5",2015,"3.6,3.5,3.3,3.2,3.1,2.8000000000000003",2023-12-16 07:20:00
493363,The Fund For Peace,Fragile State Index,Total,2023,104,129,6,0.90881,2012,"26.5,24.8,26.1,24.6,22.5,22.3",2016,"84.2,84.0,83.57162962089447,80.9,79.53029880171496,79.49999999999999",2023-12-13 12:22:11
4958292,The Fund For Peace,Fragile State Index,P1: State Legitimacy,2023,104,129,6,0.96348,2012,"2.2,1.9,1.8,1.5,1.2,1.0",2016,"7.3,7.1,6.8,6.5,6.24142287084925,6.3",2023-12-18 15:58:48
492639,The Fund For Peace,Fragile State Index,Total,2023,104,48,6,0.91423,2012,"26.5,24.8,26.1,24.6,22.5,22.3",2013,"83.8,83.1,82.5,80.2,78.9,76.62792958051614",2023-12-13 12:21:25
4958002,The Fund For Peace,Fragile State Index,P1: State Legitimacy,2023,104,48,6,0.95679,2012,"2.2,1.9,1.8,1.5,1.2,1.0",2013,"7.3,7.4,7.1,6.5,6.3,6.0",2023-12-18 15:58:29
492674,The Fund For Peace,Fragile State Index,Total,2023,104,101,6,0.91751,2012,"26.5,24.8,26.1,24.6,22.5,22.3",2014,"76.8,75.0,74.9,72.9,72.29772813709069,70.4",2023-12-13 12:21:27
4958020,The Fund For Peace,Fragile State Index,P1: State Legitimacy,2023,104,101,6,0.95326,2012,"2.2,1.9,1.8,1.5,1.2,1.0",2014,"6.5,5.6,5.3,5.1,4.8,4.5",2023-12-18 15:58:30
1966550,The Fund For Peace,Fragile State Index,C1: Security Apparatus,2023,104,172,6,0.94832,2007,"1.0,1.0,1.1,1.4,1.6,1.7",2012,"6.1,6.1,6.2,6.5,6.8,6.6",2023-12-15 03:45:06
4491116,The Fund For Peace,Fragile State Index,E3: Human Flight and Brain Drain,2023,104,172,6,0.92244,2007,"2.1,2.0,2.0,2.0,2.4,3.0",2012,"5.2,4.9,4.9,5.2,5.5,5.8",2023-12-18 07:20:02
493196,The Fund For Peace,Fragile State Index,Total,2023,104,192,6,0.90014,2012,"26.5,24.8,26.1,24.6,22.5,22.3",2007,"73.8,72.4,71.4,71.1,69.5,68.5",2023-12-13 12:22:01
4958180,The Fund For Peace,Fragile State Index,P1: State Legitimacy,2023,104,192,6,0.97026,2012,"2.2,1.9,1.8,1.5,1.2,1.0",2007,"6.7,6.7,6.6,6.4,6.2,6.0",2023-12-18 15:58:41
1966629,The Fund For Peace,Fragile State Index,C1: Security Apparatus,2023,104,236,6,0.94737,2007,"1.0,1.0,1.1,1.4,1.6,1.7",2007,"1.3,1.3,1.4,1.6,1.6,1.9",2023-12-15 03:45:10
4491140,The Fund For Peace,Fragile State Index,E3: Human Flight and Brain Drain,2023,104,236,6,0.92244,2007,"2.1,2.0,2.0,2.0,2.4,3.0",2007,"1.0,1.0,1.0,1.1,1.1,1.3",2023-12-18 07:20:04
492826,The Fund For Peace,Fragile State Index,Total,2023,104,28,6,0.96257,2012,"26.5,24.8,26.1,24.6,22.5,22.3",2008,"84.3,83.3,83.5,80.9,77.9,76.5",2023-12-13 12:21:36
4958062,The Fund For Peace,Fragile State Index,P1: State Legitimacy,2023,104,28,6,0.90712,2012,"2.2,1.9,1.8,1.5,1.2,1.0",2008,"7.9,8.2,8.0,7.6,7.0,6.7",2023-12-18 15:58:33
492589,The Fund For Peace,Fragile State Index,Total,2023,104,239,6,0.92634,2012,"26.5,24.8,26.1,24.6,22.5,22.3",2006,"94.4,93.5,93.4,92.8,90.5,88.3",2023-12-13 12:21:22
4957980,The Fund For Peace,Fragile State Index,P1: State Legitimacy,2023,104,239,6,0.94323,2012,"2.2,1.9,1.8,1.5,1.2,1.0",2006,"9.3,9.2,9.3,9.0,8.5,8.4",2023-12-18 15:58:28
1966654,The Fund For Peace,Fragile State Index,C1: Security Apparatus,2023,104,149,6,0.94281,2007,"1.0,1.0,1.1,1.4,1.6,1.7",2012,"7.5,7.8,8.0,8.3,8.4,8.9",2023-12-15 03:45:12
4491150,The Fund For Peace,Fragile State Index,E3: Human Flight and Brain Drain,2023,104,149,6,0.92554,2007,"2.1,2.0,2.0,2.0,2.4,3.0",2012,"5.7,5.4,5.3,5.7,6.0,6.4",2023-12-18 07:20:04
1966567,The Fund For Peace,Fragile State Index,C1: Security Apparatus,2023,104,21,6,0.94491,2007,"1.0,1.0,1.1,1.4,1.6,1.7",2007,"1.6,1.6,1.7,1.8,2.0,2.3",2023-12-15 03:45:07
4491123,The Fund For Peace,Fragile State Index,E3: Human Flight and Brain Drain,2023,104,21,6,0.92284,2007,"2.1,2.0,2.0,2.0,2.4,3.0",2007,"1.1,1.1,1.3,1.3,1.6,1.9",2023-12-18 07:20:03
2525606,The Fund For Peace,Fragile State Index,C3: Group Grievance,2023,104,198,6,0.90492,2015,"1.9,1.6,1.4,1.1,1.0,0.7",2014,"4.8,4.5,4.5,4.5,4.2,4.2",2023-12-15 14:37:20
2884874,The Fund For Peace,Fragile State Index,E1: Economy,2023,104,198,6,0.96223,2015,"4.1,3.6,3.4,3.1,2.8,2.5",2014,"4.9,4.6,4.3,4.1,3.8,3.9",2023-12-16 07:20:00
2525484,The Fund For Peace,Fragile State Index,C3: Group Grievance,2023,104,45,6,0.94964,2015,"1.9,1.6,1.4,1.1,1.0,0.7",2018,"7.6,7.3,7.399999999999999,7.1,6.8,6.5",2023-12-15 14:37:09
2884761,The Fund For Peace,Fragile State Index,E1: Economy,2023,104,45,6,0.91696,2015,"4.1,3.6,3.4,3.1,2.8,2.5",2018,"4.1000000000000005,4.2,3.9,3.7,3.3,3.3",2023-12-16 07:19:41
492638,The Fund For Peace,Fragile State Index,Total,2023,104,48,6,0.92882,2012,"26.5,24.8,26.1,24.6,22.5,22.3",2012,"84.4,83.8,83.1,82.5,80.2,78.9",2023-12-13 12:21:25
4958001,The Fund For Peace,Fragile State Index,P1: State Legitimacy,2023,104,48,6,0.93772,2012,"2.2,1.9,1.8,1.5,1.2,1.0",2012,"7.4,7.3,7.4,7.1,6.5,6.3",2023-12-18 15:58:29
2525413,The Fund For Peace,Fragile State Index,C3: Group Grievance,2023,104,250,6,0.91712,2015,"1.9,1.6,1.4,1.1,1.0,0.7",2008,"9.5,9.1,8.8,9.0,8.7,8.4",2023-12-15 14:37:04
2884737,The Fund For Peace,Fragile State Index,E1: Economy,2023,104,250,6,0.94861,2015,"4.1,3.6,3.4,3.1,2.8,2.5",2008,"10.0,10.0,9.6,9.0,8.9,8.6",2023-12-16 07:19:38
492884,The Fund For Peace,Fragile State Index,Total,2023,104,80,6,0.94206,2012,"26.5,24.8,26.1,24.6,22.5,22.3",2014,"82.7,79.2,78.9,76.5,74.00003923403446,72.0",2023-12-13 12:21:39
4958080,The Fund For Peace,Fragile State Index,P1: State Legitimacy,2023,104,80,6,0.91997,2012,"2.2,1.9,1.8,1.5,1.2,1.0",2014,"8.7,8.8,8.5,8.3,8.0,8.1",2023-12-18 15:58:34
2525291,The Fund For Peace,Fragile State Index,C3: Group Grievance,2023,104,172,6,0.93589,2015,"1.9,1.6,1.4,1.1,1.0,0.7",2014,"6.2,5.9,6.0,5.8,5.5,5.2",2023-12-15 14:36:57
2884619,The Fund For Peace,Fragile State Index,E1: Economy,2023,104,172,6,0.92448,2015,"4.1,3.6,3.4,3.1,2.8,2.5",2014,"5.4,5.1,5.2,5.0,5.023718630659241,4.9",2023-12-16 07:19:31
493203,The Fund For Peace,Fragile State Index,Total,2023,104,192,6,0.92321,2012,"26.5,24.8,26.1,24.6,22.5,22.3",2014,"69.3,68.2,67.6,67.1,65.53086971578227,64.2",2023-12-13 12:22:01
4958183,The Fund For Peace,Fragile State Index,P1: State Legitimacy,2023,104,192,6,0.93555,2012,"2.2,1.9,1.8,1.5,1.2,1.0",2014,"6.0,6.2,5.7,5.5,5.2,4.9",2023-12-18 15:58:41
492556,The Fund For Peace,Fragile State Index,Total,2023,104,67,6,0.90323,2012,"26.5,24.8,26.1,24.6,22.5,22.3",2009,"51.2,50.7,49.3,47.5,45.3,45.2",2023-12-13 12:21:20
4957968,The Fund For Peace,Fragile State Index,P1: State Legitimacy,2023,104,67,6,0.95511,2012,"2.2,1.9,1.8,1.5,1.2,1.0",2009,"4.7,4.5,4.1,3.8,3.8,3.5",2023-12-18 15:58:27
2525338,The Fund For Peace,Fragile State Index,C3: Group Grievance,2023,104,13,6,0.95713,2015,"1.9,1.6,1.4,1.1,1.0,0.7",2015,"4.4,4.1,3.9,3.6,3.3,3.4",2023-12-15 14:36:59
2884655,The Fund For Peace,Fragile State Index,E1: Economy,2023,104,13,6,0.90121,2015,"4.1,3.6,3.4,3.1,2.8,2.5",2015,"2.1,1.8,1.7,1.857739095757196,1.6,1.3",2023-12-16 07:19:33
1966529,The Fund For Peace,Fragile State Index,C1: Security Apparatus,2023,104,133,6,0.90157,2007,"1.0,1.0,1.1,1.4,1.6,1.7",2009,"6.5,7.0,7.1,7.1,8.1,8.0",2023-12-15 03:45:04
4491112,The Fund For Peace,Fragile State Index,E3: Human Flight and Brain Drain,2023,104,133,6,0.95488,2007,"2.1,2.0,2.0,2.0,2.4,3.0",2009,"7.4,7.5,7.3,7.3,7.8,8.1",2023-12-18 07:20:02
2525396,The Fund For Peace,Fragile State Index,C3: Group Grievance,2023,104,114,6,0.94952,2015,"1.9,1.6,1.4,1.1,1.0,0.7",2017,"8.9,8.9,8.6,8.299999999999999,8.0,8.0",2023-12-15 14:37:03
2884710,The Fund For Peace,Fragile State Index,E1: Economy,2023,104,114,6,0.90603,2015,"4.1,3.6,3.4,3.1,2.8,2.5",2017,"6.9,7.0,6.6,6.529169236421345,6.4,6.3",2023-12-16 07:19:36
1966720,The Fund For Peace,Fragile State Index,C1: Security Apparatus,2023,104,127,6,0.94324,2007,"1.0,1.0,1.1,1.4,1.6,1.7",2008,"2.0,2.0,2.1,2.3,2.3,2.3",2023-12-15 03:45:16
4491183,The Fund For Peace,Fragile State Index,E3: Human Flight and Brain Drain,2023,104,127,6,0.91201,2007,"2.1,2.0,2.0,2.0,2.4,3.0",2008,"1.2,1.2,1.2,1.5,1.8,2.1",2023-12-18 07:20:06
492475,The Fund For Peace,Fragile State Index,Total,2023,104,52,6,0.95237,2012,"26.5,24.8,26.1,24.6,22.5,22.3",2012,"49.7,48.7,48.5,46.8,45.1,44.1",2023-12-13 12:21:14
4957903,The Fund For Peace,Fragile State Index,P1: State Legitimacy,2023,104,52,6,0.90037,2012,"2.2,1.9,1.8,1.5,1.2,1.0",2012,"3.2,3.5,3.2,2.9,2.6,2.4",2023-12-18 15:58:23
2525677,The Fund For Peace,Fragile State Index,C3: Group Grievance,2023,104,37,6,0.91874,2015,"1.9,1.6,1.4,1.1,1.0,0.7",2007,"4.8,4.8,4.4,4.4,4.2,4.2",2023-12-15 14:37:25
2884906,The Fund For Peace,Fragile State Index,E1: Economy,2023,104,37,6,0.93128,2015,"4.1,3.6,3.4,3.1,2.8,2.5",2007,"8.0,7.8,7.2,7.0,6.3,6.6",2023-12-16 07:20:02
493307,The Fund For Peace,Fragile State Index,Total,2023,104,134,6,0.91773,2012,"26.5,24.8,26.1,24.6,22.5,22.3",2015,"40.9,39.6,38.6,36.2062447804085,34.5,33.593645802064856",2023-12-13 12:22:08
4958250,The Fund For Peace,Fragile State Index,P1: State Legitimacy,2023,104,134,6,0.93208,2012,"2.2,1.9,1.8,1.5,1.2,1.0",2015,"3.9,3.8,3.6,3.6,3.3,3.4",2023-12-18 15:58:45
492720,The Fund For Peace,Fragile State Index,Total,2023,104,195,6,0.91131,2012,"26.5,24.8,26.1,24.6,22.5,22.3",2008,"76.9,77.5,77.5,75.2,73.4,72.7",2023-12-13 12:21:29
4958040,The Fund For Peace,Fragile State Index,P1: State Legitimacy,2023,104,195,6,0.93577,2012,"2.2,1.9,1.8,1.5,1.2,1.0",2008,"8.8,8.4,8.2,7.9,7.6,7.8",2023-12-18 15:58:32
492245,The Fund For Peace,Fragile State Index,Total,2023,104,150,6,0.91667,2012,"26.5,24.8,26.1,24.6,22.5,22.3",2015,"70.8,71.1,70.4,68.81558956891207,66.4,65.09591525499161",2023-12-13 12:20:59
4957817,The Fund For Peace,Fragile State Index,P1: State Legitimacy,2023,104,150,6,0.92982,2012,"2.2,1.9,1.8,1.5,1.2,1.0",2015,"3.8,3.5,3.3,3.0035868776647856,3.0,2.969021820413545",2023-12-18 15:58:17
492335,The Fund For Peace,Fragile State Index,Total,2023,104,23,6,0.90288,2012,"26.5,24.8,26.1,24.6,22.5,22.3",2015,"78.8,78.9,77.6,75.69009689938682,73.6,72.54479808532312",2023-12-13 12:21:05
4957847,The Fund For Peace,Fragile State Index,P1: State Legitimacy,2023,104,23,6,0.94278,2012,"2.2,1.9,1.8,1.5,1.2,1.0",2015,"6.2,5.9,5.4,5.1000000000000005,4.8,4.9",2023-12-18 15:58:19
492223,The Fund For Peace,Fragile State Index,Total,2023,104,181,6,0.92407,2012,"26.5,24.8,26.1,24.6,22.5,22.3",2012,"59.5,57.4,56.9,54.2,52.9,50.9",2023-12-13 12:20:58
4957800,The Fund For Peace,Fragile State Index,P1: State Legitimacy,2023,104,181,6,0.91964,2012,"2.2,1.9,1.8,1.5,1.2,1.0",2012,"6.3,6.4,6.1,5.6,5.7,5.2",2023-12-18 15:58:16
1966568,The Fund For Peace,Fragile State Index,C1: Security Apparatus,2023,104,21,6,0.90031,2007,"1.0,1.0,1.1,1.4,1.6,1.7",2015,"2.0,1.9,2.4,2.3,2.6,2.9",2023-12-15 03:45:07
4491124,The Fund For Peace,Fragile State Index,E3: Human Flight and Brain Drain,2023,104,21,6,0.94321,2007,"2.1,2.0,2.0,2.0,2.4,3.0",2015,"1.9,1.6,1.6,1.7000000000000002,2.0,2.3",2023-12-18 07:20:03
493162,The Fund For Peace,Fragile State Index,Total,2023,104,19,6,0.92459,2012,"26.5,24.8,26.1,24.6,22.5,22.3",2007,"59.9,58.5,57.2,55.4,52.8,52.0",2023-12-13 12:21:58
4958153,The Fund For Peace,Fragile State Index,P1: State Legitimacy,2023,104,19,6,0.91656,2012,"2.2,1.9,1.8,1.5,1.2,1.0",2007,"6.1,5.9,4.5,4.1,3.9,3.6",2023-12-18 15:58:39
492460,The Fund For Peace,Fragile State Index,Total,2023,104,126,6,0.91767,2012,"26.5,24.8,26.1,24.6,22.5,22.3",2007,"49.0,48.7,48.0,47.8,45.3,44.2",2023-12-13 12:21:13
4957894,The Fund For Peace,Fragile State Index,P1: State Legitimacy,2023,104,126,6,0.92169,2012,"2.2,1.9,1.8,1.5,1.2,1.0",2007,"4.2,4.4,4.1,3.9,3.6,3.5",2023-12-18 15:58:22
492646,The Fund For Peace,Fragile State Index,Total,2023,104,130,6,0.90983,2012,"26.5,24.8,26.1,24.6,22.5,22.3",2011,"91.2,88.8,89.2,89.1,86.9,87.6",2023-12-13 12:21:25
4958009,The Fund For Peace,Fragile State Index,P1: State Legitimacy,2023,104,130,6,0.92305,2012,"2.2,1.9,1.8,1.5,1.2,1.0",2011,"7.9,8.0,7.5,7.6,6.9,6.6",2023-12-18 15:58:30
492784,The Fund For Peace,Fragile State Index,Total,2023,104,167,6,0.91025,2012,"26.5,24.8,26.1,24.6,22.5,22.3",2014,"103.0,103.0,101.7,98.9,96.33806005544712,94.2",2023-12-13 12:21:33
4958056,The Fund For Peace,Fragile State Index,P1: State Legitimacy,2023,104,167,6,0.91997,2012,"2.2,1.9,1.8,1.5,1.2,1.0",2014,"8.5,8.6,8.3,8.1,7.8,7.9",2023-12-18 15:58:33
2525513,The Fund For Peace,Fragile State Index,C3: Group Grievance,2023,104,220,6,0.90052,2015,"1.9,1.6,1.4,1.1,1.0,0.7",2009,"6.6,6.4,6.1,5.8,6.0,5.9",2023-12-15 14:37:10
2884794,The Fund For Peace,Fragile State Index,E1: Economy,2023,104,220,6,0.92901,2015,"4.1,3.6,3.4,3.1,2.8,2.5",2009,"7.5,7.2,7.4,6.9,6.8,6.7",2023-12-16 07:19:55
492128,The Fund For Peace,Fragile State Index,Total,2023,104,131,6,0.90913,2012,"26.5,24.8,26.1,24.6,22.5,22.3",2016,"66.1,65.4,63.59483707832034,60.5,57.561895525091394,56.89999999999999",2023-12-13 12:20:51
4957757,The Fund For Peace,Fragile State Index,P1: State Legitimacy,2023,104,131,6,0.91936,2012,"2.2,1.9,1.8,1.5,1.2,1.0",2016,"7.4,7.7,7.4,6.9,6.6000000000000005,6.3",2023-12-18 15:58:14
2336616,The Fund For Peace,Fragile State Index,C2: Factionalized Elites,2023,104,102,6,0.91828,2006,"1.0,1.0,1.0,1.3,1.5,1.4",2006,"8.8,8.9,9.0,9.1,9.5,9.2",2023-12-15 10:52:41
3468464,The Fund For Peace,Fragile State Index,E2: Economic Inequality,2023,104,102,6,0.90722,2006,"3.0,2.9,3.0,3.0,2.8,2.6",2006,"7.5,7.2,7.4,7.4,7.3,7.0",2023-12-16 18:10:54
2525639,The Fund For Peace,Fragile State Index,C3: Group Grievance,2023,104,134,6,0.90764,2015,"1.9,1.6,1.4,1.1,1.0,0.7",2015,"3.9,3.9,3.9,3.6,3.3,3.0",2023-12-15 14:37:23
2884894,The Fund For Peace,Fragile State Index,E1: Economy,2023,104,134,6,0.91769,2015,"4.1,3.6,3.4,3.1,2.8,2.5",2015,"4.2,4.2,4.0,4.0,3.7,3.4000000000000004",2023-12-16 07:20:01
492617,The Fund For Peace,Fragile State Index,Total,2023,104,211,6,0.91191,2012,"26.5,24.8,26.1,24.6,22.5,22.3",2017,"86.6,84.89668808927048,84.0,81.8,80.50000000000001,79.30000000000001",2023-12-13 12:21:23
4957993,The Fund For Peace,Fragile State Index,P1: State Legitimacy,2023,104,211,6,0.90906,2012,"2.2,1.9,1.8,1.5,1.2,1.0",2017,"6.9,6.6000000000000005,6.9,6.6000000000000005,6.3,6.0",2023-12-18 15:58:29
2336626,The Fund For Peace,Fragile State Index,C2: Factionalized Elites,2023,104,92,6,0.9118,2006,"1.0,1.0,1.0,1.3,1.5,1.4",2007,"6.8,7.1,8.0,8.9,9.2,9.2",2023-12-15 10:52:42
3468472,The Fund For Peace,Fragile State Index,E2: Economic Inequality,2023,104,92,6,0.90909,2006,"3.0,2.9,3.0,3.0,2.8,2.6",2007,"8.6,8.6,8.5,8.4,8.1,7.8",2023-12-16 18:10:55
492465,The Fund For Peace,Fragile State Index,Total,2023,104,126,6,0.91998,2012,"26.5,24.8,26.1,24.6,22.5,22.3",2012,"44.2,43.0,43.2,43.0,42.4,41.7",2023-12-13 12:21:14
4957895,The Fund For Peace,Fragile State Index,P1: State Legitimacy,2023,104,126,6,0.90037,2012,"2.2,1.9,1.8,1.5,1.2,1.0",2012,"3.5,3.8,3.5,3.2,2.9,2.7",2023-12-18 15:58:23
2525691,The Fund For Peace,Fragile State Index,C3: Group Grievance,2023,104,122,6,0.91064,2015,"1.9,1.6,1.4,1.1,1.0,0.7",2012,"4.7,4.7,4.7,4.4,4.1,3.9",2023-12-15 14:37:27
2884909,The Fund For Peace,Fragile State Index,E1: Economy,2023,104,122,6,0.90454,2015,"4.1,3.6,3.4,3.1,2.8,2.5",2012,"8.6,8.5,8.2,8.3,8.2,8.1",2023-12-16 07:20:02
1966520,The Fund For Peace,Fragile State Index,C1: Security Apparatus,2023,104,147,6,0.91004,2007,"1.0,1.0,1.1,1.4,1.6,1.7",2007,"5.2,5.1,5.1,5.4,5.9,6.6",2023-12-15 03:45:04
4491107,The Fund For Peace,Fragile State Index,E3: Human Flight and Brain Drain,2023,104,147,6,0.90163,2007,"2.1,2.0,2.0,2.0,2.4,3.0",2007,"6.2,6.2,6.2,6.4,6.4,6.7",2023-12-18 07:20:02
493188,The Fund For Peace,Fragile State Index,Total,2023,104,213,6,0.90181,2012,"26.5,24.8,26.1,24.6,22.5,22.3",2011,"71.1,71.2,71.2,70.6,68.4,66.7",2023-12-13 12:22:00
4958173,The Fund For Peace,Fragile State Index,P1: State Legitimacy,2023,104,213,6,0.90249,2012,"2.2,1.9,1.8,1.5,1.2,1.0",2011,"6.1,6.4,6.1,5.8,5.5,5.2",2023-12-18 15:58:40
2525650,The Fund For Peace,Fragile State Index,C3: Group Grievance,2023,104,180,6,0.90281,2015,"1.9,1.6,1.4,1.1,1.0,0.7",2008,"6.8,6.5,6.3,6.0,6.3,6.0",2023-12-15 14:37:24
2884899,The Fund For Peace,Fragile State Index,E1: Economy,2023,104,180,6,0.90133,2015,"4.1,3.6,3.4,3.1,2.8,2.5",2008,"8.0,8.0,7.8,7.3,7.5,7.0",2023-12-16 07:20:01
490880,The Fund For Peace,Fragile State Index,Total,2023,104,53,5,0.98329,2013,"24.8,26.1,24.6,22.5,22.3",2015,"51.0,52.4,50.6,48.71641829811867,47.5",2023-12-13 12:19:32
4957139,The Fund For Peace,Fragile State Index,P1: State Legitimacy,2023,104,53,5,0.98466,2013,"1.9,1.8,1.5,1.2,1.0",2015,"3.4,3.1,2.9,2.6,2.3",2023-12-18 15:57:34
490959,The Fund For Peace,Fragile State Index,Total,2023,104,64,5,0.97008,2013,"24.8,26.1,24.6,22.5,22.3",2009,"77.2,78.1,76.0,74.4,73.2",2023-12-13 12:19:37
4957185,The Fund For Peace,Fragile State Index,P1: State Legitimacy,2023,104,64,5,0.99604,2013,"1.9,1.8,1.5,1.2,1.0",2009,"7.0,6.8,6.5,6.2,5.9",2023-12-18 15:57:37
491635,The Fund For Peace,Fragile State Index,Total,2023,104,174,5,0.99188,2013,"24.8,26.1,24.6,22.5,22.3",2009,"85.8,87.1,85.0,83.2,82.8",2023-12-13 12:20:20
4957494,The Fund For Peace,Fragile State Index,P1: State Legitimacy,2023,104,174,5,0.97332,2013,"1.9,1.8,1.5,1.2,1.0",2009,"8.5,8.6,8.3,7.9,7.6",2023-12-18 15:57:55
491505,The Fund For Peace,Fragile State Index,Total,2023,104,42,5,0.96216,2013,"24.8,26.1,24.6,22.5,22.3",2016,"112.1,112.6,111.12634461231347,108.9,107.48660467238278",2023-12-13 12:20:12
4957456,The Fund For Peace,Fragile State Index,P1: State Legitimacy,2023,104,42,5,0.99987,2013,"1.9,1.8,1.5,1.2,1.0",2016,"9.8,9.7,9.4,9.1,8.879978927548278",2023-12-18 15:57:53
491308,The Fund For Peace,Fragile State Index,Total,2023,104,211,5,0.98199,2013,"24.8,26.1,24.6,22.5,22.3",2008,"95.6,96.7,95.7,93.1,92.2",2023-12-13 12:19:59
4957379,The Fund For Peace,Fragile State Index,P1: State Legitimacy,2023,104,211,5,0.97709,2013,"1.9,1.8,1.5,1.2,1.0",2008,"9.2,9.0,8.6,8.5,8.1",2023-12-18 15:57:49
492004,The Fund For Peace,Fragile State Index,Total,2023,104,72,5,0.96265,2013,"24.8,26.1,24.6,22.5,22.3",2016,"76.2,76.9,74.51822129476686,71.7,69.85212211648623",2023-12-13 12:20:43
4957674,The Fund For Peace,Fragile State Index,P1: State Legitimacy,2023,104,72,5,0.99604,2013,"1.9,1.8,1.5,1.2,1.0",2016,"7.1,6.9,6.6000000000000005,6.3,6.0",2023-12-18 15:58:07
490964,The Fund For Peace,Fragile State Index,Total,2023,104,64,5,0.96309,2013,"24.8,26.1,24.6,22.5,22.3",2016,"72.5,73.1,71.16006105064231,69.8,68.89464371164277",2023-12-13 12:19:37
4957190,The Fund For Peace,Fragile State Index,P1: State Legitimacy,2023,104,64,5,0.99256,2013,"1.9,1.8,1.5,1.2,1.0",2016,"5.0,4.8,4.5,4.2,4.071053885814091",2023-12-18 15:57:38
491286,The Fund For Peace,Fragile State Index,Total,2023,104,159,5,0.97051,2013,"24.8,26.1,24.6,22.5,22.3",2015,"102.5,103.5,101.6,99.90823160615736,98.5",2023-12-13 12:19:58
4957369,The Fund For Peace,Fragile State Index,P1: State Legitimacy,2023,104,159,5,0.98466,2013,"1.9,1.8,1.5,1.2,1.0",2015,"9.1,8.8,8.6,8.299999999999999,8.0",2023-12-18 15:57:48
492043,The Fund For Peace,Fragile State Index,Total,2023,104,194,5,0.96133,2013,"24.8,26.1,24.6,22.5,22.3",2013,"74.6,75.8,73.7,72.9,72.1",2023-12-13 12:20:46
4957700,The Fund For Peace,Fragile State Index,P1: State Legitimacy,2023,104,194,5,0.99222,2013,"1.9,1.8,1.5,1.2,1.0",2013,"6.6,6.6,6.1,5.8,5.6",2023-12-18 15:58:09
491525,The Fund For Peace,Fragile State Index,Total,2023,104,28,5,0.9535,2013,"24.8,26.1,24.6,22.5,22.3",2009,"83.3,83.5,80.9,77.9,76.5",2023-12-13 12:20:13
4957459,The Fund For Peace,Fragile State Index,P1: State Legitimacy,2023,104,28,5,0.99797,2013,"1.9,1.8,1.5,1.2,1.0",2009,"8.2,8.0,7.6,7.0,6.7",2023-12-18 15:57:53
490936,The Fund For Peace,Fragile State Index,Total,2023,104,56,5,0.97364,2013,"24.8,26.1,24.6,22.5,22.3",2013,"67.0,67.9,66.2,64.0,62.6",2023-12-13 12:19:36
4957171,The Fund For Peace,Fragile State Index,P1: State Legitimacy,2023,104,56,5,0.97763,2013,"1.9,1.8,1.5,1.2,1.0",2013,"5.5,5.6,5.3,5.0,4.8",2023-12-18 15:57:36
491798,The Fund For Peace,Fragile State Index,Total,2023,104,171,5,0.95567,2013,"24.8,26.1,24.6,22.5,22.3",2016,"86.2,86.4,84.77026579816999,83.1,82.29729048388526",2023-12-13 12:20:30
4957532,The Fund For Peace,Fragile State Index,P1: State Legitimacy,2023,104,171,5,0.99513,2013,"1.9,1.8,1.5,1.2,1.0",2016,"7.0,6.8,6.5,6.2,6.031467132374356",2023-12-18 15:57:57
491259,The Fund For Peace,Fragile State Index,Total,2023,104,67,5,0.95337,2013,"24.8,26.1,24.6,22.5,22.3",2016,"43.4,44.7,42.990053644081904,40.8,38.52345451018706",2023-12-13 12:19:56
4957360,The Fund For Peace,Fragile State Index,P1: State Legitimacy,2023,104,67,5,0.99604,2013,"1.9,1.8,1.5,1.2,1.0",2016,"2.9,2.7,2.4000000000000004,2.1,1.8",2023-12-18 15:57:48
492001,The Fund For Peace,Fragile State Index,Total,2023,104,72,5,0.96657,2013,"24.8,26.1,24.6,22.5,22.3",2012,"80.5,80.8,79.0,76.7,76.2",2023-12-13 12:20:43
4957670,The Fund For Peace,Fragile State Index,P1: State Legitimacy,2023,104,72,5,0.98221,2013,"1.9,1.8,1.5,1.2,1.0",2012,"8.8,8.8,7.8,7.4,7.1",2023-12-18 15:58:07
491745,The Fund For Peace,Fragile State Index,Total,2023,104,229,5,0.95496,2013,"24.8,26.1,24.6,22.5,22.3",2006,"86.1,87.5,86.2,84.3,82.5",2023-12-13 12:20:27
4957528,The Fund For Peace,Fragile State Index,P1: State Legitimacy,2023,104,229,5,0.99211,2013,"1.9,1.8,1.5,1.2,1.0",2006,"9.1,9.0,8.7,8.5,8.4",2023-12-18 15:57:57
492024,The Fund For Peace,Fragile State Index,Total,2023,104,222,5,0.96362,2013,"24.8,26.1,24.6,22.5,22.3",2009,"97.2,98.2,94.9,92.7,91.5",2023-12-13 12:20:45
4957685,The Fund For Peace,Fragile State Index,P1: State Legitimacy,2023,104,222,5,0.98296,2013,"1.9,1.8,1.5,1.2,1.0",2009,"9.4,9.1,8.8,8.5,8.0",2023-12-18 15:58:08
490839,The Fund For Peace,Fragile State Index,Total,2023,104,227,5,0.9804,2013,"24.8,26.1,24.6,22.5,22.3",2013,"76.5,77.5,75.7,74.6,74.2",2023-12-13 12:19:30
4957117,The Fund For Peace,Fragile State Index,P1: State Legitimacy,2023,104,227,5,0.96488,2013,"1.9,1.8,1.5,1.2,1.0",2013,"7.9,8.0,7.0,6.7,6.5",2023-12-18 15:57:33
490821,The Fund For Peace,Fragile State Index,Total,2023,104,109,5,0.9487,2013,"24.8,26.1,24.6,22.5,22.3",2016,"65.0,65.2,63.11945865018858,61.2,60.02494703870308",2023-12-13 12:19:29
4957105,The Fund For Peace,Fragile State Index,P1: State Legitimacy,2023,104,109,5,0.99604,2013,"1.9,1.8,1.5,1.2,1.0",2016,"5.0,4.8,4.5,4.2,3.9",2023-12-18 15:57:32
491212,The Fund For Peace,Fragile State Index,Total,2023,104,238,5,0.98186,2013,"24.8,26.1,24.6,22.5,22.3",2016,"36.2,36.8,35.444748420198586,34.0,33.405777354578404",2023-12-13 12:19:53
4957316,The Fund For Peace,Fragile State Index,P1: State Legitimacy,2023,104,238,5,0.95933,2013,"1.9,1.8,1.5,1.2,1.0",2016,"1.1,1.0,0.7,0.7,0.4846367778425753",2023-12-18 15:57:45
491961,The Fund For Peace,Fragile State Index,Total,2023,104,99,5,0.94436,2013,"24.8,26.1,24.6,22.5,22.3",2010,"29.8,30.1,29.1,24.7,25.9",2023-12-13 12:20:41
4957656,The Fund For Peace,Fragile State Index,P1: State Legitimacy,2023,104,99,5,0.99511,2013,"1.9,1.8,1.5,1.2,1.0",2010,"2.0,2.0,1.7,1.4,1.2",2023-12-18 15:58:06
492083,The Fund For Peace,Fragile State Index,Total,2023,104,122,5,0.9407,2013,"24.8,26.1,24.6,22.5,22.3",2009,"81.8,82.2,80.4,79.0,79.4",2023-12-13 12:20:49
4957732,The Fund For Peace,Fragile State Index,P1: State Legitimacy,2023,104,122,5,0.99431,2013,"1.9,1.8,1.5,1.2,1.0",2009,"7.4,7.2,6.9,6.3,6.0",2023-12-18 15:58:11
491677,The Fund For Peace,Fragile State Index,Total,2023,104,197,5,0.96188,2013,"24.8,26.1,24.6,22.5,22.3",2014,"72.0,73.8,72.0,70.0,68.0600623653456",2023-12-13 12:20:23
4957506,The Fund For Peace,Fragile State Index,P1: State Legitimacy,2023,104,197,5,0.97124,2013,"1.9,1.8,1.5,1.2,1.0",2014,"5.8,5.7,5.4,5.2,5.2",2023-12-18 15:57:56
491193,The Fund For Peace,Fragile State Index,Total,2023,104,138,5,0.94539,2013,"24.8,26.1,24.6,22.5,22.3",2013,"44.5,46.1,45.2,43.2,41.7",2023-12-13 12:19:52
4957300,The Fund For Peace,Fragile State Index,P1: State Legitimacy,2023,104,138,5,0.98723,2013,"1.9,1.8,1.5,1.2,1.0",2013,"4.1,3.8,3.5,3.2,3.0",2023-12-18 15:57:44
490811,The Fund For Peace,Fragile State Index,Total,2023,104,29,5,0.9363,2013,"24.8,26.1,24.6,22.5,22.3",2016,"63.5,63.8,61.98745014345976,59.5,57.07123296987986",2023-12-13 12:19:28
4957095,The Fund For Peace,Fragile State Index,P1: State Legitimacy,2023,104,29,5,0.99604,2013,"1.9,1.8,1.5,1.2,1.0",2016,"3.5,3.3,3.0,2.7,2.4000000000000004",2023-12-18 15:57:32
491878,The Fund For Peace,Fragile State Index,Total,2023,104,22,5,0.94731,2013,"24.8,26.1,24.6,22.5,22.3",2015,"65.3,66.0,65.5,63.71214888532026,62.5",2023-12-13 12:20:35
4957582,The Fund For Peace,Fragile State Index,P1: State Legitimacy,2023,104,22,5,0.98466,2013,"1.9,1.8,1.5,1.2,1.0",2015,"5.7,5.4,5.2,4.9,4.6",2023-12-18 15:58:01
4490955,The Fund For Peace,Fragile State Index,E3: Human Flight and Brain Drain,2023,104,156,5,0.94404,2008,"2.0,2.0,2.0,2.4,3.0",2008,"2.1,2.3,2.1,2.4,2.7",2023-12-18 07:19:54
6233182,The Fund For Peace,Fragile State Index,S1: Demographic Pressures,2023,104,156,5,0.98778,2008,"1.9,1.9,2.0,2.3,2.5",2008,"1.1,1.3,1.5,2.0,2.4",2023-12-19 18:19:33
490834,The Fund For Peace,Fragile State Index,Total,2023,104,196,5,0.94062,2013,"24.8,26.1,24.6,22.5,22.3",2015,"82.9,83.6,82.3,79.62828847155544,77.2",2023-12-13 12:19:30
4957113,The Fund For Peace,Fragile State Index,P1: State Legitimacy,2023,104,196,5,0.98975,2013,"1.9,1.8,1.5,1.2,1.0",2015,"5.5,5.2,4.7,4.4,4.1",2023-12-18 15:57:33
491928,The Fund For Peace,Fragile State Index,Total,2023,104,198,5,0.95342,2013,"24.8,26.1,24.6,22.5,22.3",2009,"67.7,67.9,67.0,65.1,64.0",2023-12-13 12:20:38
4957626,The Fund For Peace,Fragile State Index,P1: State Legitimacy,2023,104,198,5,0.97605,2013,"1.9,1.8,1.5,1.2,1.0",2009,"7.1,7.0,6.8,6.3,6.3",2023-12-18 15:58:04
491611,The Fund For Peace,Fragile State Index,Total,2023,104,121,5,0.94195,2013,"24.8,26.1,24.6,22.5,22.3",2015,"88.1,89.6,88.2,86.81328586730942,85.0",2023-12-13 12:20:18
4957486,The Fund For Peace,Fragile State Index,P1: State Legitimacy,2023,104,121,5,0.98603,2013,"1.9,1.8,1.5,1.2,1.0",2015,"7.8,7.8,7.6,7.336455805045465,7.1",2023-12-18 15:57:55
4490924,The Fund For Peace,Fragile State Index,E3: Human Flight and Brain Drain,2023,104,79,5,0.93665,2008,"2.0,2.0,2.0,2.4,3.0",2012,"6.8,7.1,7.4,7.7,8.4",2023-12-18 07:19:52
6233167,The Fund For Peace,Fragile State Index,S1: Demographic Pressures,2023,104,79,5,0.9912,2008,"1.9,1.9,2.0,2.3,2.5",2012,"7.8,7.7,7.9,8.2,8.5",2023-12-19 18:19:32
4491002,The Fund For Peace,Fragile State Index,E3: Human Flight and Brain Drain,2023,104,217,5,0.94564,2008,"2.0,2.0,2.0,2.4,3.0",2012,"6.0,6.2,6.9,7.4,8.6",2023-12-18 07:19:56
6233212,The Fund For Peace,Fragile State Index,S1: Demographic Pressures,2023,104,217,5,0.98104,2008,"1.9,1.9,2.0,2.3,2.5",2012,"5.5,5.6,6.0,8.1,8.4",2023-12-19 18:19:35
491540,The Fund For Peace,Fragile State Index,Total,2023,104,199,5,0.93677,2013,"24.8,26.1,24.6,22.5,22.3",2017,"89.3,89.08699644672271,86.8,84.35580251344358,83.4",2023-12-13 12:20:14
4957468,The Fund For Peace,Fragile State Index,P1: State Legitimacy,2023,104,199,5,0.98974,2013,"1.9,1.8,1.5,1.2,1.0",2017,"6.9,6.6000000000000005,6.3,6.0,5.7",2023-12-18 15:57:54
491652,The Fund For Peace,Fragile State Index,Total,2023,104,6,5,0.97869,2013,"24.8,26.1,24.6,22.5,22.3",2016,"90.5,91.1,89.44029612068627,87.8,87.32003902658735",2023-12-13 12:20:21
4957497,The Fund For Peace,Fragile State Index,P1: State Legitimacy,2023,104,6,5,0.94745,2013,"1.9,1.8,1.5,1.2,1.0",2016,"8.8,8.6,8.54029612068628,8.0,8.0497760072349",2023-12-18 15:57:55
4490896,The Fund For Peace,Fragile State Index,E3: Human Flight and Brain Drain,2023,104,196,5,0.94778,2008,"2.0,2.0,2.0,2.4,3.0",2006,"5.0,5.1,5.1,5.6,5.8",2023-12-18 07:19:50
6233146,The Fund For Peace,Fragile State Index,S1: Demographic Pressures,2023,104,196,5,0.97526,2008,"1.9,1.9,2.0,2.3,2.5",2006,"6.8,7.0,7.0,7.4,7.6",2023-12-19 18:19:30
492052,The Fund For Peace,Fragile State Index,Total,2023,104,129,5,0.92558,2013,"24.8,26.1,24.6,22.5,22.3",2016,"84.2,84.0,83.57162962089447,80.9,79.53029880171496",2023-12-13 12:20:47
4957712,The Fund For Peace,Fragile State Index,P1: State Legitimacy,2023,104,129,5,0.99681,2013,"1.9,1.8,1.5,1.2,1.0",2016,"7.3,7.1,6.8,6.5,6.24142287084925",2023-12-18 15:58:10
492071,The Fund For Peace,Fragile State Index,Total,2023,104,37,5,0.9426,2013,"24.8,26.1,24.6,22.5,22.3",2013,"73.7,74.1,73.5,71.5,70.1",2023-12-13 12:20:48
4957723,The Fund For Peace,Fragile State Index,P1: State Legitimacy,2023,104,37,5,0.97769,2013,"1.9,1.8,1.5,1.2,1.0",2013,"6.3,6.0,5.7,5.5,5.3",2023-12-18 15:58:10
491910,The Fund For Peace,Fragile State Index,Total,2023,104,93,5,0.92419,2013,"24.8,26.1,24.6,22.5,22.3",2016,"70.9,71.3,70.35847016331266,68.2,65.95105985340093",2023-12-13 12:20:37
4957614,The Fund For Peace,Fragile State Index,P1: State Legitimacy,2023,104,93,5,0.99604,2013,"1.9,1.8,1.5,1.2,1.0",2016,"5.6,5.4,5.1000000000000005,4.8,4.5",2023-12-18 15:58:03
491854,The Fund For Peace,Fragile State Index,Total,2023,104,16,5,0.92998,2013,"24.8,26.1,24.6,22.5,22.3",2012,"55.1,54.7,54.1,51.5,51.6",2023-12-13 12:20:34
4957558,The Fund For Peace,Fragile State Index,P1: State Legitimacy,2023,104,16,5,0.9902,2013,"1.9,1.8,1.5,1.2,1.0",2012,"4.9,4.9,4.6,4.3,4.0",2023-12-18 15:58:00
491945,The Fund For Peace,Fragile State Index,Total,2023,104,33,5,0.92984,2013,"24.8,26.1,24.6,22.5,22.3",2016,"62.0,61.6,59.80623958429162,57.5,56.60002751710281",2023-12-13 12:20:40
4957639,The Fund For Peace,Fragile State Index,P1: State Legitimacy,2023,104,33,5,0.9902,2013,"1.9,1.8,1.5,1.2,1.0",2016,"8.3,8.3,8.0,7.7,7.4",2023-12-18 15:58:05
491153,The Fund For Peace,Fragile State Index,Total,2023,104,177,5,0.92382,2013,"24.8,26.1,24.6,22.5,22.3",2016,"29.2,29.0,27.27345053662528,25.3,23.51466331089092",2023-12-13 12:19:49
4957271,The Fund For Peace,Fragile State Index,P1: State Legitimacy,2023,104,177,5,0.99566,2013,"1.9,1.8,1.5,1.2,1.0",2016,"1.8,1.6,1.3,1.0,0.8197920437077559",2023-12-18 15:57:43
490929,The Fund For Peace,Fragile State Index,Total,2023,104,100,5,0.93331,2013,"24.8,26.1,24.6,22.5,22.3",2015,"79.3,79.6,77.9,76.30850993941235,74.4",2023-12-13 12:19:35
4957168,The Fund For Peace,Fragile State Index,P1: State Legitimacy,2023,104,100,5,0.98466,2013,"1.9,1.8,1.5,1.2,1.0",2015,"5.2,4.9,4.7,4.4,4.1",2023-12-18 15:57:36
491178,The Fund For Peace,Fragile State Index,Total,2023,104,52,5,0.92992,2013,"24.8,26.1,24.6,22.5,22.3",2013,"48.7,48.5,46.8,45.1,44.1",2023-12-13 12:19:51
4957287,The Fund For Peace,Fragile State Index,P1: State Legitimacy,2023,104,52,5,0.98723,2013,"1.9,1.8,1.5,1.2,1.0",2013,"3.5,3.2,2.9,2.6,2.4",2023-12-18 15:57:43
491728,The Fund For Peace,Fragile State Index,Total,2023,104,25,5,0.94856,2013,"24.8,26.1,24.6,22.5,22.3",2009,"87.3,87.3,85.0,82.4,81.8",2023-12-13 12:20:26
4957514,The Fund For Peace,Fragile State Index,P1: State Legitimacy,2023,104,25,5,0.96851,2013,"1.9,1.8,1.5,1.2,1.0",2009,"7.4,6.9,6.6,6.3,6.0",2023-12-18 15:57:56
492086,The Fund For Peace,Fragile State Index,Total,2023,104,122,5,0.9197,2013,"24.8,26.1,24.6,22.5,22.3",2016,"80.9,81.7,80.13336187638737,79.7,78.29011539823739",2023-12-13 12:20:49
4957735,The Fund For Peace,Fragile State Index,P1: State Legitimacy,2023,104,122,5,0.99604,2013,"1.9,1.8,1.5,1.2,1.0",2016,"6.1,5.9,5.6000000000000005,5.3,5.0",2023-12-18 15:58:11
5365593,The Fund For Peace,Fragile State Index,P2: Public Services,2023,104,226,5,0.92768,2009,"2.3,2.4,2.2,2.2,1.9",2012,"5.1,5.2,5.1,4.8,4.5",2023-12-19 00:09:05
6659373,The Fund For Peace,Fragile State Index,S2: Refugees and IDPs,2023,104,226,5,0.98677,2009,"1.5,1.6,2.0,1.7,1.4",2012,"2.9,3.0,3.3,3.0,2.8",2023-12-20 04:16:01
491047,The Fund For Peace,Fragile State Index,Total,2023,104,120,5,0.93217,2013,"24.8,26.1,24.6,22.5,22.3",2014,"48.0,48.5,47.4,46.4,44.899921744994565",2023-12-13 12:19:43
4957219,The Fund For Peace,Fragile State Index,P1: State Legitimacy,2023,104,120,5,0.98162,2013,"1.9,1.8,1.5,1.2,1.0",2014,"4.2,3.9,3.6,3.4,3.1",2023-12-18 15:57:39
491038,The Fund For Peace,Fragile State Index,Total,2023,104,23,5,0.92388,2013,"24.8,26.1,24.6,22.5,22.3",2015,"78.8,78.9,77.6,75.69009689938682,73.6",2023-12-13 12:19:42
4957214,The Fund For Peace,Fragile State Index,P1: State Legitimacy,2023,104,23,5,0.98975,2013,"1.9,1.8,1.5,1.2,1.0",2015,"6.2,5.9,5.4,5.1000000000000005,4.8",2023-12-18 15:57:39
492030,The Fund For Peace,Fragile State Index,Total,2023,104,222,5,0.91781,2013,"24.8,26.1,24.6,22.5,22.3",2016,"90.8,90.5,88.25683064064846,85.5,82.66311377505994",2023-12-13 12:20:45
4957692,The Fund For Peace,Fragile State Index,P1: State Legitimacy,2023,104,222,5,0.99501,2013,"1.9,1.8,1.5,1.2,1.0",2016,"7.1,6.9,6.4,6.1,5.8",2023-12-18 15:58:08
491884,The Fund For Peace,Fragile State Index,Total,2023,104,213,5,0.92256,2013,"24.8,26.1,24.6,22.5,22.3",2012,"71.2,71.2,70.6,68.4,66.7",2023-12-13 12:20:36
4957587,The Fund For Peace,Fragile State Index,P1: State Legitimacy,2023,104,213,5,0.98974,2013,"1.9,1.8,1.5,1.2,1.0",2012,"6.4,6.1,5.8,5.5,5.2",2023-12-18 15:58:02
491919,The Fund For Peace,Fragile State Index,Total,2023,104,86,5,0.91613,2013,"24.8,26.1,24.6,22.5,22.3",2013,"64.6,65.2,63.5,63.0,61.5",2023-12-13 12:20:38
4957617,The Fund For Peace,Fragile State Index,P1: State Legitimacy,2023,104,86,5,0.99511,2013,"1.9,1.8,1.5,1.2,1.0",2013,"6.2,6.2,5.9,5.6,5.4",2023-12-18 15:58:04
491731,The Fund For Peace,Fragile State Index,Total,2023,104,25,5,0.91427,2013,"24.8,26.1,24.6,22.5,22.3",2012,"82.4,81.8,80.9,78.7,77.6",2023-12-13 12:20:26
4957517,The Fund For Peace,Fragile State Index,P1: State Legitimacy,2023,104,25,5,0.99674,2013,"1.9,1.8,1.5,1.2,1.0",2012,"6.3,6.0,5.5,5.0,4.5",2023-12-18 15:57:56
490870,The Fund For Peace,Fragile State Index,Total,2023,104,34,5,0.91336,2013,"24.8,26.1,24.6,22.5,22.3",2016,"53.7,53.7,51.65420796469111,50.6,49.17165481543572",2023-12-13 12:19:32
4957131,The Fund For Peace,Fragile State Index,P1: State Legitimacy,2023,104,34,5,0.99604,2013,"1.9,1.8,1.5,1.2,1.0",2016,"4.7,4.5,4.2,3.9,3.6",2023-12-18 15:57:34
491620,The Fund For Peace,Fragile State Index,Total,2023,104,169,5,0.91408,2013,"24.8,26.1,24.6,22.5,22.3",2010,"84.6,84.4,82.2,80.8,79.5",2023-12-13 12:20:19
4957492,The Fund For Peace,Fragile State Index,P1: State Legitimacy,2023,104,169,5,0.9927,2013,"1.9,1.8,1.5,1.2,1.0",2010,"7.3,7.3,7.0,6.7,6.6",2023-12-18 15:57:55
491595,The Fund For Peace,Fragile State Index,Total,2023,104,54,5,0.90857,2013,"24.8,26.1,24.6,22.5,22.3",2008,"78.6,80.6,79.4,76.6,73.1",2023-12-13 12:20:17
4957485,The Fund For Peace,Fragile State Index,P1: State Legitimacy,2023,104,54,5,0.99704,2013,"1.9,1.8,1.5,1.2,1.0",2008,"7.6,7.5,7.0,6.6,6.4",2023-12-18 15:57:54
491044,The Fund For Peace,Fragile State Index,Total,2023,104,120,5,0.90793,2013,"24.8,26.1,24.6,22.5,22.3",2010,"55.4,54.2,51.9,47.9,48.0",2023-12-13 12:19:42
4957215,The Fund For Peace,Fragile State Index,P1: State Legitimacy,2023,104,120,5,0.99683,2013,"1.9,1.8,1.5,1.2,1.0",2010,"5.4,5.3,4.8,4.5,4.2",2023-12-18 15:57:39
490967,The Fund For Peace,Fragile State Index,Total,2023,104,163,5,0.91542,2013,"24.8,26.1,24.6,22.5,22.3",2008,"74.6,74.4,72.7,71.0,69.1",2023-12-13 12:19:38
4957191,The Fund For Peace,Fragile State Index,P1: State Legitimacy,2023,104,163,5,0.98801,2013,"1.9,1.8,1.5,1.2,1.0",2008,"7.6,7.4,6.9,6.7,6.4",2023-12-18 15:57:38
491311,The Fund For Peace,Fragile State Index,Total,2023,104,211,5,0.94106,2013,"24.8,26.1,24.6,22.5,22.3",2013,"92.9,92.6,90.7,87.7,86.6",2023-12-13 12:19:59
4957381,The Fund For Peace,Fragile State Index,P1: State Legitimacy,2023,104,211,5,0.96139,2013,"1.9,1.8,1.5,1.2,1.0",2013,"8.2,8.3,8.0,7.4,6.9",2023-12-18 15:57:49
491436,The Fund For Peace,Fragile State Index,Total,2023,104,108,5,0.91098,2013,"24.8,26.1,24.6,22.5,22.3",2012,"103.6,103.5,101.7,100.1,97.9",2023-12-13 12:20:07
4957431,The Fund For Peace,Fragile State Index,P1: State Legitimacy,2023,104,108,5,0.99134,2013,"1.9,1.8,1.5,1.2,1.0",2012,"9.6,9.3,8.8,8.5,8.1",2023-12-18 15:57:51
491850,The Fund For Peace,Fragile State Index,Total,2023,104,16,5,0.95951,2013,"24.8,26.1,24.6,22.5,22.3",2008,"60.5,60.9,58.9,56.5,55.1",2023-12-13 12:20:34
4957554,The Fund For Peace,Fragile State Index,P1: State Legitimacy,2023,104,16,5,0.94105,2013,"1.9,1.8,1.5,1.2,1.0",2008,"5.9,5.5,5.5,5.2,4.9",2023-12-18 15:57:59
490860,The Fund For Peace,Fragile State Index,Total,2023,104,31,5,0.99092,2013,"24.8,26.1,24.6,22.5,22.3",2008,"67.6,69.1,67.4,65.1,64.1",2023-12-13 12:19:31
4957124,The Fund For Peace,Fragile State Index,P1: State Legitimacy,2023,104,31,5,0.90814,2013,"1.9,1.8,1.5,1.2,1.0",2008,"6.2,6.4,6.2,5.9,5.6",2023-12-18 15:57:34
491168,The Fund For Peace,Fragile State Index,Total,2023,104,126,5,0.91015,2013,"24.8,26.1,24.6,22.5,22.3",2013,"43.0,43.2,43.0,42.4,41.7",2023-12-13 12:19:50
4957279,The Fund For Peace,Fragile State Index,P1: State Legitimacy,2023,104,126,5,0.98723,2013,"1.9,1.8,1.5,1.2,1.0",2013,"3.8,3.5,3.2,2.9,2.7",2023-12-18 15:57:43
491870,The Fund For Peace,Fragile State Index,Total,2023,104,22,5,0.94072,2013,"24.8,26.1,24.6,22.5,22.3",2007,"69.8,70.2,69.5,68.7,67.7",2023-12-13 12:20:35
4957578,The Fund For Peace,Fragile State Index,P1: State Legitimacy,2023,104,22,5,0.95644,2013,"1.9,1.8,1.5,1.2,1.0",2007,"6.5,6.5,6.2,6.2,6.0",2023-12-18 15:58:01
491560,The Fund For Peace,Fragile State Index,Total,2023,104,142,5,0.90286,2013,"24.8,26.1,24.6,22.5,22.3",2008,"85.7,85.1,83.8,81.2,78.7",2023-12-13 12:20:15
4957474,The Fund For Peace,Fragile State Index,P1: State Legitimacy,2023,104,142,5,0.9941,2013,"1.9,1.8,1.5,1.2,1.0",2008,"8.3,8.1,7.9,7.6,7.4",2023-12-18 15:57:54
491897,The Fund For Peace,Fragile State Index,Total,2023,104,192,5,0.90057,2013,"24.8,26.1,24.6,22.5,22.3",2016,"67.6,67.1,65.53086971578227,64.2,63.2966485589962",2023-12-13 12:20:37
4957599,The Fund For Peace,Fragile State Index,P1: State Legitimacy,2023,104,192,5,0.99604,2013,"1.9,1.8,1.5,1.2,1.0",2016,"5.7,5.5,5.2,4.9,4.6000000000000005",2023-12-18 15:58:02
491528,The Fund For Peace,Fragile State Index,Total,2023,104,28,5,0.96616,2013,"24.8,26.1,24.6,22.5,22.3",2014,"75.9,77.4,74.6,73.0,71.33654613766848",2023-12-13 12:20:13
4957461,The Fund For Peace,Fragile State Index,P1: State Legitimacy,2023,104,28,5,0.93017,2013,"1.9,1.8,1.5,1.2,1.0",2014,"6.8,7.0,6.7,6.5,6.236546137668479",2023-12-18 15:57:53
4490950,The Fund For Peace,Fragile State Index,E3: Human Flight and Brain Drain,2023,104,44,5,0.98612,2008,"2.0,2.0,2.0,2.4,3.0",2007,"2.1,2.1,2.1,2.5,2.8",2023-12-18 07:19:53
6233178,The Fund For Peace,Fragile State Index,S1: Demographic Pressures,2023,104,44,5,0.90925,2008,"1.9,1.9,2.0,2.3,2.5",2007,"3.8,3.8,4.0,4.1,5.0",2023-12-19 18:19:33
491170,The Fund For Peace,Fragile State Index,Total,2023,104,126,5,0.90961,2013,"24.8,26.1,24.6,22.5,22.3",2015,"43.0,42.4,41.7,39.40955428935555,38.1",2023-12-13 12:19:50
4957281,The Fund For Peace,Fragile State Index,P1: State Legitimacy,2023,104,126,5,0.98466,2013,"1.9,1.8,1.5,1.2,1.0",2015,"3.2,2.9,2.7,2.4000000000000004,2.1",2023-12-18 15:57:43
491232,The Fund For Peace,Fragile State Index,Total,2023,104,81,5,0.95321,2013,"24.8,26.1,24.6,22.5,22.3",2015,"28.1,28.6,28.1,25.83337235566515,24.7",2023-12-13 12:19:54
4957335,The Fund For Peace,Fragile State Index,P1: State Legitimacy,2023,104,81,5,0.9384,2013,"1.9,1.8,1.5,1.2,1.0",2015,"1.2,1.0,1.0,0.7,0.7",2023-12-18 15:57:46
491481,The Fund For Peace,Fragile State Index,Total,2023,104,167,5,0.92346,2013,"24.8,26.1,24.6,22.5,22.3",2014,"103.0,103.0,101.7,98.9,96.33806005544712",2023-12-13 12:20:10
4957449,The Fund For Peace,Fragile State Index,P1: State Legitimacy,2023,104,167,5,0.9671,2013,"1.9,1.8,1.5,1.2,1.0",2014,"8.5,8.6,8.3,8.1,7.8",2023-12-18 15:57:52
4490928,The Fund For Peace,Fragile State Index,E3: Human Flight and Brain Drain,2023,104,233,5,0.94865,2008,"2.0,2.0,2.0,2.4,3.0",2019,"5.2,5.503775926525209,5.8,5.9,8.9",2023-12-18 07:19:52
6233169,The Fund For Peace,Fragile State Index,S1: Demographic Pressures,2023,104,233,5,0.94085,2008,"1.9,1.9,2.0,2.3,2.5",2019,"3.6,3.3000000000000003,4.3,4.8,7.3",2023-12-19 18:19:32
4491010,The Fund For Peace,Fragile State Index,E3: Human Flight and Brain Drain,2023,104,205,5,0.92769,2008,"2.0,2.0,2.0,2.4,3.0",2013,"8.9,8.9,9.2,9.5,9.8",2023-12-18 07:19:57
6233222,The Fund For Peace,Fragile State Index,S1: Demographic Pressures,2023,104,205,5,0.96151,2008,"1.9,1.9,2.0,2.3,2.5",2013,"9.5,9.5,9.6,9.7,10.0",2023-12-19 18:19:36
491885,The Fund For Peace,Fragile State Index,Total,2023,104,213,5,0.90057,2013,"24.8,26.1,24.6,22.5,22.3",2013,"71.2,70.6,68.4,66.7,65.9",2023-12-13 12:20:36
4957588,The Fund For Peace,Fragile State Index,P1: State Legitimacy,2023,104,213,5,0.98723,2013,"1.9,1.8,1.5,1.2,1.0",2013,"6.1,5.8,5.5,5.2,5.0",2023-12-18 15:58:02
4490897,The Fund For Peace,Fragile State Index,E3: Human Flight and Brain Drain,2023,104,196,5,0.9488,2008,"2.0,2.0,2.0,2.4,3.0",2009,"5.6,5.8,6.0,6.3,6.8",2023-12-18 07:19:50
6233147,The Fund For Peace,Fragile State Index,S1: Demographic Pressures,2023,104,196,5,0.93845,2008,"1.9,1.9,2.0,2.3,2.5",2009,"7.4,7.6,7.6,7.8,8.3",2023-12-19 18:19:30
491266,The Fund For Peace,Fragile State Index,Total,2023,104,112,5,0.95498,2013,"24.8,26.1,24.6,22.5,22.3",2016,"78.0,78.7,76.75207113512026,75.9,75.42853052941282",2023-12-13 12:19:57
4957365,The Fund For Peace,Fragile State Index,P1: State Legitimacy,2023,104,112,5,0.93138,2013,"1.9,1.8,1.5,1.2,1.0",2016,"6.4,6.3,6.146483523828889,6.0,6.062216891956368",2023-12-18 15:57:48
490865,The Fund For Peace,Fragile State Index,Total,2023,104,34,5,0.93534,2013,"24.8,26.1,24.6,22.5,22.3",2009,"61.5,61.2,59.0,56.3,55.0",2023-12-13 12:19:32
4957127,The Fund For Peace,Fragile State Index,P1: State Legitimacy,2023,104,34,5,0.94768,2013,"1.9,1.8,1.5,1.2,1.0",2009,"6.0,6.0,5.9,5.1,4.8",2023-12-18 15:57:34
490858,The Fund For Peace,Fragile State Index,Total,2023,104,2,5,0.90417,2013,"24.8,26.1,24.6,22.5,22.3",2019,"58.9,58.75381081040027,59.00000000000001,56.7,56.8",2023-12-13 12:19:31
4957123,The Fund For Peace,Fragile State Index,P1: State Legitimacy,2023,104,2,5,0.97763,2013,"1.9,1.8,1.5,1.2,1.0",2019,"5.7,5.8,5.5,5.2,5.0",2023-12-18 15:57:33
491290,The Fund For Peace,Fragile State Index,Total,2023,104,239,5,0.90528,2013,"24.8,26.1,24.6,22.5,22.3",2007,"93.5,93.4,92.8,90.5,88.3",2023-12-13 12:19:58
4957371,The Fund For Peace,Fragile State Index,P1: State Legitimacy,2023,104,239,5,0.97012,2013,"1.9,1.8,1.5,1.2,1.0",2007,"9.2,9.3,9.0,8.5,8.4",2023-12-18 15:57:48
491487,The Fund For Peace,Fragile State Index,Total,2023,104,1,5,0.95124,2013,"24.8,26.1,24.6,22.5,22.3",2009,"108.2,109.3,107.5,106.0,106.7",2023-12-13 12:20:10
4957454,The Fund For Peace,Fragile State Index,P1: State Legitimacy,2023,104,1,5,0.92313,2013,"1.9,1.8,1.5,1.2,1.0",2009,"9.8,10.0,9.7,9.5,9.4",2023-12-18 15:57:53
490911,The Fund For Peace,Fragile State Index,Total,2023,104,144,5,0.91289,2013,"24.8,26.1,24.6,22.5,22.3",2013,"57.8,58.1,57.0,56.6,56.7",2023-12-13 12:19:34
4957159,The Fund For Peace,Fragile State Index,P1: State Legitimacy,2023,104,144,5,0.96123,2013,"1.9,1.8,1.5,1.2,1.0",2013,"5.3,4.8,4.5,4.2,4.0",2023-12-18 15:57:36
491954,The Fund For Peace,Fragile State Index,Total,2023,104,127,5,0.91138,2013,"24.8,26.1,24.6,22.5,22.3",2008,"27.9,27.6,27.3,26.1,25.5",2023-12-13 12:20:40
4957644,The Fund For Peace,Fragile State Index,P1: State Legitimacy,2023,104,127,5,0.96221,2013,"1.9,1.8,1.5,1.2,1.0",2008,"3.3,2.9,2.7,2.5,2.2",2023-12-18 15:58:05
491337,The Fund For Peace,Fragile State Index,Total,2023,104,48,5,0.90238,2013,"24.8,26.1,24.6,22.5,22.3",2013,"83.8,83.1,82.5,80.2,78.9",2023-12-13 12:20:01
4957392,The Fund For Peace,Fragile State Index,P1: State Legitimacy,2023,104,48,5,0.97025,2013,"1.9,1.8,1.5,1.2,1.0",2013,"7.3,7.4,7.1,6.5,6.3",2023-12-18 15:57:49
4491039,The Fund For Peace,Fragile State Index,E3: Human Flight and Brain Drain,2023,104,220,5,0.92074,2008,"2.0,2.0,2.0,2.4,3.0",2010,"6.1,5.8,6.1,6.4,6.7",2023-12-18 07:19:58
6233251,The Fund For Peace,Fragile State Index,S1: Demographic Pressures,2023,104,220,5,0.95169,2008,"1.9,1.9,2.0,2.3,2.5",2010,"8.2,8.1,8.2,8.6,8.6",2023-12-19 18:19:38
491237,The Fund For Peace,Fragile State Index,Total,2023,104,203,5,0.9661,2013,"24.8,26.1,24.6,22.5,22.3",2006,"36.8,37.5,37.1,36.3,36.0",2023-12-13 12:19:55
4957339,The Fund For Peace,Fragile State Index,P1: State Legitimacy,2023,104,203,5,0.90398,2013,"1.9,1.8,1.5,1.2,1.0",2006,"3.2,3.2,3.2,3.0,2.8",2023-12-18 15:57:46
4491038,The Fund For Peace,Fragile State Index,E3: Human Flight and Brain Drain,2023,104,220,5,0.91856,2008,"2.0,2.0,2.0,2.4,3.0",2006,"6.0,6.0,6.0,6.0,6.1",2023-12-18 07:19:58
6233250,The Fund For Peace,Fragile State Index,S1: Demographic Pressures,2023,104,220,5,0.95091,2008,"1.9,1.9,2.0,2.3,2.5",2006,"7.0,7.4,7.4,8.0,8.2",2023-12-19 18:19:38
490890,The Fund For Peace,Fragile State Index,Total,2023,104,82,5,0.91973,2013,"24.8,26.1,24.6,22.5,22.3",2014,"70.7,71.8,71.2,69.7,68.1221863165064",2023-12-13 12:19:33
4957146,The Fund For Peace,Fragile State Index,P1: State Legitimacy,2023,104,82,5,0.94876,2013,"1.9,1.8,1.5,1.2,1.0",2014,"4.8,5.0,4.7,4.2,3.9",2023-12-18 15:57:35
491619,The Fund For Peace,Fragile State Index,Total,2023,104,169,5,0.91651,2013,"24.8,26.1,24.6,22.5,22.3",2009,"84.6,84.6,84.4,82.2,80.8",2023-12-13 12:20:19
4957491,The Fund For Peace,Fragile State Index,P1: State Legitimacy,2023,104,169,5,0.9498,2013,"1.9,1.8,1.5,1.2,1.0",2009,"7.5,7.3,7.3,7.0,6.7",2023-12-18 15:57:55
491333,The Fund For Peace,Fragile State Index,Total,2023,104,48,5,0.90161,2013,"24.8,26.1,24.6,22.5,22.3",2009,"89.2,88.2,87.0,84.4,83.8",2023-12-13 12:20:01
4957391,The Fund For Peace,Fragile State Index,P1: State Legitimacy,2023,104,48,5,0.96387,2013,"1.9,1.8,1.5,1.2,1.0",2009,"7.9,7.7,7.5,7.4,7.3",2023-12-18 15:57:49
491517,The Fund For Peace,Fragile State Index,Total,2023,104,162,5,0.94905,2013,"24.8,26.1,24.6,22.5,22.3",2017,"93.3,93.2,92.7,90.21129784524967,89.99999999999999",2023-12-13 12:20:12
4957457,The Fund For Peace,Fragile State Index,P1: State Legitimacy,2023,104,162,5,0.91628,2013,"1.9,1.8,1.5,1.2,1.0",2017,"10.0,10.0,10.0,9.911297845249694,9.9",2023-12-18 15:57:53
491958,The Fund For Peace,Fragile State Index,Total,2023,104,127,5,0.94432,2013,"24.8,26.1,24.6,22.5,22.3",2015,"22.1,24.1,23.4,20.757276455472248,20.4",2023-12-13 12:20:40
4957651,The Fund For Peace,Fragile State Index,P1: State Legitimacy,2023,104,127,5,0.91963,2013,"1.9,1.8,1.5,1.2,1.0",2015,"1.3,1.0,1.0,0.7,0.7",2023-12-18 15:58:06
491906,The Fund For Peace,Fragile State Index,Total,2023,104,93,5,0.94406,2013,"24.8,26.1,24.6,22.5,22.3",2009,"73.0,73.0,72.6,71.4,70.8",2023-12-13 12:20:37
4957611,The Fund For Peace,Fragile State Index,P1: State Legitimacy,2023,104,93,5,0.91767,2013,"1.9,1.8,1.5,1.2,1.0",2009,"6.7,6.8,6.5,6.5,6.2",2023-12-18 15:58:03
490927,The Fund For Peace,Fragile State Index,Total,2023,104,100,5,0.91609,2013,"24.8,26.1,24.6,22.5,22.3",2010,"79.2,79.3,78.0,77.5,76.9",2023-12-13 12:19:35
4957165,The Fund For Peace,Fragile State Index,P1: State Legitimacy,2023,104,100,5,0.94463,2013,"1.9,1.8,1.5,1.2,1.0",2010,"5.8,5.8,5.5,5.2,5.3",2023-12-18 15:57:36
491344,The Fund For Peace,Fragile State Index,Total,2023,104,130,5,0.91594,2013,"24.8,26.1,24.6,22.5,22.3",2012,"88.8,89.2,89.1,86.9,87.6",2023-12-13 12:20:01
4957396,The Fund For Peace,Fragile State Index,P1: State Legitimacy,2023,104,130,5,0.94039,2013,"1.9,1.8,1.5,1.2,1.0",2012,"8.0,7.5,7.6,6.9,6.6",2023-12-18 15:57:50
491932,The Fund For Peace,Fragile State Index,Total,2023,104,198,5,0.93038,2013,"24.8,26.1,24.6,22.5,22.3",2013,"64.0,63.7,62.1,60.2,59.4",2023-12-13 12:20:39
4957630,The Fund For Peace,Fragile State Index,P1: State Legitimacy,2023,104,198,5,0.92481,2013,"1.9,1.8,1.5,1.2,1.0",2013,"6.3,6.0,5.7,5.7,5.5",2023-12-18 15:58:04
491973,The Fund For Peace,Fragile State Index,Total,2023,104,179,5,0.92291,2013,"24.8,26.1,24.6,22.5,22.3",2009,"51.9,51.8,49.5,48.0,47.1",2023-12-13 12:20:41
4957663,The Fund For Peace,Fragile State Index,P1: State Legitimacy,2023,104,179,5,0.92828,2013,"1.9,1.8,1.5,1.2,1.0",2009,"6.5,6.3,6.0,5.9,5.9",2023-12-18 15:58:06
492014,The Fund For Peace,Fragile State Index,Total,2023,104,204,5,0.90224,2013,"24.8,26.1,24.6,22.5,22.3",2007,"92.0,92.4,89.6,88.6,85.9",2023-12-13 12:20:44
4957678,The Fund For Peace,Fragile State Index,P1: State Legitimacy,2023,104,204,5,0.9485,2013,"1.9,1.8,1.5,1.2,1.0",2007,"8.5,8.7,8.3,8.1,7.9",2023-12-18 15:58:07
491326,The Fund For Peace,Fragile State Index,Total,2023,104,152,5,0.93388,2013,"24.8,26.1,24.6,22.5,22.3",2016,"91.2,91.0,87.87642693759165,84.7,82.56660214637142",2023-12-13 12:20:00
4957387,The Fund For Peace,Fragile State Index,P1: State Legitimacy,2023,104,152,5,0.91549,2013,"1.9,1.8,1.5,1.2,1.0",2016,"7.1,7.4,7.1000000000000005,6.6,6.3",2023-12-18 15:57:49
491939,The Fund For Peace,Fragile State Index,Total,2023,104,33,5,0.91093,2013,"24.8,26.1,24.6,22.5,22.3",2009,"68.1,67.6,65.8,64.1,63.2",2023-12-13 12:20:39
4957637,The Fund For Peace,Fragile State Index,P1: State Legitimacy,2023,104,33,5,0.9384,2013,"1.9,1.8,1.5,1.2,1.0",2009,"7.9,7.7,7.7,7.4,7.4",2023-12-18 15:58:05
491672,The Fund For Peace,Fragile State Index,Total,2023,104,197,5,0.90427,2013,"24.8,26.1,24.6,22.5,22.3",2008,"80.1,79.2,77.8,74.4,75.0",2023-12-13 12:20:22
4957502,The Fund For Peace,Fragile State Index,P1: State Legitimacy,2023,104,197,5,0.94459,2013,"1.9,1.8,1.5,1.2,1.0",2008,"7.4,7.3,6.8,6.5,6.6",2023-12-18 15:57:55
4491030,The Fund For Peace,Fragile State Index,E3: Human Flight and Brain Drain,2023,104,249,5,0.92074,2008,"2.0,2.0,2.0,2.4,3.0",2010,"7.1,6.8,7.1,7.4,7.7",2023-12-18 07:19:58
6233241,The Fund For Peace,Fragile State Index,S1: Demographic Pressures,2023,104,249,5,0.92708,2008,"1.9,1.9,2.0,2.3,2.5",2010,"9.0,8.9,9.1,9.3,9.3",2023-12-19 18:19:37
491583,The Fund For Peace,Fragile State Index,Total,2023,104,80,5,0.92542,2013,"24.8,26.1,24.6,22.5,22.3",2015,"79.2,78.9,76.5,74.00003923403446,72.0",2023-12-13 12:20:17
4957483,The Fund For Peace,Fragile State Index,P1: State Legitimacy,2023,104,80,5,0.9224,2013,"1.9,1.8,1.5,1.2,1.0",2015,"8.8,8.5,8.3,8.0,8.1",2023-12-18 15:57:54
4491007,The Fund For Peace,Fragile State Index,E3: Human Flight and Brain Drain,2023,104,43,5,0.92074,2008,"2.0,2.0,2.0,2.4,3.0",2011,"8.0,7.7,8.0,8.3,8.6",2023-12-18 07:19:56
6233219,The Fund For Peace,Fragile State Index,S1: Demographic Pressures,2023,104,43,5,0.91658,2008,"1.9,1.9,2.0,2.3,2.5",2011,"9.2,9.3,9.5,9.6,9.7",2023-12-19 18:19:36
492061,The Fund For Peace,Fragile State Index,Total,2023,104,132,5,0.91569,2013,"24.8,26.1,24.6,22.5,22.3",2016,"74.0,74.4,72.4,69.8,66.2",2023-12-13 12:20:47
4957714,The Fund For Peace,Fragile State Index,P1: State Legitimacy,2023,104,132,5,0.91963,2013,"1.9,1.8,1.5,1.2,1.0",2016,"8.7,8.5,8.3,8.3,7.800000000000001",2023-12-18 15:58:10
5365488,The Fund For Peace,Fragile State Index,P2: Public Services,2023,104,120,5,0.91499,2009,"2.3,2.4,2.2,2.2,1.9",2008,"4.2,4.4,4.2,3.9,3.7",2023-12-19 00:08:59
5741110,The Fund For Peace,Fragile State Index,P3: Human Rights,2023,104,120,5,0.91466,2009,"1.5,1.5,1.2,1.3,1.3",2008,"3.8,3.7,3.5,3.6,3.5",2023-12-19 08:22:53
491124,The Fund For Peace,Fragile State Index,Total,2023,104,216,5,0.91909,2013,"24.8,26.1,24.6,22.5,22.3",2015,"22.3,21.8,21.1,19.20952631375106,18.7",2023-12-13 12:19:48
4957257,The Fund For Peace,Fragile State Index,P1: State Legitimacy,2023,104,216,5,0.90476,2013,"1.9,1.8,1.5,1.2,1.0",2015,"1.0,1.0,1.0,0.7,0.7",2023-12-18 15:57:42
490829,The Fund For Peace,Fragile State Index,Total,2023,104,131,5,0.90652,2013,"24.8,26.1,24.6,22.5,22.3",2016,"66.1,65.4,63.59483707832034,60.5,57.561895525091394",2023-12-13 12:19:29
4957108,The Fund For Peace,Fragile State Index,P1: State Legitimacy,2023,104,131,5,0.91549,2013,"1.9,1.8,1.5,1.2,1.0",2016,"7.4,7.7,7.4,6.9,6.6000000000000005",2023-12-18 15:57:33
491352,The Fund For Peace,Fragile State Index,Total,2023,104,35,5,0.90005,2013,"24.8,26.1,24.6,22.5,22.3",2015,"89.2,89.4,88.0,86.5236375122382,83.9",2023-12-13 12:20:02
4957400,The Fund For Peace,Fragile State Index,P1: State Legitimacy,2023,104,35,5,0.92009,2013,"1.9,1.8,1.5,1.2,1.0",2015,"8.1,7.3,7.1,6.8,6.5",2023-12-18 15:57:50
4490742,The Fund For Peace,Fragile State Index,E3: Human Flight and Brain Drain,2023,104,100,4,1.0,2013,"2.8,3.1,2.8,2.5",2017,"6.1,6.398219966950926,6.1,5.8",2023-12-18 07:19:41
7092325,The Fund For Peace,Fragile State Index,X1: External Intervention,2023,104,100,4,0.99952,2013,"2.2,2.0,1.9,1.6",2017,"5.4,5.215986580791091,5.1,4.8",2023-12-20 12:37:56
490314,The Fund For Peace,Fragile State Index,Total,2023,104,23,4,0.99785,2006,"18.6,19.5,19.9,21.6",2006,"70.9,72.0,72.8,75.5",2023-12-13 12:18:54
2336317,The Fund For Peace,Fragile State Index,C2: Factionalized Elites,2023,104,23,4,1.0,2006,"1.0,1.0,1.0,1.3",2006,"3.8,3.8,3.8,4.3",2023-12-15 10:52:21
490366,The Fund For Peace,Fragile State Index,Total,2023,104,156,4,0.9947,2006,"18.6,19.5,19.9,21.6",2006,"19.4,20.5,21.4,23.3",2023-12-13 12:18:58
2336337,The Fund For Peace,Fragile State Index,C2: Factionalized Elites,2023,104,156,4,1.0,2006,"1.0,1.0,1.0,1.3",2006,"1.0,1.0,1.0,1.2",2023-12-15 10:52:23
4490850,The Fund For Peace,Fragile State Index,E3: Human Flight and Brain Drain,2023,104,19,4,1.0,2013,"2.8,3.1,2.8,2.5",2010,"6.5,6.8,6.5,6.2",2023-12-18 07:19:48
7092906,The Fund For Peace,Fragile State Index,X1: External Intervention,2023,104,19,4,0.99304,2013,"2.2,2.0,1.9,1.6",2010,"5.7,5.4,5.3,5.0",2023-12-20 12:38:31
490296,The Fund For Peace,Fragile State Index,Total,2023,104,79,4,0.98484,2006,"18.6,19.5,19.9,21.6",2014,"83.1,85.4,86.8,89.4",2023-12-13 12:18:53
2336306,The Fund For Peace,Fragile State Index,C2: Factionalized Elites,2023,104,79,4,1.0,2006,"1.0,1.0,1.0,1.3",2014,"6.8,6.8,6.8,7.8",2023-12-15 10:52:21
4956577,The Fund For Peace,Fragile State Index,P1: State Legitimacy,2023,104,235,4,0.98387,2012,"2.2,1.9,1.8,1.5",2007,"2.2,2.0,1.8,1.6",2023-12-18 15:57:00
5740842,The Fund For Peace,Fragile State Index,P3: Human Rights,2023,104,235,4,1.0,2012,"1.3,1.3,1.2,1.2",2007,"2.6,2.6,2.3,2.3",2023-12-19 08:22:27
1966034,The Fund For Peace,Fragile State Index,C1: Security Apparatus,2023,104,176,4,0.98349,2008,"1.0,1.1,1.4,1.6",2007,"2.0,2.0,2.3,2.4",2023-12-15 03:44:37
2524609,The Fund For Peace,Fragile State Index,C3: Group Grievance,2023,104,176,4,1.0,2008,"1.0,1.0,1.0,1.3",2007,"3.2,3.2,3.2,3.3",2023-12-15 14:36:18
1965889,The Fund For Peace,Fragile State Index,C1: Security Apparatus,2023,104,227,4,0.98232,2008,"1.0,1.1,1.4,1.6",2013,"7.2,7.3,7.8,7.9",2023-12-15 03:44:28
2524550,The Fund For Peace,Fragile State Index,C3: Group Grievance,2023,104,227,4,1.0,2008,"1.0,1.0,1.0,1.3",2013,"7.8,7.8,7.8,7.9",2023-12-15 14:36:15
4490848,The Fund For Peace,Fragile State Index,E3: Human Flight and Brain Drain,2023,104,89,4,1.0,2013,"2.8,3.1,2.8,2.5",2018,"7.2,7.3,7.2,7.1",2023-12-18 07:19:48
7092883,The Fund For Peace,Fragile State Index,X1: External Intervention,2023,104,89,4,0.98116,2013,"2.2,2.0,1.9,1.6",2018,"4.9,4.6,4.3,4.0",2023-12-20 12:38:30
4490878,The Fund For Peace,Fragile State Index,E3: Human Flight and Brain Drain,2023,104,129,4,1.0,2013,"2.8,3.1,2.8,2.5",2017,"6.7,7.0,6.7,6.4",2023-12-18 07:19:49
7093008,The Fund For Peace,Fragile State Index,X1: External Intervention,2023,104,129,4,0.98116,2013,"2.2,2.0,1.9,1.6",2017,"6.8,6.5,6.2,5.9",2023-12-20 12:38:37
4490756,The Fund For Peace,Fragile State Index,E3: Human Flight and Brain Drain,2023,104,113,4,1.0,2013,"2.8,3.1,2.8,2.5",2013,"3.6,3.9,3.6,3.3",2023-12-18 07:19:42
7092395,The Fund For Peace,Fragile State Index,X1: External Intervention,2023,104,113,4,0.98116,2013,"2.2,2.0,1.9,1.6",2013,"5.3,5.0,4.7,4.4",2023-12-20 12:38:01
4490870,The Fund For Peace,Fragile State Index,E3: Human Flight and Brain Drain,2023,104,180,4,1.0,2013,"2.8,3.1,2.8,2.5",2017,"7.4,7.7,7.4,7.1000000000000005",2023-12-18 07:19:49
7092981,The Fund For Peace,Fragile State Index,X1: External Intervention,2023,104,180,4,0.98116,2013,"2.2,2.0,1.9,1.6",2017,"7.1,6.8,6.5,6.2",2023-12-20 12:38:36
4490732,The Fund For Peace,Fragile State Index,E3: Human Flight and Brain Drain,2023,104,29,4,1.0,2013,"2.8,3.1,2.8,2.5",2017,"5.5,5.8,5.5,5.2",2023-12-18 07:19:40
7092249,The Fund For Peace,Fragile State Index,X1: External Intervention,2023,104,29,4,0.98116,2013,"2.2,2.0,1.9,1.6",2017,"4.1,3.8,3.5,3.2",2023-12-20 12:37:51
4490836,The Fund For Peace,Fragile State Index,E3: Human Flight and Brain Drain,2023,104,137,4,1.0,2013,"2.8,3.1,2.8,2.5",2017,"6.9,7.2,6.9,6.6000000000000005",2023-12-18 07:19:47
7092828,The Fund For Peace,Fragile State Index,X1: External Intervention,2023,104,137,4,0.98116,2013,"2.2,2.0,1.9,1.6",2017,"8.0,7.7,7.4,7.1000000000000005",2023-12-20 12:38:27
4490802,The Fund For Peace,Fragile State Index,E3: Human Flight and Brain Drain,2023,104,101,4,1.0,2013,"2.8,3.1,2.8,2.5",2017,"6.9,7.2,6.9,6.6000000000000005",2023-12-18 07:19:45
7092624,The Fund For Peace,Fragile State Index,X1: External Intervention,2023,104,101,4,0.98116,2013,"2.2,2.0,1.9,1.6",2017,"5.2,4.9,4.6,4.3",2023-12-20 12:38:15
4490739,The Fund For Peace,Fragile State Index,E3: Human Flight and Brain Drain,2023,104,117,4,1.0,2013,"2.8,3.1,2.8,2.5",2017,"3.6,3.9,3.6,3.3000000000000003",2023-12-18 07:19:41
7092300,The Fund For Peace,Fragile State Index,X1: External Intervention,2023,104,117,4,0.98116,2013,"2.2,2.0,1.9,1.6",2017,"4.8,4.5,4.2,3.9",2023-12-20 12:37:54
4490861,The Fund For Peace,Fragile State Index,E3: Human Flight and Brain Drain,2023,104,99,4,1.0,2013,"2.8,3.1,2.8,2.5",2013,"2.8,3.1,2.8,2.5",2023-12-18 07:19:48
7092947,The Fund For Peace,Fragile State Index,X1: External Intervention,2023,104,99,4,0.98116,2013,"2.2,2.0,1.9,1.6",2013,"5.2,4.9,4.6,4.3",2023-12-20 12:38:34
4490880,The Fund For Peace,Fragile State Index,E3: Human Flight and Brain Drain,2023,104,132,4,1.0,2013,"2.8,3.1,2.8,2.5",2017,"6.2,6.5,6.2,5.9",2023-12-18 07:19:49
7093014,The Fund For Peace,Fragile State Index,X1: External Intervention,2023,104,132,4,0.98116,2013,"2.2,2.0,1.9,1.6",2017,"6.5,6.2,5.9,5.6000000000000005",2023-12-20 12:38:38
4490748,The Fund For Peace,Fragile State Index,E3: Human Flight and Brain Drain,2023,104,221,4,1.0,2013,"2.8,3.1,2.8,2.5",2017,"4.7,5.0,4.7,4.4",2023-12-18 07:19:41
7092355,The Fund For Peace,Fragile State Index,X1: External Intervention,2023,104,221,4,0.98116,2013,"2.2,2.0,1.9,1.6",2017,"3.8,3.5,3.2,2.9000000000000004",2023-12-20 12:37:58
4490762,The Fund For Peace,Fragile State Index,E3: Human Flight and Brain Drain,2023,104,200,4,1.0,2013,"2.8,3.1,2.8,2.5",2013,"3.3,3.6,3.3,3.0",2023-12-18 07:19:42
7092427,The Fund For Peace,Fragile State Index,X1: External Intervention,2023,104,200,4,0.98095,2013,"2.2,2.0,1.9,1.6",2013,"2.2,2.0,1.7,1.4",2023-12-20 12:38:03
4490872,The Fund For Peace,Fragile State Index,E3: Human Flight and Brain Drain,2023,104,222,4,1.0,2013,"2.8,3.1,2.8,2.5",2017,"7.6,7.899999999999999,7.6,7.3",2023-12-18 07:19:49
7092985,The Fund For Peace,Fragile State Index,X1: External Intervention,2023,104,222,4,0.9798,2013,"2.2,2.0,1.9,1.6",2017,"9.5,9.2,9.2,8.899999999999999",2023-12-20 12:38:36
4490763,The Fund For Peace,Fragile State Index,E3: Human Flight and Brain Drain,2023,104,200,4,1.0,2013,"2.8,3.1,2.8,2.5",2016,"3.0,3.3,3.0,2.7",2023-12-18 07:19:42
7092429,The Fund For Peace,Fragile State Index,X1: External Intervention,2023,104,200,4,0.9798,2013,"2.2,2.0,1.9,1.6",2016,"1.4,1.2,1.2,1.0",2023-12-20 12:38:03
4490769,The Fund For Peace,Fragile State Index,E3: Human Flight and Brain Drain,2023,104,44,4,0.99809,2013,"2.8,3.1,2.8,2.5",2017,"3.8,4.1,3.8,3.54831371628817",2023-12-18 07:19:43
7092468,The Fund For Peace,Fragile State Index,X1: External Intervention,2023,104,44,4,0.9803,2013,"2.2,2.0,1.9,1.6",2017,"2.1,1.8,1.5,1.2060853823341753",2023-12-20 12:38:05
1965922,The Fund For Peace,Fragile State Index,C1: Security Apparatus,2023,104,133,4,0.99916,2008,"1.0,1.1,1.4,1.6",2006,"4.5,4.8,5.9,6.5",2023-12-15 03:44:30
2524564,The Fund For Peace,Fragile State Index,C3: Group Grievance,2023,104,133,4,0.97714,2008,"1.0,1.0,1.0,1.3",2006,"6.0,6.1,6.1,6.5",2023-12-15 14:36:15
4956527,The Fund For Peace,Fragile State Index,P1: State Legitimacy,2023,104,202,4,0.98387,2012,"2.2,1.9,1.8,1.5",2019,"4.4,4.1000000000000005,3.8,3.5",2023-12-18 15:56:57
5740809,The Fund For Peace,Fragile State Index,P3: Human Rights,2023,104,202,4,0.98706,2012,"1.3,1.3,1.2,1.2",2019,"2.4,2.4259545764315424,2.3,2.3",2023-12-19 08:22:23
4490858,The Fund For Peace,Fragile State Index,E3: Human Flight and Brain Drain,2023,104,127,4,1.0,2013,"2.8,3.1,2.8,2.5",2013,"2.1,2.4,2.1,1.8",2023-12-18 07:19:48
7092940,The Fund For Peace,Fragile State Index,X1: External Intervention,2023,104,127,4,0.96977,2013,"2.2,2.0,1.9,1.6",2013,"2.0,1.9,1.6,1.3",2023-12-20 12:38:34
4490831,The Fund For Peace,Fragile State Index,E3: Human Flight and Brain Drain,2023,104,173,4,0.98881,2013,"2.8,3.1,2.8,2.5",2016,"7.0,7.3,7.072982065627597,6.8",2023-12-18 07:19:46
7092761,The Fund For Peace,Fragile State Index,X1: External Intervention,2023,104,173,4,0.98095,2013,"2.2,2.0,1.9,1.6",2016,"3.7,3.5,3.2,2.9",2023-12-20 12:38:23
490767,The Fund For Peace,Fragile State Index,Total,2023,104,59,4,0.96653,2006,"18.6,19.5,19.9,21.6",2011,"82.6,83.8,85.5,87.1",2023-12-13 12:19:25
2336478,The Fund For Peace,Fragile State Index,C2: Factionalized Elites,2023,104,59,4,1.0,2006,"1.0,1.0,1.0,1.3",2011,"7.5,7.5,7.5,7.6",2023-12-15 10:52:31
4490883,The Fund For Peace,Fragile State Index,E3: Human Flight and Brain Drain,2023,104,122,4,0.985,2013,"2.8,3.1,2.8,2.5",2017,"8.0,8.286126448523195,8.0,7.827497444993677",2023-12-18 07:19:50
7093022,The Fund For Peace,Fragile State Index,X1: External Intervention,2023,104,122,4,0.98116,2013,"2.2,2.0,1.9,1.6",2017,"7.8,7.5,7.2,6.9",2023-12-20 12:38:38
490527,The Fund For Peace,Fragile State Index,Total,2023,104,35,4,0.96599,2006,"18.6,19.5,19.9,21.6",2020,"85.92852306050814,87.1,90.5,94.0",2023-12-13 12:19:08
2336388,The Fund For Peace,Fragile State Index,C2: Factionalized Elites,2023,104,35,4,1.0,2006,"1.0,1.0,1.0,1.3",2020,"7.8,7.8,7.8,8.2",2023-12-15 10:52:26
4956755,The Fund For Peace,Fragile State Index,P1: State Legitimacy,2023,104,108,4,0.99307,2012,"2.2,1.9,1.8,1.5",2013,"9.3,8.8,8.5,8.1",2023-12-18 15:57:11
5740927,The Fund For Peace,Fragile State Index,P3: Human Rights,2023,104,108,4,0.97167,2012,"1.3,1.3,1.2,1.2",2013,"8.6,8.7,7.9,8.1",2023-12-19 08:22:38
4956541,The Fund For Peace,Fragile State Index,P1: State Legitimacy,2023,104,110,4,1.0,2012,"2.2,1.9,1.8,1.5",2019,"0.9,0.6009723264075552,0.5,0.2",2023-12-18 15:56:58
5740814,The Fund For Peace,Fragile State Index,P3: Human Rights,2023,104,110,4,0.96295,2012,"1.3,1.3,1.2,1.2",2019,"3.2,3.2350089699859352,3.0,2.9",2023-12-19 08:22:23
2336406,The Fund For Peace,Fragile State Index,C2: Factionalized Elites,2023,104,50,4,1.0,2006,"1.0,1.0,1.0,1.3",2013,"9.5,9.5,9.5,9.8",2023-12-15 10:52:27
3468314,The Fund For Peace,Fragile State Index,E2: Economic Inequality,2023,104,50,4,0.96225,2006,"3.0,2.9,3.0,3.0",2013,"8.8,8.5,8.8,8.9",2023-12-16 18:10:43
2336384,The Fund For Peace,Fragile State Index,C2: Factionalized Elites,2023,104,130,4,1.0,2006,"1.0,1.0,1.0,1.3",2011,"7.6,7.6,7.6,7.7",2023-12-15 10:52:25
3468312,The Fund For Peace,Fragile State Index,E2: Economic Inequality,2023,104,130,4,0.96225,2006,"3.0,2.9,3.0,3.0",2011,"8.0,7.7,8.0,8.1",2023-12-16 18:10:42
4490842,The Fund For Peace,Fragile State Index,E3: Human Flight and Brain Drain,2023,104,92,4,1.0,2013,"2.8,3.1,2.8,2.5",2014,"8.3,8.5,8.3,8.1",2023-12-18 07:19:47
7092855,The Fund For Peace,Fragile State Index,X1: External Intervention,2023,104,92,4,0.9619,2013,"2.2,2.0,1.9,1.6",2014,"9.1,8.8,8.5,8.3",2023-12-20 12:38:28
4490864,The Fund For Peace,Fragile State Index,E3: Human Flight and Brain Drain,2023,104,234,4,0.98058,2013,"2.8,3.1,2.8,2.5",2013,"2.4,2.7,2.5,2.2",2023-12-18 07:19:49
7092967,The Fund For Peace,Fragile State Index,X1: External Intervention,2023,104,234,4,0.98116,2013,"2.2,2.0,1.9,1.6",2013,"3.5,3.2,2.9,2.6",2023-12-20 12:38:35
4490733,The Fund For Peace,Fragile State Index,E3: Human Flight and Brain Drain,2023,104,131,4,0.98058,2013,"2.8,3.1,2.8,2.5",2017,"5.0,5.3,5.1,4.8",2023-12-18 07:19:40
7092264,The Fund For Peace,Fragile State Index,X1: External Intervention,2023,104,131,4,0.98116,2013,"2.2,2.0,1.9,1.6",2017,"3.8,3.5,3.2,2.9000000000000004",2023-12-20 12:37:52
490380,The Fund For Peace,Fragile State Index,Total,2023,104,215,4,0.96088,2006,"18.6,19.5,19.9,21.6",2006,"18.2,19.3,19.8,20.6",2023-12-13 12:18:59
2336340,The Fund For Peace,Fragile State Index,C2: Factionalized Elites,2023,104,215,4,1.0,2006,"1.0,1.0,1.0,1.3",2006,"1.0,1.0,1.0,1.3",2023-12-15 10:52:23
4490863,The Fund For Peace,Fragile State Index,E3: Human Flight and Brain Drain,2023,104,179,4,1.0,2013,"2.8,3.1,2.8,2.5",2013,"3.1,3.4,3.1,2.8",2023-12-18 07:19:48
7092958,The Fund For Peace,Fragile State Index,X1: External Intervention,2023,104,179,4,0.95955,2013,"2.2,2.0,1.9,1.6",2013,"4.0,3.7,3.2,2.9",2023-12-20 12:38:35
490424,The Fund For Peace,Fragile State Index,Total,2023,104,138,4,0.95844,2006,"18.6,19.5,19.9,21.6",2006,"41.9,42.7,42.4,44.7",2023-12-13 12:19:02
2336355,The Fund For Peace,Fragile State Index,C2: Factionalized Elites,2023,104,138,4,1.0,2006,"1.0,1.0,1.0,1.3",2006,"3.0,3.0,3.0,3.3",2023-12-15 10:52:24
490219,The Fund For Peace,Fragile State Index,Total,2023,104,31,4,0.98508,2006,"18.6,19.5,19.9,21.6",2016,"65.3,68.2,68.7131308082741,71.8",2023-12-13 12:18:48
2336276,The Fund For Peace,Fragile State Index,C2: Factionalized Elites,2023,104,31,4,0.97333,2006,"1.0,1.0,1.0,1.3",2016,"4.9,4.9,5.2,6.2",2023-12-15 10:52:19
4956939,The Fund For Peace,Fragile State Index,P1: State Legitimacy,2023,104,213,4,0.99469,2012,"2.2,1.9,1.8,1.5",2015,"5.5,5.2,5.0,4.7",2023-12-18 15:57:22
5741042,The Fund For Peace,Fragile State Index,P3: Human Rights,2023,104,213,4,0.96361,2012,"1.3,1.3,1.2,1.2",2015,"4.9,4.8,4.6,4.5819604295293335",2023-12-19 08:22:48
490632,The Fund For Peace,Fragile State Index,Total,2023,104,242,4,0.98847,2006,"18.6,19.5,19.9,21.6",2015,"78.7,81.6,82.9,86.20692501836953",2023-12-13 12:19:15
2336435,The Fund For Peace,Fragile State Index,C2: Factionalized Elites,2023,104,242,4,0.9676,2006,"1.0,1.0,1.0,1.3",2015,"8.1,8.2,8.2,8.527999999999999",2023-12-15 10:52:29
4956464,The Fund For Peace,Fragile State Index,P1: State Legitimacy,2023,104,56,4,0.99469,2012,"2.2,1.9,1.8,1.5",2015,"5.3,5.0,4.8,4.5",2023-12-18 15:56:53
5740765,The Fund For Peace,Fragile State Index,P3: Human Rights,2023,104,56,4,0.9612,2012,"1.3,1.3,1.2,1.2",2015,"3.3,3.2,3.0,2.950775099674933",2023-12-19 08:22:18
4490849,The Fund For Peace,Fragile State Index,E3: Human Flight and Brain Drain,2023,104,16,4,0.9798,2013,"2.8,3.1,2.8,2.5",2010,"5.8,6.2,5.9,5.6",2023-12-18 07:19:48
7092902,The Fund For Peace,Fragile State Index,X1: External Intervention,2023,104,16,4,0.97534,2013,"2.2,2.0,1.9,1.6",2010,"5.3,4.9,4.6,4.3",2023-12-20 12:38:31
4490832,The Fund For Peace,Fragile State Index,E3: Human Flight and Brain Drain,2023,104,243,4,0.99015,2013,"2.8,3.1,2.8,2.5",2011,"5.7,6.0,5.7,5.5",2023-12-18 07:19:47
7092774,The Fund For Peace,Fragile State Index,X1: External Intervention,2023,104,243,4,0.9649,2013,"2.2,2.0,1.9,1.6",2011,"6.1,5.9,5.6,5.4",2023-12-20 12:38:24
4956950,The Fund For Peace,Fragile State Index,P1: State Legitimacy,2023,104,192,4,0.98387,2012,"2.2,1.9,1.8,1.5",2018,"5.2,4.9,4.6000000000000005,4.3",2023-12-18 15:57:23
5741045,The Fund For Peace,Fragile State Index,P3: Human Rights,2023,104,192,4,0.97118,2012,"1.3,1.3,1.2,1.2",2018,"4.021385458935917,3.9,3.615940035288566,3.6",2023-12-19 08:22:48
4490765,The Fund For Peace,Fragile State Index,E3: Human Flight and Brain Drain,2023,104,110,4,0.97317,2013,"2.8,3.1,2.8,2.5",2017,"3.2,3.5,3.3,3.0506762058487817",2023-12-18 07:19:42
7092438,The Fund For Peace,Fragile State Index,X1: External Intervention,2023,104,110,4,0.98116,2013,"2.2,2.0,1.9,1.6",2017,"3.8,3.5,3.2,2.9000000000000004",2023-12-20 12:38:03
4956870,The Fund For Peace,Fragile State Index,P1: State Legitimacy,2023,104,229,4,0.96016,2012,"2.2,1.9,1.8,1.5",2007,"9.0,8.7,8.5,8.4",2023-12-18 15:57:18
5741018,The Fund For Peace,Fragile State Index,P3: Human Rights,2023,104,229,4,0.99413,2012,"1.3,1.3,1.2,1.2",2007,"9.6,9.6,8.9,9.0",2023-12-19 08:22:46
4490770,The Fund For Peace,Fragile State Index,E3: Human Flight and Brain Drain,2023,104,40,4,1.0,2013,"2.8,3.1,2.8,2.5",2017,"1.7,2.0,1.7,1.4",2023-12-18 07:19:43
7092473,The Fund For Peace,Fragile State Index,X1: External Intervention,2023,104,40,4,0.95397,2013,"2.2,2.0,1.9,1.6",2017,"1.0,0.7,0.7,0.5",2023-12-20 12:38:05
4956817,The Fund For Peace,Fragile State Index,P1: State Legitimacy,2023,104,121,4,0.97571,2012,"2.2,1.9,1.8,1.5",2016,"7.8,7.6,7.336455805045465,7.1",2023-12-18 15:57:15
5740980,The Fund For Peace,Fragile State Index,P3: Human Rights,2023,104,121,4,0.97796,2012,"1.3,1.3,1.2,1.2",2016,"7.4,7.4,7.252467611014348,7.2",2023-12-19 08:22:44
4956474,The Fund For Peace,Fragile State Index,P1: State Legitimacy,2023,104,147,4,0.97325,2012,"2.2,1.9,1.8,1.5",2009,"7.4,7.2,6.9,6.6",2023-12-18 15:56:54
5740772,The Fund For Peace,Fragile State Index,P3: Human Rights,2023,104,147,4,0.9802,2012,"1.3,1.3,1.2,1.2",2009,"6.7,6.8,6.4,6.4",2023-12-19 08:22:19
1965908,The Fund For Peace,Fragile State Index,C1: Security Apparatus,2023,104,100,4,0.99064,2008,"1.0,1.1,1.4,1.6",2006,"4.5,5.0,6.6,7.1",2023-12-15 03:44:29
2524556,The Fund For Peace,Fragile State Index,C3: Group Grievance,2023,104,100,4,0.96225,2008,"1.0,1.0,1.0,1.3",2006,"6.9,7.0,7.0,7.3",2023-12-15 14:36:15
490210,The Fund For Peace,Fragile State Index,Total,2023,104,227,4,0.98418,2006,"18.6,19.5,19.9,21.6",2008,"65.6,67.6,67.5,70.1",2023-12-13 12:18:47
2336273,The Fund For Peace,Fragile State Index,C2: Factionalized Elites,2023,104,227,4,0.9685,2006,"1.0,1.0,1.0,1.3",2008,"6.2,6.0,6.0,6.8",2023-12-15 10:52:19
490285,The Fund For Peace,Fragile State Index,Total,2023,104,228,4,0.96547,2006,"18.6,19.5,19.9,21.6",2014,"74.1,74.6,77.3,80.8",2023-12-13 12:18:52
2336303,The Fund For Peace,Fragile State Index,C2: Factionalized Elites,2023,104,228,4,0.98644,2006,"1.0,1.0,1.0,1.3",2014,"7.3,7.3,7.6,9.1",2023-12-15 10:52:21
1966146,The Fund For Peace,Fragile State Index,C1: Security Apparatus,2023,104,169,4,0.95051,2008,"1.0,1.1,1.4,1.6",2006,"4.8,5.3,5.5,6.0",2023-12-15 03:44:44
2524654,The Fund For Peace,Fragile State Index,C3: Group Grievance,2023,104,169,4,1.0,2008,"1.0,1.0,1.0,1.3",2006,"9.0,9.0,9.0,9.3",2023-12-15 14:36:21
4956543,The Fund For Peace,Fragile State Index,P1: State Legitimacy,2023,104,14,4,0.97325,2012,"2.2,1.9,1.8,1.5",2018,"1.4,1.1,0.8,0.6",2023-12-18 15:56:58
5740818,The Fund For Peace,Fragile State Index,P3: Human Rights,2023,104,14,4,0.97682,2012,"1.3,1.3,1.2,1.2",2018,"0.9630864866608804,0.9,0.6000000000000001,0.5",2023-12-19 08:22:24
4490738,The Fund For Peace,Fragile State Index,E3: Human Flight and Brain Drain,2023,104,117,4,0.9798,2013,"2.8,3.1,2.8,2.5",2010,"4.1,4.3,4.0,3.7",2023-12-18 07:19:41
7092298,The Fund For Peace,Fragile State Index,X1: External Intervention,2023,104,117,4,0.96977,2013,"2.2,2.0,1.9,1.6",2010,"5.1,5.0,4.7,4.4",2023-12-20 12:37:54
490288,The Fund For Peace,Fragile State Index,Total,2023,104,79,4,0.98442,2006,"18.6,19.5,19.9,21.6",2006,"74.0,76.0,76.9,79.0",2023-12-13 12:18:53
2336304,The Fund For Peace,Fragile State Index,C2: Factionalized Elites,2023,104,79,4,0.96225,2006,"1.0,1.0,1.0,1.3",2006,"5.8,5.9,5.9,6.2",2023-12-15 10:52:21
4956416,The Fund For Peace,Fragile State Index,P1: State Legitimacy,2023,104,2,4,0.97325,2012,"2.2,1.9,1.8,1.5",2014,"6.5,6.2,5.9,5.7",2023-12-18 15:56:50
5740737,The Fund For Peace,Fragile State Index,P3: Human Rights,2023,104,2,4,0.97333,2012,"1.3,1.3,1.2,1.2",2014,"5.5,5.5,5.0,4.8",2023-12-19 08:22:15
1965944,The Fund For Peace,Fragile State Index,C1: Security Apparatus,2023,104,172,4,0.94619,2008,"1.0,1.1,1.4,1.6",2006,"4.5,4.3,5.0,5.3",2023-12-15 03:44:32
2524572,The Fund For Peace,Fragile State Index,C3: Group Grievance,2023,104,172,4,1.0,2008,"1.0,1.0,1.0,1.3",2006,"6.2,6.2,6.2,6.5",2023-12-15 14:36:16
490330,The Fund For Peace,Fragile State Index,Total,2023,104,206,4,0.94513,2006,"18.6,19.5,19.9,21.6",2014,"66.6,67.0,69.9,72.3",2023-12-13 12:18:55
2336325,The Fund For Peace,Fragile State Index,C2: Factionalized Elites,2023,104,206,4,1.0,2006,"1.0,1.0,1.0,1.3",2014,"5.6,5.6,5.6,6.1",2023-12-15 10:52:22
4956666,The Fund For Peace,Fragile State Index,P1: State Legitimacy,2023,104,67,4,0.98387,2012,"2.2,1.9,1.8,1.5",2013,"3.8,3.5,3.2,2.9",2023-12-18 15:57:06
5740888,The Fund For Peace,Fragile State Index,P3: Human Rights,2023,104,67,4,0.96107,2012,"1.3,1.3,1.2,1.2",2013,"2.4,2.5,2.0,1.8",2023-12-19 08:22:32
1966045,The Fund For Peace,Fragile State Index,C1: Security Apparatus,2023,104,238,4,0.94346,2008,"1.0,1.1,1.4,1.6",2008,"3.0,3.3,3.4,3.7",2023-12-15 03:44:38
2524614,The Fund For Peace,Fragile State Index,C3: Group Grievance,2023,104,238,4,1.0,2008,"1.0,1.0,1.0,1.3",2008,"2.0,2.0,2.0,2.4",2023-12-15 14:36:18
1966028,The Fund For Peace,Fragile State Index,C1: Security Apparatus,2023,104,52,4,0.94346,2008,"1.0,1.1,1.4,1.6",2006,"2.0,2.0,2.2,2.2",2023-12-15 03:44:37
2524608,The Fund For Peace,Fragile State Index,C3: Group Grievance,2023,104,52,4,1.0,2008,"1.0,1.0,1.0,1.3",2006,"4.0,4.0,4.0,4.1",2023-12-15 14:36:18
490203,The Fund For Peace,Fragile State Index,Total,2023,104,196,4,0.96147,2006,"18.6,19.5,19.9,21.6",2009,"74.2,74.6,76.8,79.3",2023-12-13 12:18:47
2336271,The Fund For Peace,Fragile State Index,C2: Factionalized Elites,2023,104,196,4,0.9808,2006,"1.0,1.0,1.0,1.3",2009,"4.0,4.2,4.5,6.3",2023-12-15 10:52:19
490186,The Fund For Peace,Fragile State Index,Total,2023,104,124,4,0.94538,2006,"18.6,19.5,19.9,21.6",2012,"84.9,84.5,87.8,95.3",2023-12-13 12:18:46
2336265,The Fund For Peace,Fragile State Index,C2: Factionalized Elites,2023,104,124,4,0.99612,2006,"1.0,1.0,1.0,1.3",2012,"8.0,8.0,8.1,9.1",2023-12-15 10:52:18
4490793,The Fund For Peace,Fragile State Index,E3: Human Flight and Brain Drain,2023,104,239,4,1.0,2013,"2.8,3.1,2.8,2.5",2013,"6.3,6.6,6.3,6.0",2023-12-18 07:19:44
7092585,The Fund For Peace,Fragile State Index,X1: External Intervention,2023,104,239,4,0.94002,2013,"2.2,2.0,1.9,1.6",2013,"5.4,5.4,5.1,4.8",2023-12-20 12:38:13
4956885,The Fund For Peace,Fragile State Index,P1: State Legitimacy,2023,104,9,4,0.989,2012,"2.2,1.9,1.8,1.5",2007,"6.3,6.0,5.8,5.3",2023-12-18 15:57:19
5741034,The Fund For Peace,Fragile State Index,P3: Human Rights,2023,104,9,4,0.95065,2012,"1.3,1.3,1.2,1.2",2007,"5.5,5.5,5.0,4.7",2023-12-19 08:22:47
4490838,The Fund For Peace,Fragile State Index,E3: Human Flight and Brain Drain,2023,104,219,4,0.94868,2013,"2.8,3.1,2.8,2.5",2015,"6.3,6.4,6.2,6.1000000000000005",2023-12-18 07:19:47
7092833,The Fund For Peace,Fragile State Index,X1: External Intervention,2023,104,219,4,0.99014,2013,"2.2,2.0,1.9,1.6",2015,"6.4,6.1,5.9,5.600030914735103",2023-12-20 12:38:27
4956740,The Fund For Peace,Fragile State Index,P1: State Legitimacy,2023,104,118,4,0.99413,2012,"2.2,1.9,1.8,1.5",2012,"8.7,8.4,8.2,7.8",2023-12-18 15:57:10
5740919,The Fund For Peace,Fragile State Index,P3: Human Rights,2023,104,118,4,0.94346,2012,"1.3,1.3,1.2,1.2",2012,"7.8,7.6,7.3,7.2",2023-12-19 08:22:37
4957006,The Fund For Peace,Fragile State Index,P1: State Legitimacy,2023,104,99,4,0.97325,2012,"2.2,1.9,1.8,1.5",2011,"2.0,1.7,1.4,1.2",2023-12-18 15:57:26
5741065,The Fund For Peace,Fragile State Index,P3: Human Rights,2023,104,99,4,0.96225,2012,"1.3,1.3,1.2,1.2",2011,"1.6,1.6,1.3,1.4",2023-12-19 08:22:50
4956774,The Fund For Peace,Fragile State Index,P1: State Legitimacy,2023,104,167,4,0.97325,2012,"2.2,1.9,1.8,1.5",2009,"9.1,8.9,8.6,8.3",2023-12-18 15:57:12
5740941,The Fund For Peace,Fragile State Index,P3: Human Rights,2023,104,167,4,0.96225,2012,"1.3,1.3,1.2,1.2",2009,"8.9,8.9,8.7,8.6",2023-12-19 08:22:39
490673,The Fund For Peace,Fragile State Index,Total,2023,104,62,4,0.93547,2006,"18.6,19.5,19.9,21.6",2007,"79.9,80.3,81.2,81.7",2023-12-13 12:19:19
3468327,The Fund For Peace,Fragile State Index,E2: Economic Inequality,2023,104,62,4,1.0,2006,"3.0,2.9,3.0,3.0",2007,"8.0,7.8,8.0,8.0",2023-12-16 18:10:44
1965926,The Fund For Peace,Fragile State Index,C1: Security Apparatus,2023,104,133,4,0.9731,2008,"1.0,1.1,1.4,1.6",2013,"8.1,8.0,8.7,9.2",2023-12-15 03:44:31
2524566,The Fund For Peace,Fragile State Index,C3: Group Grievance,2023,104,133,4,0.96225,2008,"1.0,1.0,1.0,1.3",2013,"7.6,7.5,7.6,7.9",2023-12-15 14:36:16
4956513,The Fund For Peace,Fragile State Index,P1: State Legitimacy,2023,104,120,4,0.98473,2012,"2.2,1.9,1.8,1.5",2011,"5.3,4.8,4.5,4.2",2023-12-18 15:56:56
5740801,The Fund For Peace,Fragile State Index,P3: Human Rights,2023,104,120,4,0.94868,2012,"1.3,1.3,1.2,1.2",2011,"3.6,3.5,3.2,3.3",2023-12-19 08:22:21
4956874,The Fund For Peace,Fragile State Index,P1: State Legitimacy,2023,104,61,4,0.98995,2012,"2.2,1.9,1.8,1.5",2007,"6.0,5.8,5.8,5.6",2023-12-18 15:57:18
5741023,The Fund For Peace,Fragile State Index,P3: Human Rights,2023,104,61,4,0.94281,2012,"1.3,1.3,1.2,1.2",2007,"7.0,7.0,6.7,6.5",2023-12-19 08:22:47
4956598,The Fund For Peace,Fragile State Index,P1: State Legitimacy,2023,104,52,4,0.97325,2012,"2.2,1.9,1.8,1.5",2018,"2.1,1.8,1.5,1.3",2023-12-18 15:57:02
5740854,The Fund For Peace,Fragile State Index,P3: Human Rights,2023,104,52,4,0.9594,2012,"1.3,1.3,1.2,1.2",2018,"1.6399788618947513,1.5,1.2032561247959783,1.1",2023-12-19 08:22:28
4490764,The Fund For Peace,Fragile State Index,E3: Human Flight and Brain Drain,2023,104,153,4,0.96706,2013,"2.8,3.1,2.8,2.5",2018,"2.471570530708638,2.5,2.450243372728122,2.4",2023-12-18 07:19:42
7092435,The Fund For Peace,Fragile State Index,X1: External Intervention,2023,104,153,4,0.9649,2013,"2.2,2.0,1.9,1.6",2018,"1.2,1.0,0.7,0.5",2023-12-20 12:38:03
490392,The Fund For Peace,Fragile State Index,Total,2023,104,13,4,0.93159,2006,"18.6,19.5,19.9,21.6",2008,"24.6,25.9,27.3,28.1",2023-12-13 12:18:59
2336343,The Fund For Peace,Fragile State Index,C2: Factionalized Elites,2023,104,13,4,1.0,2006,"1.0,1.0,1.0,1.3",2008,"1.5,1.5,1.5,1.6",2023-12-15 10:52:23
4957037,The Fund For Peace,Fragile State Index,P1: State Legitimacy,2023,104,222,4,0.98473,2012,"2.2,1.9,1.8,1.5",2010,"9.1,8.8,8.5,8.0",2023-12-18 15:57:28
5741078,The Fund For Peace,Fragile State Index,P3: Human Rights,2023,104,222,4,0.94679,2012,"1.3,1.3,1.2,1.2",2010,"7.0,6.8,6.3,6.0",2023-12-19 08:22:50
1966083,The Fund For Peace,Fragile State Index,C1: Security Apparatus,2023,104,236,4,0.96252,2008,"1.0,1.1,1.4,1.6",2018,"3.464329018518069,3.5,3.8,4.3",2023-12-15 03:44:40
2524620,The Fund For Peace,Fragile State Index,C3: Group Grievance,2023,104,236,4,0.9685,2008,"1.0,1.0,1.0,1.3",2018,"6.1,6.1,6.199999999999999,6.5",2023-12-15 14:36:19
490326,The Fund For Peace,Fragile State Index,Total,2023,104,206,4,0.9585,2006,"18.6,19.5,19.9,21.6",2006,"55.7,57.4,62.7,67.4",2023-12-13 12:18:55
2336324,The Fund For Peace,Fragile State Index,C2: Factionalized Elites,2023,104,206,4,0.97238,2006,"1.0,1.0,1.0,1.3",2006,"4.0,3.9,4.4,5.9",2023-12-15 10:52:22
4956466,The Fund For Peace,Fragile State Index,P1: State Legitimacy,2023,104,56,4,0.98387,2012,"2.2,1.9,1.8,1.5",2017,"4.8,4.5,4.2,3.9",2023-12-18 15:56:53
5740766,The Fund For Peace,Fragile State Index,P3: Human Rights,2023,104,56,4,0.94692,2012,"1.3,1.3,1.2,1.2",2017,"3.0,2.950775099674933,2.8,2.852124030524842",2023-12-19 08:22:18
4956858,The Fund For Peace,Fragile State Index,P1: State Legitimacy,2023,104,25,4,0.98387,2012,"2.2,1.9,1.8,1.5",2013,"6.0,5.5,5.0,4.5",2023-12-18 15:57:17
5741015,The Fund For Peace,Fragile State Index,P3: Human Rights,2023,104,25,4,0.94679,2012,"1.3,1.3,1.2,1.2",2013,"7.3,7.0,6.5,6.3",2023-12-19 08:22:46
4956723,The Fund For Peace,Fragile State Index,P1: State Legitimacy,2023,104,35,4,0.98387,2012,"2.2,1.9,1.8,1.5",2017,"7.1,6.8,6.5,6.2",2023-12-18 15:57:09
5740912,The Fund For Peace,Fragile State Index,P3: Human Rights,2023,104,35,4,0.94583,2012,"1.3,1.3,1.2,1.2",2017,"6.1,5.9483555305388505,5.6,5.699999999999999",2023-12-19 08:22:36
4956546,The Fund For Peace,Fragile State Index,P1: State Legitimacy,2023,104,58,4,0.99304,2012,"2.2,1.9,1.8,1.5",2019,"0.9,0.6000000000000001,0.5,0.3",2023-12-18 15:56:58
5740821,The Fund For Peace,Fragile State Index,P3: Human Rights,2023,104,58,4,0.93633,2012,"1.3,1.3,1.2,1.2",2019,"1.7,1.4,0.9,0.6",2023-12-19 08:22:24
490577,The Fund For Peace,Fragile State Index,Total,2023,104,94,4,0.94521,2006,"18.6,19.5,19.9,21.6",2020,"97.67900000000002,97.5,99.7,102.9",2023-12-13 12:19:12
2336412,The Fund For Peace,Fragile State Index,C2: Factionalized Elites,2023,104,94,4,0.98331,2006,"1.0,1.0,1.0,1.3",2020,"9.579,9.6,9.6,9.7",2023-12-15 10:52:27
4956937,The Fund For Peace,Fragile State Index,P1: State Legitimacy,2023,104,213,4,0.98387,2012,"2.2,1.9,1.8,1.5",2013,"6.1,5.8,5.5,5.2",2023-12-18 15:57:22
5741041,The Fund For Peace,Fragile State Index,P3: Human Rights,2023,104,213,4,0.94346,2012,"1.3,1.3,1.2,1.2",2013,"5.4,5.2,4.9,4.8",2023-12-19 08:22:48
4956551,The Fund For Peace,Fragile State Index,P1: State Legitimacy,2023,104,21,4,0.98387,2012,"2.2,1.9,1.8,1.5",2018,"1.7,1.4,1.1,0.8",2023-12-18 15:56:59
5740823,The Fund For Peace,Fragile State Index,P3: Human Rights,2023,104,21,4,0.94346,2012,"1.3,1.3,1.2,1.2",2018,"1.2,1.0,0.7,0.6",2023-12-19 08:22:25
4956639,The Fund For Peace,Fragile State Index,P1: State Legitimacy,2023,104,81,4,0.98387,2012,"2.2,1.9,1.8,1.5",2009,"2.3,2.1,1.9,1.7",2023-12-18 15:57:04
5740867,The Fund For Peace,Fragile State Index,P3: Human Rights,2023,104,81,4,0.94281,2012,"1.3,1.3,1.2,1.2",2009,"2.5,2.3,2.0,2.0",2023-12-19 08:22:30
4956534,The Fund For Peace,Fragile State Index,P1: State Legitimacy,2023,104,153,4,0.98607,2012,"2.2,1.9,1.8,1.5",2019,"1.0,0.7,0.5,0.3",2023-12-18 15:56:58
5740812,The Fund For Peace,Fragile State Index,P3: Human Rights,2023,104,153,4,0.94055,2012,"1.3,1.3,1.2,1.2",2019,"1.0,0.888005066085088,0.7,0.6",2023-12-19 08:22:23
4956511,The Fund For Peace,Fragile State Index,P1: State Legitimacy,2023,104,23,4,0.98473,2012,"2.2,1.9,1.8,1.5",2016,"5.9,5.4,5.1000000000000005,4.8",2023-12-18 15:56:56
5740800,The Fund For Peace,Fragile State Index,P3: Human Rights,2023,104,23,4,0.94126,2012,"1.3,1.3,1.2,1.2",2016,"5.4,5.2,4.910535631258378,4.9",2023-12-19 08:22:21
2336312,The Fund For Peace,Fragile State Index,C2: Factionalized Elites,2023,104,140,4,1.0,2006,"1.0,1.0,1.0,1.3",2019,"5.4,5.4,5.4,5.9",2023-12-15 10:52:21
3468297,The Fund For Peace,Fragile State Index,E2: Economic Inequality,2023,104,140,4,0.92582,2006,"3.0,2.9,3.0,3.0",2019,"5.5,5.0,5.3,5.4",2023-12-16 18:10:40
4490841,The Fund For Peace,Fragile State Index,E3: Human Flight and Brain Drain,2023,104,229,4,0.94368,2013,"2.8,3.1,2.8,2.5",2018,"4.971753033941711,5.1,4.8,4.5",2023-12-18 07:19:47
7092852,The Fund For Peace,Fragile State Index,X1: External Intervention,2023,104,229,4,0.98116,2013,"2.2,2.0,1.9,1.6",2018,"3.8,3.5,3.2,2.9",2023-12-20 12:38:28
4490812,The Fund For Peace,Fragile State Index,E3: Human Flight and Brain Drain,2023,104,103,4,0.95702,2013,"2.8,3.1,2.8,2.5",2009,"9.1,9.3,8.9,8.6",2023-12-18 07:19:45
7092657,The Fund For Peace,Fragile State Index,X1: External Intervention,2023,104,103,4,0.96752,2013,"2.2,2.0,1.9,1.6",2009,"10.0,9.5,9.3,9.0",2023-12-20 12:38:17
490445,The Fund For Peace,Fragile State Index,Total,2023,104,10,4,0.9559,2006,"18.6,19.5,19.9,21.6",2006,"40.8,41.4,41.4,44.7",2023-12-13 12:19:03
2336361,The Fund For Peace,Fragile State Index,C2: Factionalized Elites,2023,104,10,4,0.9685,2006,"1.0,1.0,1.0,1.3",2006,"2.8,2.7,2.7,3.1",2023-12-15 10:52:24
4490782,The Fund For Peace,Fragile State Index,E3: Human Flight and Brain Drain,2023,104,238,4,1.0,2013,"2.8,3.1,2.8,2.5",2016,"4.1,4.4,4.1000000000000005,3.8",2023-12-18 07:19:43
7092541,The Fund For Peace,Fragile State Index,X1: External Intervention,2023,104,238,4,0.92424,2013,"2.2,2.0,1.9,1.6",2016,"2.7,2.7,2.4576538213175523,2.3",2023-12-20 12:38:10
4490827,The Fund For Peace,Fragile State Index,E3: Human Flight and Brain Drain,2023,104,157,4,0.94281,2013,"2.8,3.1,2.8,2.5",2020,"7.6,7.7,7.6,7.3",2023-12-18 07:19:46
7092729,The Fund For Peace,Fragile State Index,X1: External Intervention,2023,104,157,4,0.98116,2013,"2.2,2.0,1.9,1.6",2020,"7.1000000000000005,6.8,6.5,6.2",2023-12-20 12:38:21
490363,The Fund For Peace,Fragile State Index,Total,2023,104,40,4,0.9554,2006,"18.6,19.5,19.9,21.6",2006,"23.1,25.1,26.3,27.7",2023-12-13 12:18:58
2336336,The Fund For Peace,Fragile State Index,C2: Factionalized Elites,2023,104,40,4,0.9685,2006,"1.0,1.0,1.0,1.3",2006,"1.6,1.6,1.8,2.4",2023-12-15 10:52:22
490551,The Fund For Peace,Fragile State Index,Total,2023,104,248,4,0.99292,2006,"18.6,19.5,19.9,21.6",2009,"98.1,100.0,100.3,104.8",2023-12-13 12:19:10
2336401,The Fund For Peace,Fragile State Index,C2: Factionalized Elites,2023,104,248,4,0.93043,2006,"1.0,1.0,1.0,1.3",2009,"9.0,9.2,9.3,9.8",2023-12-15 10:52:26
490609,The Fund For Peace,Fragile State Index,Total,2023,104,39,4,0.98651,2006,"18.6,19.5,19.9,21.6",2006,"88.4,89.4,91.2,95.3",2023-12-13 12:19:14
2336426,The Fund For Peace,Fragile State Index,C2: Factionalized Elites,2023,104,39,4,0.93659,2006,"1.0,1.0,1.0,1.3",2006,"7.9,8.0,8.2,8.7",2023-12-15 10:52:28
4956671,The Fund For Peace,Fragile State Index,P1: State Legitimacy,2023,104,67,4,0.98387,2012,"2.2,1.9,1.8,1.5",2018,"2.4000000000000004,2.1,1.8,1.5",2023-12-18 15:57:06
5740889,The Fund For Peace,Fragile State Index,P3: Human Rights,2023,104,67,4,0.93923,2012,"1.3,1.3,1.2,1.2",2018,"1.9140246915151315,1.7,1.4,1.3",2023-12-19 08:22:33
4956805,The Fund For Peace,Fragile State Index,P1: State Legitimacy,2023,104,142,4,0.9802,2012,"2.2,1.9,1.8,1.5",2016,"6.8,6.6,6.6,6.3",2023-12-18 15:57:14
5740968,The Fund For Peace,Fragile State Index,P3: Human Rights,2023,104,142,4,0.94281,2012,"1.3,1.3,1.2,1.2",2016,"5.1,4.9,4.6000000000000005,4.6",2023-12-19 08:22:43
4957004,The Fund For Peace,Fragile State Index,P1: State Legitimacy,2023,104,99,4,0.9802,2012,"2.2,1.9,1.8,1.5",2009,"2.2,2.0,2.0,1.7",2023-12-18 15:57:26
5741064,The Fund For Peace,Fragile State Index,P3: Human Rights,2023,104,99,4,0.94281,2012,"1.3,1.3,1.2,1.2",2009,"2.1,1.9,1.6,1.6",2023-12-19 08:22:49
4956594,The Fund For Peace,Fragile State Index,P1: State Legitimacy,2023,104,52,4,0.97325,2012,"2.2,1.9,1.8,1.5",2014,"3.2,2.9,2.6,2.4",2023-12-18 15:57:01
5740853,The Fund For Peace,Fragile State Index,P3: Human Rights,2023,104,52,4,0.94868,2012,"1.3,1.3,1.2,1.2",2014,"2.3,2.1,1.7,1.5",2023-12-19 08:22:28
4956864,The Fund For Peace,Fragile State Index,P1: State Legitimacy,2023,104,25,4,0.98387,2012,"2.2,1.9,1.8,1.5",2019,"3.7,3.4000000000000004,3.1,2.8",2023-12-18 15:57:18
5741016,The Fund For Peace,Fragile State Index,P3: Human Rights,2023,104,25,4,0.93633,2012,"1.3,1.3,1.2,1.2",2019,"6.0,5.7,5.2,4.9",2023-12-19 08:22:46
4956419,The Fund For Peace,Fragile State Index,P1: State Legitimacy,2023,104,31,4,0.97325,2012,"2.2,1.9,1.8,1.5",2009,"6.4,6.2,5.9,5.6",2023-12-18 15:56:50
5740739,The Fund For Peace,Fragile State Index,P3: Human Rights,2023,104,31,4,0.94346,2012,"1.3,1.3,1.2,1.2",2009,"5.6,5.4,5.1,5.0",2023-12-19 08:22:15
4956432,The Fund For Peace,Fragile State Index,P1: State Legitimacy,2023,104,53,4,0.97325,2012,"2.2,1.9,1.8,1.5",2016,"3.1,2.9,2.6,2.3",2023-12-18 15:56:51
5740746,The Fund For Peace,Fragile State Index,P3: Human Rights,2023,104,53,4,0.94346,2012,"1.3,1.3,1.2,1.2",2016,"3.8,3.6,3.3000000000000003,3.2",2023-12-19 08:22:16
4957052,The Fund For Peace,Fragile State Index,P1: State Legitimacy,2023,104,194,4,0.97325,2012,"2.2,1.9,1.8,1.5",2016,"5.8,5.6,5.3,5.0",2023-12-18 15:57:29
5741088,The Fund For Peace,Fragile State Index,P3: Human Rights,2023,104,194,4,0.94346,2012,"1.3,1.3,1.2,1.2",2016,"3.5,3.3,3.0,2.9",2023-12-19 08:22:51
4956635,The Fund For Peace,Fragile State Index,P1: State Legitimacy,2023,104,208,4,0.98387,2012,"2.2,1.9,1.8,1.5",2018,"3.9,3.6,3.3000000000000003,3.0",2023-12-18 15:57:04
5740865,The Fund For Peace,Fragile State Index,P3: Human Rights,2023,104,208,4,0.93252,2012,"1.3,1.3,1.2,1.2",2018,"3.158398122689833,3.2,3.0690605891966767,3.1",2023-12-19 08:22:30
4956846,The Fund For Peace,Fragile State Index,P1: State Legitimacy,2023,104,62,4,0.96904,2012,"2.2,1.9,1.8,1.5",2016,"6.7,6.5,6.2,5.7",2023-12-18 15:57:17
5741001,The Fund For Peace,Fragile State Index,P3: Human Rights,2023,104,62,4,0.94679,2012,"1.3,1.3,1.2,1.2",2016,"5.2,5.0,4.5,4.2",2023-12-19 08:22:45
4956447,The Fund For Peace,Fragile State Index,P1: State Legitimacy,2023,104,144,4,0.98473,2012,"2.2,1.9,1.8,1.5",2009,"6.7,6.2,5.9,5.6",2023-12-18 15:56:52
5740756,The Fund For Peace,Fragile State Index,P3: Human Rights,2023,104,144,4,0.93095,2012,"1.3,1.3,1.2,1.2",2009,"6.6,6.4,6.0,5.7",2023-12-19 08:22:17
4490774,The Fund For Peace,Fragile State Index,E3: Human Flight and Brain Drain,2023,104,215,4,0.97333,2013,"2.8,3.1,2.8,2.5",2010,"1.8,2.0,1.8,1.7",2023-12-18 07:19:43
7092485,The Fund For Peace,Fragile State Index,X1: External Intervention,2023,104,215,4,0.94002,2013,"2.2,2.0,1.9,1.6",2010,"1.6,1.6,1.3,1.0",2023-12-20 12:38:06
4956713,The Fund For Peace,Fragile State Index,P1: State Legitimacy,2023,104,48,4,0.97325,2012,"2.2,1.9,1.8,1.5",2016,"6.5,6.3,6.0,5.7",2023-12-18 15:57:09
5740907,The Fund For Peace,Fragile State Index,P3: Human Rights,2023,104,48,4,0.93972,2012,"1.3,1.3,1.2,1.2",2016,"7.2,7.0,6.719134794716895,6.7",2023-12-19 08:22:35
490602,The Fund For Peace,Fragile State Index,Total,2023,104,36,4,0.98675,2006,"18.6,19.5,19.9,21.6",2008,"94.1,95.7,96.7,98.6",2023-12-13 12:19:13
2336423,The Fund For Peace,Fragile State Index,C2: Factionalized Elites,2023,104,36,4,0.92582,2006,"1.0,1.0,1.0,1.3",2008,"7.8,7.7,7.9,8.2",2023-12-15 10:52:28
4956613,The Fund For Peace,Fragile State Index,P1: State Legitimacy,2023,104,57,4,0.98387,2012,"2.2,1.9,1.8,1.5",2018,"5.0,4.7,4.4,4.1",2023-12-18 15:57:02
5740862,The Fund For Peace,Fragile State Index,P3: Human Rights,2023,104,57,4,0.92742,2012,"1.3,1.3,1.2,1.2",2018,"2.247601456270883,2.2,2.090138975819589,2.0",2023-12-19 08:22:29
4956484,The Fund For Peace,Fragile State Index,P1: State Legitimacy,2023,104,163,4,0.97325,2012,"2.2,1.9,1.8,1.5",2010,"6.9,6.7,6.4,6.1",2023-12-18 15:56:54
5740778,The Fund For Peace,Fragile State Index,P3: Human Rights,2023,104,163,4,0.93704,2012,"1.3,1.3,1.2,1.2",2010,"5.1,5.0,4.6,4.3",2023-12-19 08:22:19
1965921,The Fund For Peace,Fragile State Index,C1: Security Apparatus,2023,104,148,4,0.95419,2008,"1.0,1.1,1.4,1.6",2019,"6.7,6.849035223109384,7.3,7.3",2023-12-15 03:44:30
2524563,The Fund For Peace,Fragile State Index,C3: Group Grievance,2023,104,148,4,0.95564,2008,"1.0,1.0,1.0,1.3",2019,"5.6,5.3,5.8,6.9",2023-12-15 14:36:15
4490730,The Fund For Peace,Fragile State Index,E3: Human Flight and Brain Drain,2023,104,212,4,0.95962,2013,"2.8,3.1,2.8,2.5",2008,"8.8,9.0,8.7,8.2",2023-12-18 07:19:40
7092237,The Fund For Peace,Fragile State Index,X1: External Intervention,2023,104,212,4,0.94939,2013,"2.2,2.0,1.9,1.6",2008,"9.9,9.8,9.6,9.5",2023-12-20 12:37:51
4490823,The Fund For Peace,Fragile State Index,E3: Human Flight and Brain Drain,2023,104,39,4,0.92582,2013,"2.8,3.1,2.8,2.5",2009,"8.0,8.1,7.8,7.5",2023-12-18 07:19:46
7092707,The Fund For Peace,Fragile State Index,X1: External Intervention,2023,104,39,4,0.98271,2013,"2.2,2.0,1.9,1.6",2009,"7.1,7.0,6.8,6.5",2023-12-20 12:38:20
4956495,The Fund For Peace,Fragile State Index,P1: State Legitimacy,2023,104,79,4,0.98473,2012,"2.2,1.9,1.8,1.5",2020,"7.5,7.2,6.9,6.4",2023-12-18 15:56:55
5740786,The Fund For Peace,Fragile State Index,P3: Human Rights,2023,104,79,4,0.92331,2012,"1.3,1.3,1.2,1.2",2020,"8.1,7.8,7.3,6.9",2023-12-19 08:22:20
4956443,The Fund For Peace,Fragile State Index,P1: State Legitimacy,2023,104,170,4,0.99639,2012,"2.2,1.9,1.8,1.5",2014,"4.6,4.0,3.7,3.2",2023-12-18 15:56:52
5740754,The Fund For Peace,Fragile State Index,P3: Human Rights,2023,104,170,4,0.91132,2012,"1.3,1.3,1.2,1.2",2014,"4.7,4.8,4.5,4.3",2023-12-19 08:22:17
490674,The Fund For Peace,Fragile State Index,Total,2023,104,62,4,0.9392,2006,"18.6,19.5,19.9,21.6",2008,"80.3,81.2,81.7,82.2",2023-12-13 12:19:19
2336449,The Fund For Peace,Fragile State Index,C2: Factionalized Elites,2023,104,62,4,0.9685,2006,"1.0,1.0,1.0,1.3",2008,"7.9,7.8,7.8,8.2",2023-12-15 10:52:29
1966103,The Fund For Peace,Fragile State Index,C1: Security Apparatus,2023,104,63,4,0.97701,2008,"1.0,1.1,1.4,1.6",2009,"6.2,6.5,6.8,7.0",2023-12-15 03:44:41
2524630,The Fund For Peace,Fragile State Index,C3: Group Grievance,2023,104,63,4,0.93043,2008,"1.0,1.0,1.0,1.3",2009,"8.0,8.2,8.3,8.8",2023-12-15 14:36:19
4956522,The Fund For Peace,Fragile State Index,P1: State Legitimacy,2023,104,120,4,1.0,2012,"2.2,1.9,1.8,1.5",2020,"2.5,2.2,2.1,1.8",2023-12-18 15:56:57
5740803,The Fund For Peace,Fragile State Index,P3: Human Rights,2023,104,120,4,0.90726,2012,"1.3,1.3,1.2,1.2",2020,"2.7,2.4,2.1,1.9",2023-12-19 08:22:22
4490755,The Fund For Peace,Fragile State Index,E3: Human Flight and Brain Drain,2023,104,113,4,0.92582,2013,"2.8,3.1,2.8,2.5",2009,"4.0,4.1,3.8,3.5",2023-12-18 07:19:42
7092391,The Fund For Peace,Fragile State Index,X1: External Intervention,2023,104,113,4,0.98095,2013,"2.2,2.0,1.9,1.6",2009,"6.4,6.2,5.9,5.6",2023-12-20 12:38:01
490779,The Fund For Peace,Fragile State Index,Total,2023,104,129,4,0.97797,2006,"18.6,19.5,19.9,21.6",2013,"82.7,83.1,83.6,84.2",2023-12-13 12:19:26
2336481,The Fund For Peace,Fragile State Index,C2: Factionalized Elites,2023,104,129,4,0.92717,2006,"1.0,1.0,1.0,1.3",2013,"7.5,7.6,7.6,7.8",2023-12-15 10:52:32
4956549,The Fund For Peace,Fragile State Index,P1: State Legitimacy,2023,104,21,4,0.96214,2012,"2.2,1.9,1.8,1.5",2013,"2.1,2.0,1.9,1.6",2023-12-18 15:56:59
5740822,The Fund For Peace,Fragile State Index,P3: Human Rights,2023,104,21,4,0.94281,2012,"1.3,1.3,1.2,1.2",2013,"1.5,1.5,1.2,1.0",2023-12-19 08:22:24
490316,The Fund For Peace,Fragile State Index,Total,2023,104,23,4,0.98966,2006,"18.6,19.5,19.9,21.6",2008,"72.8,75.5,76.8,80.0",2023-12-13 12:18:55
2336318,The Fund For Peace,Fragile State Index,C2: Factionalized Elites,2023,104,23,4,0.91521,2006,"1.0,1.0,1.0,1.3",2008,"3.8,4.3,4.1,5.0",2023-12-15 10:52:21
4956991,The Fund For Peace,Fragile State Index,P1: State Legitimacy,2023,104,145,4,0.96562,2012,"2.2,1.9,1.8,1.5",2016,"4.8,4.6,4.3,4.1",2023-12-18 15:57:26
5741062,The Fund For Peace,Fragile State Index,P3: Human Rights,2023,104,145,4,0.93873,2012,"1.3,1.3,1.2,1.2",2016,"4.1,4.1,3.864883240006903,3.7",2023-12-19 08:22:49
1966108,The Fund For Peace,Fragile State Index,C1: Security Apparatus,2023,104,217,4,0.90368,2008,"1.0,1.1,1.4,1.6",2006,"7.5,7.4,7.6,7.8",2023-12-15 03:44:41
2524633,The Fund For Peace,Fragile State Index,C3: Group Grievance,2023,104,217,4,1.0,2008,"1.0,1.0,1.0,1.3",2006,"8.0,8.0,8.0,8.2",2023-12-15 14:36:19
4956467,The Fund For Peace,Fragile State Index,P1: State Legitimacy,2023,104,56,4,0.94299,2012,"2.2,1.9,1.8,1.5",2019,"4.2,3.9,4.0,3.7",2023-12-18 15:56:53
5740767,The Fund For Peace,Fragile State Index,P3: Human Rights,2023,104,56,4,0.95982,2012,"1.3,1.3,1.2,1.2",2019,"2.8,2.852124030524842,2.7,2.7",2023-12-19 08:22:18
490280,The Fund For Peace,Fragile State Index,Total,2023,104,133,4,0.99429,2006,"18.6,19.5,19.9,21.6",2019,"94.5,96.04331296449108,96.6,98.60000000000002",2023-12-13 12:18:52
2336301,The Fund For Peace,Fragile State Index,C2: Factionalized Elites,2023,104,133,4,0.90834,2006,"1.0,1.0,1.0,1.3",2019,"5.4,5.7,6.2,7.2",2023-12-15 10:52:20
490385,The Fund For Peace,Fragile State Index,Total,2023,104,165,4,0.90234,2006,"18.6,19.5,19.9,21.6",2006,"16.8,17.1,16.8,18.3",2023-12-13 12:18:59
2336342,The Fund For Peace,Fragile State Index,C2: Factionalized Elites,2023,104,165,4,1.0,2006,"1.0,1.0,1.0,1.3",2006,"1.0,1.0,1.0,1.1",2023-12-15 10:52:23
490702,The Fund For Peace,Fragile State Index,Total,2023,104,92,4,0.97632,2006,"18.6,19.5,19.9,21.6",2006,"85.4,88.8,91.3,94.8",2023-12-13 12:19:21
2336455,The Fund For Peace,Fragile State Index,C2: Factionalized Elites,2023,104,92,4,0.92582,2006,"1.0,1.0,1.0,1.3",2006,"6.5,6.8,7.1,8.0",2023-12-15 10:52:30
490320,The Fund For Peace,Fragile State Index,Total,2023,104,96,4,0.95303,2006,"18.6,19.5,19.9,21.6",2007,"74.8,74.9,77.2,80.0",2023-12-13 12:18:55
2336321,The Fund For Peace,Fragile State Index,C2: Factionalized Elites,2023,104,96,4,0.94885,2006,"1.0,1.0,1.0,1.3",2007,"6.3,6.3,6.1,6.8",2023-12-15 10:52:22
4956897,The Fund For Peace,Fragile State Index,P1: State Legitimacy,2023,104,226,4,0.97325,2012,"2.2,1.9,1.8,1.5",2016,"4.7,4.5,4.2,3.9",2023-12-18 15:57:20
5741036,The Fund For Peace,Fragile State Index,P3: Human Rights,2023,104,226,4,0.92848,2012,"1.3,1.3,1.2,1.2",2016,"4.3,4.1,3.8,3.6",2023-12-19 08:22:48
4956650,The Fund For Peace,Fragile State Index,P1: State Legitimacy,2023,104,203,4,0.97325,2012,"2.2,1.9,1.8,1.5",2016,"2.9,2.7,2.4000000000000004,2.1",2023-12-18 15:57:05
5740879,The Fund For Peace,Fragile State Index,P3: Human Rights,2023,104,203,4,0.92848,2012,"1.3,1.3,1.2,1.2",2016,"1.7,1.5,1.2,1.0",2023-12-19 08:22:31
490382,The Fund For Peace,Fragile State Index,Total,2023,104,215,4,0.99719,2006,"18.6,19.5,19.9,21.6",2008,"19.8,20.6,20.9,22.8",2023-12-13 12:18:59
2336341,The Fund For Peace,Fragile State Index,C2: Factionalized Elites,2023,104,215,4,0.90453,2006,"1.0,1.0,1.0,1.3",2008,"1.0,1.3,1.3,1.8",2023-12-15 10:52:23
4956947,The Fund For Peace,Fragile State Index,P1: State Legitimacy,2023,104,192,4,0.989,2012,"2.2,1.9,1.8,1.5",2015,"6.2,5.7,5.5,5.2",2023-12-18 15:57:23
5741044,The Fund For Peace,Fragile State Index,P3: Human Rights,2023,104,192,4,0.91266,2012,"1.3,1.3,1.2,1.2",2015,"4.5,4.3,4.1,4.021385458935917",2023-12-19 08:22:48
490605,The Fund For Peace,Fragile State Index,Total,2023,104,36,4,0.90134,2006,"18.6,19.5,19.9,21.6",2013,"97.6,97.1,98.0,100.7",2023-12-13 12:19:13
2336424,The Fund For Peace,Fragile State Index,C2: Factionalized Elites,2023,104,36,4,1.0,2006,"1.0,1.0,1.0,1.3",2013,"7.9,7.9,7.9,8.5",2023-12-15 10:52:28
1966174,The Fund For Peace,Fragile State Index,C1: Security Apparatus,2023,104,92,4,0.93193,2008,"1.0,1.1,1.4,1.6",2006,"7.5,8.0,8.4,8.5",2023-12-15 03:44:45
2524665,The Fund For Peace,Fragile State Index,C3: Group Grievance,2023,104,92,4,0.9685,2008,"1.0,1.0,1.0,1.3",2006,"5.5,5.4,5.4,5.8",2023-12-15 14:36:22
4956796,The Fund For Peace,Fragile State Index,P1: State Legitimacy,2023,104,223,4,0.99304,2012,"2.2,1.9,1.8,1.5",2014,"8.4,8.1,8.0,7.8",2023-12-18 15:57:14
5740960,The Fund For Peace,Fragile State Index,P3: Human Rights,2023,104,223,4,0.90726,2012,"1.3,1.3,1.2,1.2",2014,"7.5,7.2,6.9,6.7",2023-12-19 08:22:42
4490787,The Fund For Peace,Fragile State Index,E3: Human Flight and Brain Drain,2023,104,210,4,0.97017,2013,"2.8,3.1,2.8,2.5",2020,"1.0591953071419833,1.2,1.1,1.0",2023-12-18 07:19:44
7092557,The Fund For Peace,Fragile State Index,X1: External Intervention,2023,104,210,4,0.93,2013,"2.2,2.0,1.9,1.6",2020,"1.9646902419896923,1.7,1.4,1.3",2023-12-20 12:38:11
490763,The Fund For Peace,Fragile State Index,Total,2023,104,59,4,0.90016,2006,"18.6,19.5,19.9,21.6",2007,"80.3,80.0,80.6,81.9",2023-12-13 12:19:25
2336476,The Fund For Peace,Fragile State Index,C2: Factionalized Elites,2023,104,59,4,1.0,2006,"1.0,1.0,1.0,1.3",2007,"6.9,6.9,6.9,7.1",2023-12-15 10:52:31
490706,The Fund For Peace,Fragile State Index,Total,2023,104,92,4,0.9947,2006,"18.6,19.5,19.9,21.6",2010,"97.2,98.3,99.2,101.1",2023-12-13 12:19:21
2336456,The Fund For Peace,Fragile State Index,C2: Factionalized Elites,2023,104,92,4,0.90453,2006,"1.0,1.0,1.0,1.3",2010,"8.9,9.2,9.2,9.7",2023-12-15 10:52:30
4956582,The Fund For Peace,Fragile State Index,P1: State Legitimacy,2023,104,126,4,0.99469,2012,"2.2,1.9,1.8,1.5",2008,"4.4,4.1,3.9,3.6",2023-12-18 15:57:01
5740848,The Fund For Peace,Fragile State Index,P3: Human Rights,2023,104,126,4,0.90453,2012,"1.3,1.3,1.2,1.2",2008,"3.5,3.5,3.3,3.1",2023-12-19 08:22:28
4956451,The Fund For Peace,Fragile State Index,P1: State Legitimacy,2023,104,144,4,0.98473,2012,"2.2,1.9,1.8,1.5",2013,"5.3,4.8,4.5,4.2",2023-12-18 15:56:52
5740757,The Fund For Peace,Fragile State Index,P3: Human Rights,2023,104,144,4,0.91287,2012,"1.3,1.3,1.2,1.2",2013,"5.4,5.1,4.8,4.7",2023-12-19 08:22:17
4956849,The Fund For Peace,Fragile State Index,P1: State Legitimacy,2023,104,137,4,0.98995,2012,"2.2,1.9,1.8,1.5",2020,"8.0,7.9,7.9,7.8",2023-12-18 15:57:17
5741010,The Fund For Peace,Fragile State Index,P3: Human Rights,2023,104,137,4,0.90726,2012,"1.3,1.3,1.2,1.2",2020,"7.2,6.9,6.6,6.4",2023-12-19 08:22:46
4956960,The Fund For Peace,Fragile State Index,P1: State Legitimacy,2023,104,93,4,0.98995,2012,"2.2,1.9,1.8,1.5",2010,"6.8,6.5,6.5,6.2",2023-12-18 15:57:24
5741047,The Fund For Peace,Fragile State Index,P3: Human Rights,2023,104,93,4,0.90726,2012,"1.3,1.3,1.2,1.2",2010,"5.2,5.0,4.7,4.4",2023-12-19 08:22:48
4490801,The Fund For Peace,Fragile State Index,E3: Human Flight and Brain Drain,2023,104,101,4,0.9037,2013,"2.8,3.1,2.8,2.5",2009,"7.2,7.3,6.9,6.6",2023-12-18 07:19:45
7092619,The Fund For Peace,Fragile State Index,X1: External Intervention,2023,104,101,4,0.9935,2013,"2.2,2.0,1.9,1.6",2009,"6.9,6.7,6.5,6.2",2023-12-20 12:38:15
4956853,The Fund For Peace,Fragile State Index,P1: State Legitimacy,2023,104,25,4,0.95974,2012,"2.2,1.9,1.8,1.5",2008,"7.7,7.4,6.9,6.6",2023-12-18 15:57:17
5741013,The Fund For Peace,Fragile State Index,P3: Human Rights,2023,104,25,4,0.93704,2012,"1.3,1.3,1.2,1.2",2008,"8.3,8.4,7.9,7.6",2023-12-19 08:22:46
4956482,The Fund For Peace,Fragile State Index,P1: State Legitimacy,2023,104,163,4,0.93405,2012,"2.2,1.9,1.8,1.5",2008,"7.6,7.4,6.9,6.7",2023-12-18 15:56:54
5740777,The Fund For Peace,Fragile State Index,P3: Human Rights,2023,104,163,4,0.96225,2012,"1.3,1.3,1.2,1.2",2008,"5.3,5.3,5.1,5.0",2023-12-19 08:22:19
4956802,The Fund For Peace,Fragile State Index,P1: State Legitimacy,2023,104,142,4,0.989,2012,"2.2,1.9,1.8,1.5",2010,"7.9,7.6,7.4,6.9",2023-12-18 15:57:14
5740965,The Fund For Peace,Fragile State Index,P3: Human Rights,2023,104,142,4,0.90726,2012,"1.3,1.3,1.2,1.2",2010,"6.8,6.5,6.2,6.0",2023-12-19 08:22:42
4956422,The Fund For Peace,Fragile State Index,P1: State Legitimacy,2023,104,34,4,0.99469,2012,"2.2,1.9,1.8,1.5",2015,"5.0,4.7,4.5,4.2",2023-12-18 15:56:51
5740743,The Fund For Peace,Fragile State Index,P3: Human Rights,2023,104,34,4,0.90125,2012,"1.3,1.3,1.2,1.2",2015,"3.4,3.5,3.3,3.2161733232906857",2023-12-19 08:22:15
490507,The Fund For Peace,Fragile State Index,Total,2023,104,183,4,0.96859,2006,"18.6,19.5,19.9,21.6",2008,"88.0,89.0,88.7,91.0",2023-12-13 12:19:07
2336381,The Fund For Peace,Fragile State Index,C2: Factionalized Elites,2023,104,183,4,0.92717,2006,"1.0,1.0,1.0,1.3",2008,"7.8,8.0,8.0,8.4",2023-12-15 10:52:25
4956926,The Fund For Peace,Fragile State Index,P1: State Legitimacy,2023,104,19,4,0.98038,2012,"2.2,1.9,1.8,1.5",2020,"1.6,1.4,1.3,1.2",2023-12-18 15:57:22
5741038,The Fund For Peace,Fragile State Index,P3: Human Rights,2023,104,19,4,0.91533,2012,"1.3,1.3,1.2,1.2",2020,"3.363578886348347,3.1,2.8,2.6",2023-12-19 08:22:48
1965986,The Fund For Peace,Fragile State Index,C1: Security Apparatus,2023,104,40,4,0.95256,2008,"1.0,1.1,1.4,1.6",2008,"1.0,1.1,1.2,1.5",2023-12-15 03:44:34
2524592,The Fund For Peace,Fragile State Index,C3: Group Grievance,2023,104,40,4,0.94281,2008,"1.0,1.0,1.0,1.3",2008,"3.0,3.0,3.1,3.3",2023-12-15 14:36:17
4956798,The Fund For Peace,Fragile State Index,P1: State Legitimacy,2023,104,223,4,0.98387,2012,"2.2,1.9,1.8,1.5",2020,"8.5,8.2,7.9,7.6",2023-12-18 15:57:14
5740961,The Fund For Peace,Fragile State Index,P3: Human Rights,2023,104,223,4,0.91132,2012,"1.3,1.3,1.2,1.2",2020,"6.9,6.7,6.5,6.4",2023-12-19 08:22:42
4956515,The Fund For Peace,Fragile State Index,P1: State Legitimacy,2023,104,120,4,0.98387,2012,"2.2,1.9,1.8,1.5",2013,"4.5,4.2,3.9,3.6",2023-12-18 15:56:56
5740802,The Fund For Peace,Fragile State Index,P3: Human Rights,2023,104,120,4,0.91132,2012,"1.3,1.3,1.2,1.2",2013,"3.2,3.3,3.0,2.8",2023-12-19 08:22:22
4490781,The Fund For Peace,Fragile State Index,E3: Human Flight and Brain Drain,2023,104,138,4,0.91267,2013,"2.8,3.1,2.8,2.5",2017,"4.4,4.604406459498729,4.3,4.26089737788501",2023-12-18 07:19:43
7092528,The Fund For Peace,Fragile State Index,X1: External Intervention,2023,104,138,4,0.98116,2013,"2.2,2.0,1.9,1.6",2017,"4.7,4.4,4.1,3.8",2023-12-20 12:38:09
4957073,The Fund For Peace,Fragile State Index,P1: State Legitimacy,2023,104,37,4,0.98607,2012,"2.2,1.9,1.8,1.5",2014,"6.0,5.7,5.5,5.3",2023-12-18 15:57:30
5741096,The Fund For Peace,Fragile State Index,P3: Human Rights,2023,104,37,4,0.90726,2012,"1.3,1.3,1.2,1.2",2014,"4.8,4.5,4.2,4.0",2023-12-19 08:22:52
4957029,The Fund For Peace,Fragile State Index,P1: State Legitimacy,2023,104,204,4,0.98607,2012,"2.2,1.9,1.8,1.5",2009,"8.3,8.1,7.9,7.6",2023-12-18 15:57:28
5741074,The Fund For Peace,Fragile State Index,P3: Human Rights,2023,104,204,4,0.90726,2012,"1.3,1.3,1.2,1.2",2009,"7.0,6.8,6.5,6.2",2023-12-19 08:22:50
4490834,The Fund For Peace,Fragile State Index,E3: Human Flight and Brain Drain,2023,104,26,4,0.92008,2013,"2.8,3.1,2.8,2.5",2017,"7.0,7.087523964805932,6.8,6.5",2023-12-18 07:19:47
7092798,The Fund For Peace,Fragile State Index,X1: External Intervention,2023,104,26,4,0.97321,2013,"2.2,2.0,1.9,1.6",2017,"5.8,5.5,5.2,4.948956606911955",2023-12-20 12:38:25
1965996,The Fund For Peace,Fragile State Index,C1: Security Apparatus,2023,104,73,4,0.94346,2008,"1.0,1.1,1.4,1.6",2008,"0.9,0.9,1.0,1.0",2023-12-15 03:44:35
2524596,The Fund For Peace,Fragile State Index,C3: Group Grievance,2023,104,73,4,0.94885,2008,"1.0,1.0,1.0,1.3",2008,"1.0,1.2,1.2,1.7",2023-12-15 14:36:17
4956504,The Fund For Peace,Fragile State Index,P1: State Legitimacy,2023,104,233,4,0.98473,2012,"2.2,1.9,1.8,1.5",2019,"7.6,7.1,6.8,6.5",2023-12-18 15:56:56
5740790,The Fund For Peace,Fragile State Index,P3: Human Rights,2023,104,233,4,0.90726,2012,"1.3,1.3,1.2,1.2",2019,"6.6,6.3,6.0,5.8",2023-12-19 08:22:20
4956408,The Fund For Peace,Fragile State Index,P1: State Legitimacy,2023,104,196,4,0.98473,2012,"2.2,1.9,1.8,1.5",2016,"5.2,4.7,4.4,4.1",2023-12-18 15:56:50
5740733,The Fund For Peace,Fragile State Index,P3: Human Rights,2023,104,196,4,0.90726,2012,"1.3,1.3,1.2,1.2",2016,"6.2,6.0,5.7,5.4",2023-12-19 08:22:14
4956804,The Fund For Peace,Fragile State Index,P1: State Legitimacy,2023,104,142,4,0.98473,2012,"2.2,1.9,1.8,1.5",2012,"7.4,6.9,6.6,6.3",2023-12-18 15:57:14
5740966,The Fund For Peace,Fragile State Index,P3: Human Rights,2023,104,142,4,0.90726,2012,"1.3,1.3,1.2,1.2",2012,"6.2,6.0,5.7,5.4",2023-12-19 08:22:42
4956525,The Fund For Peace,Fragile State Index,P1: State Legitimacy,2023,104,206,4,0.94299,2012,"2.2,1.9,1.8,1.5",2011,"5.5,5.2,5.3,5.0",2023-12-18 15:56:57
5740804,The Fund For Peace,Fragile State Index,P3: Human Rights,2023,104,206,4,0.94868,2012,"1.3,1.3,1.2,1.2",2011,"4.6,4.5,4.2,4.3",2023-12-19 08:22:22
4957078,The Fund For Peace,Fragile State Index,P1: State Legitimacy,2023,104,37,4,0.98387,2012,"2.2,1.9,1.8,1.5",2019,"4.7,4.4,4.1,3.8",2023-12-18 15:57:31
5741098,The Fund For Peace,Fragile State Index,P3: Human Rights,2023,104,37,4,0.90726,2012,"1.3,1.3,1.2,1.2",2019,"3.4,3.1,2.8,2.6",2023-12-19 08:22:52
4956657,The Fund For Peace,Fragile State Index,P1: State Legitimacy,2023,104,107,4,0.98387,2012,"2.2,1.9,1.8,1.5",2018,"3.7,3.4,3.1,2.8",2023-12-18 15:57:05
5740884,The Fund For Peace,Fragile State Index,P3: Human Rights,2023,104,107,4,0.90726,2012,"1.3,1.3,1.2,1.2",2018,"1.7,1.4,1.1,0.9",2023-12-19 08:22:32
4957045,The Fund For Peace,Fragile State Index,P1: State Legitimacy,2023,104,222,4,0.98387,2012,"2.2,1.9,1.8,1.5",2018,"6.4,6.1,5.8,5.5",2023-12-18 15:57:29
5741081,The Fund For Peace,Fragile State Index,P3: Human Rights,2023,104,222,4,0.90726,2012,"1.3,1.3,1.2,1.2",2018,"5.0,4.7,4.4,4.2",2023-12-19 08:22:51
1965916,The Fund For Peace,Fragile State Index,C1: Security Apparatus,2023,104,64,4,0.98498,2008,"1.0,1.1,1.4,1.6",2014,"6.1,6.5,7.0,7.3",2023-12-15 03:44:30
2524560,The Fund For Peace,Fragile State Index,C3: Group Grievance,2023,104,64,4,0.90582,2008,"1.0,1.0,1.0,1.3",2014,"6.0,6.3,6.2,6.7",2023-12-15 14:36:15
1965989,The Fund For Peace,Fragile State Index,C1: Security Apparatus,2023,104,40,4,0.98349,2008,"1.0,1.1,1.4,1.6",2012,"1.8,1.8,2.1,2.2",2023-12-15 03:44:34
2524593,The Fund For Peace,Fragile State Index,C3: Group Grievance,2023,104,40,4,0.90726,2008,"1.0,1.0,1.0,1.3",2012,"3.0,3.1,3.4,3.9",2023-12-15 14:36:17
4956477,The Fund For Peace,Fragile State Index,P1: State Legitimacy,2023,104,64,4,0.98387,2012,"2.2,1.9,1.8,1.5",2010,"6.8,6.5,6.2,5.9",2023-12-18 15:56:54
5740775,The Fund For Peace,Fragile State Index,P3: Human Rights,2023,104,64,4,0.90453,2012,"1.3,1.3,1.2,1.2",2010,"6.7,6.7,6.4,6.1",2023-12-19 08:22:19
4956855,The Fund For Peace,Fragile State Index,P1: State Legitimacy,2023,104,25,4,0.98387,2012,"2.2,1.9,1.8,1.5",2010,"6.9,6.6,6.3,6.0",2023-12-18 15:57:17
5741014,The Fund For Peace,Fragile State Index,P3: Human Rights,2023,104,25,4,0.90453,2012,"1.3,1.3,1.2,1.2",2010,"7.9,7.6,7.3,7.3",2023-12-19 08:22:46
4956653,The Fund For Peace,Fragile State Index,P1: State Legitimacy,2023,104,107,4,0.97483,2012,"2.2,1.9,1.8,1.5",2013,"4.7,4.2,4.2,3.9",2023-12-18 15:57:05
5740881,The Fund For Peace,Fragile State Index,P3: Human Rights,2023,104,107,4,0.91287,2012,"1.3,1.3,1.2,1.2",2013,"2.9,2.8,2.5,2.2",2023-12-19 08:22:32
4956655,The Fund For Peace,Fragile State Index,P1: State Legitimacy,2023,104,107,4,0.9802,2012,"2.2,1.9,1.8,1.5",2016,"3.9,3.7,3.7,3.4",2023-12-18 15:57:05
5740883,The Fund For Peace,Fragile State Index,P3: Human Rights,2023,104,107,4,0.90726,2012,"1.3,1.3,1.2,1.2",2016,"2.2,2.0,1.7,1.4",2023-12-19 08:22:32
1966008,The Fund For Peace,Fragile State Index,C1: Security Apparatus,2023,104,13,4,0.97046,2008,"1.0,1.1,1.4,1.6",2009,"1.0,1.4,1.7,2.0",2023-12-15 03:44:36
2524603,The Fund For Peace,Fragile State Index,C3: Group Grievance,2023,104,13,4,0.91695,2008,"1.0,1.0,1.0,1.3",2009,"3.4,3.4,3.6,3.9",2023-12-15 14:36:18
1966137,The Fund For Peace,Fragile State Index,C1: Security Apparatus,2023,104,45,4,0.91829,2008,"1.0,1.1,1.4,1.6",2010,"5.8,5.7,6.0,6.5",2023-12-15 03:44:43
2524648,The Fund For Peace,Fragile State Index,C3: Group Grievance,2023,104,45,4,0.9685,2008,"1.0,1.0,1.0,1.3",2010,"8.0,7.9,7.9,8.3",2023-12-15 14:36:20
4490767,The Fund For Peace,Fragile State Index,E3: Human Flight and Brain Drain,2023,104,58,4,0.94281,2013,"2.8,3.1,2.8,2.5",2013,"1.9,2.0,1.9,1.6",2023-12-18 07:19:42
7092450,The Fund For Peace,Fragile State Index,X1: External Intervention,2023,104,58,4,0.94281,2013,"2.2,2.0,1.9,1.6",2013,"2.0,1.9,1.4,1.1",2023-12-20 12:38:04
4956941,The Fund For Peace,Fragile State Index,P1: State Legitimacy,2023,104,213,4,0.98387,2012,"2.2,1.9,1.8,1.5",2017,"5.0,4.7,4.4,4.1000000000000005",2023-12-18 15:57:22
5741043,The Fund For Peace,Fragile State Index,P3: Human Rights,2023,104,213,4,0.90085,2012,"1.3,1.3,1.2,1.2",2017,"4.6,4.5819604295293335,4.3,4.0",2023-12-19 08:22:48
4957041,The Fund For Peace,Fragile State Index,P1: State Legitimacy,2023,104,222,4,0.97325,2012,"2.2,1.9,1.8,1.5",2014,"7.7,7.4,7.1,6.9",2023-12-18 15:57:29
5741079,The Fund For Peace,Fragile State Index,P3: Human Rights,2023,104,222,4,0.91132,2012,"1.3,1.3,1.2,1.2",2014,"5.7,5.8,5.5,5.3",2023-12-19 08:22:50
4956460,The Fund For Peace,Fragile State Index,P1: State Legitimacy,2023,104,100,4,0.97325,2012,"2.2,1.9,1.8,1.5",2016,"4.9,4.7,4.4,4.1",2023-12-18 15:56:53
5740763,The Fund For Peace,Fragile State Index,P3: Human Rights,2023,104,100,4,0.91103,2012,"1.3,1.3,1.2,1.2",2016,"6.2,6.0,5.7732461461810445,5.6",2023-12-19 08:22:18
490277,The Fund For Peace,Fragile State Index,Total,2023,104,133,4,0.94105,2006,"18.6,19.5,19.9,21.6",2013,"89.3,89.8,92.9,95.2",2023-12-13 12:18:52
2336299,The Fund For Peace,Fragile State Index,C2: Factionalized Elites,2023,104,133,4,0.94281,2006,"1.0,1.0,1.0,1.3",2013,"5.0,4.9,4.9,5.2",2023-12-15 10:52:20
4956435,The Fund For Peace,Fragile State Index,P1: State Legitimacy,2023,104,117,4,0.94679,2012,"2.2,1.9,1.8,1.5",2008,"6.7,6.5,6.0,5.7",2023-12-18 15:56:51
5740748,The Fund For Peace,Fragile State Index,P3: Human Rights,2023,104,117,4,0.93704,2012,"1.3,1.3,1.2,1.2",2008,"7.0,6.9,6.5,6.2",2023-12-19 08:22:16
490560,The Fund For Peace,Fragile State Index,Total,2023,104,50,4,0.94078,2006,"18.6,19.5,19.9,21.6",2007,"105.5,106.7,108.7,109.9",2023-12-13 12:19:11
2336404,The Fund For Peace,Fragile State Index,C2: Factionalized Elites,2023,104,50,4,0.94281,2006,"1.0,1.0,1.0,1.3",2007,"8.6,8.6,8.7,8.9",2023-12-15 10:52:27
4956675,The Fund For Peace,Fragile State Index,P1: State Legitimacy,2023,104,112,4,0.97204,2012,"2.2,1.9,1.8,1.5",2016,"6.4,6.3,6.146483523828889,6.0",2023-12-18 15:57:06
5740890,The Fund For Peace,Fragile State Index,P3: Human Rights,2023,104,112,4,0.91054,2012,"1.3,1.3,1.2,1.2",2016,"8.0,7.9,7.652908985064451,7.4",2023-12-19 08:22:33
490676,The Fund For Peace,Fragile State Index,Total,2023,104,102,4,0.93023,2006,"18.6,19.5,19.9,21.6",2007,"82.8,85.7,90.0,92.2",2023-12-13 12:19:19
2336450,The Fund For Peace,Fragile State Index,C2: Factionalized Elites,2023,104,102,4,0.95059,2006,"1.0,1.0,1.0,1.3",2007,"8.9,9.0,9.1,9.5",2023-12-15 10:52:29
4956895,The Fund For Peace,Fragile State Index,P1: State Legitimacy,2023,104,226,4,0.97325,2012,"2.2,1.9,1.8,1.5",2014,"5.3,5.0,4.7,4.5",2023-12-18 15:57:20
5741035,The Fund For Peace,Fragile State Index,P3: Human Rights,2023,104,226,4,0.90726,2012,"1.3,1.3,1.2,1.2",2014,"4.9,4.6,4.3,4.1",2023-12-19 08:22:47
4957075,The Fund For Peace,Fragile State Index,P1: State Legitimacy,2023,104,37,4,0.97325,2012,"2.2,1.9,1.8,1.5",2016,"5.5,5.3,5.0,4.7",2023-12-18 15:57:31
5741097,The Fund For Peace,Fragile State Index,P3: Human Rights,2023,104,37,4,0.90726,2012,"1.3,1.3,1.2,1.2",2016,"4.2,4.0,3.7,3.4",2023-12-19 08:22:52
4956683,The Fund For Peace,Fragile State Index,P1: State Legitimacy,2023,104,159,4,0.97325,2012,"2.2,1.9,1.8,1.5",2016,"8.8,8.6,8.299999999999999,8.0",2023-12-18 15:57:07
5740896,The Fund For Peace,Fragile State Index,P3: Human Rights,2023,104,159,4,0.90726,2012,"1.3,1.3,1.2,1.2",2016,"9.1,8.9,8.6,8.3",2023-12-19 08:22:33
4957033,The Fund For Peace,Fragile State Index,P1: State Legitimacy,2023,104,204,4,0.97325,2012,"2.2,1.9,1.8,1.5",2016,"7.0,6.8,6.5,6.2",2023-12-18 15:57:28
5741076,The Fund For Peace,Fragile State Index,P3: Human Rights,2023,104,204,4,0.90726,2012,"1.3,1.3,1.2,1.2",2016,"5.4,5.2,4.9,4.6",2023-12-19 08:22:50
4956480,The Fund For Peace,Fragile State Index,P1: State Legitimacy,2023,104,64,4,0.97325,2012,"2.2,1.9,1.8,1.5",2016,"5.0,4.8,4.5,4.2",2023-12-18 15:56:54
5740776,The Fund For Peace,Fragile State Index,P3: Human Rights,2023,104,64,4,0.90726,2012,"1.3,1.3,1.2,1.2",2016,"6.5,6.3,6.0,5.7",2023-12-19 08:22:19
4956573,The Fund For Peace,Fragile State Index,P1: State Legitimacy,2023,104,177,4,0.97325,2012,"2.2,1.9,1.8,1.5",2016,"1.8,1.6,1.3,1.0",2023-12-18 15:57:00
5740841,The Fund For Peace,Fragile State Index,P3: Human Rights,2023,104,177,4,0.90726,2012,"1.3,1.3,1.2,1.2",2016,"2.0,1.8,1.5,1.2",2023-12-19 08:22:27
4956965,The Fund For Peace,Fragile State Index,P1: State Legitimacy,2023,104,86,4,0.97325,2012,"2.2,1.9,1.8,1.5",2014,"6.2,5.9,5.6,5.4",2023-12-18 15:57:24
5741054,The Fund For Peace,Fragile State Index,P3: Human Rights,2023,104,86,4,0.90726,2012,"1.3,1.3,1.2,1.2",2014,"4.0,3.7,3.4,3.2",2023-12-19 08:22:49
4956471,The Fund For Peace,Fragile State Index,P1: State Legitimacy,2023,104,150,4,0.97325,2012,"2.2,1.9,1.8,1.5",2014,"4.1,3.8,3.5,3.3",2023-12-18 15:56:54
5740769,The Fund For Peace,Fragile State Index,P3: Human Rights,2023,104,150,4,0.90726,2012,"1.3,1.3,1.2,1.2",2014,"4.6,4.3,4.0,3.8",2023-12-19 08:22:18
4956968,The Fund For Peace,Fragile State Index,P1: State Legitimacy,2023,104,86,4,0.97325,2012,"2.2,1.9,1.8,1.5",2017,"5.4,5.2,4.9,4.6000000000000005",2023-12-18 15:57:24
5741055,The Fund For Peace,Fragile State Index,P3: Human Rights,2023,104,86,4,0.90726,2012,"1.3,1.3,1.2,1.2",2017,"3.2,3.0,2.7,2.4000000000000004",2023-12-19 08:22:49
4956758,The Fund For Peace,Fragile State Index,P1: State Legitimacy,2023,104,108,4,0.97325,2012,"2.2,1.9,1.8,1.5",2016,"8.1,7.9,7.6,7.3",2023-12-18 15:57:11
5740928,The Fund For Peace,Fragile State Index,P3: Human Rights,2023,104,108,4,0.90726,2012,"1.3,1.3,1.2,1.2",2016,"8.1,7.9,7.6,7.3",2023-12-19 08:22:38
4956430,The Fund For Peace,Fragile State Index,P1: State Legitimacy,2023,104,53,4,0.97325,2012,"2.2,1.9,1.8,1.5",2014,"3.7,3.4,3.1,2.9",2023-12-18 15:56:51
5740745,The Fund For Peace,Fragile State Index,P3: Human Rights,2023,104,53,4,0.90726,2012,"1.3,1.3,1.2,1.2",2014,"4.4,4.1,3.8,3.6",2023-12-19 08:22:16
4957068,The Fund For Peace,Fragile State Index,P1: State Legitimacy,2023,104,37,4,0.97325,2012,"2.2,1.9,1.8,1.5",2009,"7.4,7.2,6.9,6.6",2023-12-18 15:57:30
5741095,The Fund For Peace,Fragile State Index,P3: Human Rights,2023,104,37,4,0.90726,2012,"1.3,1.3,1.2,1.2",2009,"6.2,6.0,5.7,5.4",2023-12-19 08:22:52
4956827,The Fund For Peace,Fragile State Index,P1: State Legitimacy,2023,104,173,4,0.97325,2012,"2.2,1.9,1.8,1.5",2016,"7.4,7.2,6.9,6.6",2023-12-18 15:57:15
5740986,The Fund For Peace,Fragile State Index,P3: Human Rights,2023,104,173,4,0.90726,2012,"1.3,1.3,1.2,1.2",2016,"4.5,4.3,4.0,3.7",2023-12-19 08:22:44
4956878,The Fund For Peace,Fragile State Index,P1: State Legitimacy,2023,104,171,4,0.96748,2012,"2.2,1.9,1.8,1.5",2017,"6.8,6.5,6.2,6.031467132374356",2023-12-18 15:57:19
5741027,The Fund For Peace,Fragile State Index,P3: Human Rights,2023,104,171,4,0.91275,2012,"1.3,1.3,1.2,1.2",2017,"7.6,7.3,7.0,6.886754349212545",2023-12-19 08:22:47
4956445,The Fund For Peace,Fragile State Index,P1: State Legitimacy,2023,104,170,4,0.95077,2012,"2.2,1.9,1.8,1.5",2016,"3.7,3.2,3.031674531996406,2.9",2023-12-18 15:56:52
5740755,The Fund For Peace,Fragile State Index,P3: Human Rights,2023,104,170,4,0.92848,2012,"1.3,1.3,1.2,1.2",2016,"4.5,4.3,4.0,3.8",2023-12-19 08:22:17
4956828,The Fund For Peace,Fragile State Index,P1: State Legitimacy,2023,104,174,4,0.97167,2012,"2.2,1.9,1.8,1.5",2010,"8.6,8.3,7.9,7.6",2023-12-18 15:57:16
5740987,The Fund For Peace,Fragile State Index,P3: Human Rights,2023,104,174,4,0.90726,2012,"1.3,1.3,1.2,1.2",2010,"7.5,7.3,7.0,6.7",2023-12-19 08:22:44
4956962,The Fund For Peace,Fragile State Index,P1: State Legitimacy,2023,104,93,4,0.97325,2012,"2.2,1.9,1.8,1.5",2016,"5.6,5.4,5.1000000000000005,4.8",2023-12-18 15:57:24
5741050,The Fund For Peace,Fragile State Index,P3: Human Rights,2023,104,93,4,0.90541,2012,"1.3,1.3,1.2,1.2",2016,"3.6,3.5,3.3983474857674034,3.4",2023-12-19 08:22:49
490764,The Fund For Peace,Fragile State Index,Total,2023,104,59,4,0.93378,2006,"18.6,19.5,19.9,21.6",2008,"80.0,80.6,81.9,82.6",2023-12-13 12:19:25
2336477,The Fund For Peace,Fragile State Index,C2: Factionalized Elites,2023,104,59,4,0.94281,2006,"1.0,1.0,1.0,1.3",2008,"6.9,6.9,7.1,7.5",2023-12-15 10:52:31
4957050,The Fund For Peace,Fragile State Index,P1: State Legitimacy,2023,104,194,4,0.96904,2012,"2.2,1.9,1.8,1.5",2014,"6.6,6.1,5.8,5.6",2023-12-18 15:57:29
5741087,The Fund For Peace,Fragile State Index,P3: Human Rights,2023,104,194,4,0.90726,2012,"1.3,1.3,1.2,1.2",2014,"4.1,3.8,3.5,3.3",2023-12-19 08:22:51
490549,The Fund For Peace,Fragile State Index,Total,2023,104,248,4,0.9478,2006,"18.6,19.5,19.9,21.6",2007,"93.2,95.4,98.1,100.0",2023-12-13 12:19:10
2336400,The Fund For Peace,Fragile State Index,C2: Factionalized Elites,2023,104,248,4,0.92717,2006,"1.0,1.0,1.0,1.3",2007,"9.0,8.9,9.0,9.2",2023-12-15 10:52:26
4956619,The Fund For Peace,Fragile State Index,P1: State Legitimacy,2023,104,238,4,0.92536,2012,"2.2,1.9,1.8,1.5",2011,"2.5,2.2,1.7,1.6",2023-12-18 15:57:03
5740863,The Fund For Peace,Fragile State Index,P3: Human Rights,2023,104,238,4,0.94868,2012,"1.3,1.3,1.2,1.2",2011,"2.5,2.6,2.3,2.2",2023-12-19 08:22:29
4956881,The Fund For Peace,Fragile State Index,P1: State Legitimacy,2023,104,171,4,0.91354,2012,"2.2,1.9,1.8,1.5",2020,"6.031467132374356,6.0,5.8,5.7",2023-12-18 15:57:19
5741028,The Fund For Peace,Fragile State Index,P3: Human Rights,2023,104,171,4,0.95964,2012,"1.3,1.3,1.2,1.2",2020,"6.886754349212545,6.9,6.6,6.7",2023-12-19 08:22:47
4956801,The Fund For Peace,Fragile State Index,P1: State Legitimacy,2023,104,142,4,0.96562,2012,"2.2,1.9,1.8,1.5",2009,"8.1,7.9,7.6,7.4",2023-12-18 15:57:14
5740964,The Fund For Peace,Fragile State Index,P3: Human Rights,2023,104,142,4,0.90726,2012,"1.3,1.3,1.2,1.2",2009,"7.0,6.8,6.5,6.2",2023-12-19 08:22:42
4490768,The Fund For Peace,Fragile State Index,E3: Human Flight and Brain Drain,2023,104,58,4,0.91766,2013,"2.8,3.1,2.8,2.5",2017,"1.9,1.9721189139015116,1.9,1.6",2023-12-18 07:19:42
7092453,The Fund For Peace,Fragile State Index,X1: External Intervention,2023,104,58,4,0.95397,2013,"2.2,2.0,1.9,1.6",2017,"1.0,0.7,0.7,0.5",2023-12-20 12:38:04
4956591,The Fund For Peace,Fragile State Index,P1: State Legitimacy,2023,104,126,4,0.96016,2012,"2.2,1.9,1.8,1.5",2020,"1.8,1.5,1.3,1.2",2023-12-18 15:57:01
5740850,The Fund For Peace,Fragile State Index,P3: Human Rights,2023,104,126,4,0.91132,2012,"1.3,1.3,1.2,1.2",2020,"2.4000000000000004,2.2,2.0,1.9",2023-12-19 08:22:28
4956835,The Fund For Peace,Fragile State Index,P1: State Legitimacy,2023,104,197,4,0.92848,2012,"2.2,1.9,1.8,1.5",2007,"7.5,7.4,7.3,6.8",2023-12-18 15:57:16
5740995,The Fund For Peace,Fragile State Index,P3: Human Rights,2023,104,197,4,0.94281,2012,"1.3,1.3,1.2,1.2",2007,"6.1,6.1,5.8,5.6",2023-12-19 08:22:45
4957021,The Fund For Peace,Fragile State Index,P1: State Legitimacy,2023,104,72,4,0.95828,2012,"2.2,1.9,1.8,1.5",2013,"8.8,7.8,7.4,7.1",2023-12-18 15:57:27
5741070,The Fund For Peace,Fragile State Index,P3: Human Rights,2023,104,72,4,0.91287,2012,"1.3,1.3,1.2,1.2",2013,"7.3,7.2,6.9,6.6",2023-12-19 08:22:50
490568,The Fund For Peace,Fragile State Index,Total,2023,104,250,4,0.94326,2006,"18.6,19.5,19.9,21.6",2015,"100.0,100.5,101.6,102.29375253209211",2023-12-13 12:19:11
2336410,The Fund For Peace,Fragile State Index,C2: Factionalized Elites,2023,104,250,4,0.92717,2006,"1.0,1.0,1.0,1.3",2015,"9.7,9.8,9.8,10.0",2023-12-15 10:52:27
4957081,The Fund For Peace,Fragile State Index,P1: State Legitimacy,2023,104,122,4,0.96309,2012,"2.2,1.9,1.8,1.5",2009,"7.4,7.2,6.9,6.3",2023-12-18 15:57:31
5741101,The Fund For Peace,Fragile State Index,P3: Human Rights,2023,104,122,4,0.90726,2012,"1.3,1.3,1.2,1.2",2009,"6.5,6.3,6.0,5.7",2023-12-19 08:22:52
4956492,The Fund For Peace,Fragile State Index,P1: State Legitimacy,2023,104,79,4,0.95974,2012,"2.2,1.9,1.8,1.5",2017,"8.6,8.299999999999999,7.8,7.5",2023-12-18 15:56:55
5740785,The Fund For Peace,Fragile State Index,P3: Human Rights,2023,104,79,4,0.90914,2012,"1.3,1.3,1.2,1.2",2017,"9.4,8.9,8.4,8.1",2023-12-19 08:22:20
4956695,The Fund For Peace,Fragile State Index,P1: State Legitimacy,2023,104,211,4,0.96148,2012,"2.2,1.9,1.8,1.5",2014,"8.3,8.0,7.4,6.9",2023-12-18 15:57:08
5740901,The Fund For Peace,Fragile State Index,P3: Human Rights,2023,104,211,4,0.90726,2012,"1.3,1.3,1.2,1.2",2014,"9.1,8.8,8.5,8.3",2023-12-19 08:22:34
4490815,The Fund For Peace,Fragile State Index,E3: Human Flight and Brain Drain,2023,104,43,4,0.92582,2013,"2.8,3.1,2.8,2.5",2009,"7.8,8.3,8.0,7.7",2023-12-18 07:19:45
7092668,The Fund For Peace,Fragile State Index,X1: External Intervention,2023,104,43,4,0.94141,2013,"2.2,2.0,1.9,1.6",2009,"9.7,9.7,9.1,7.8",2023-12-20 12:38:18
4956592,The Fund For Peace,Fragile State Index,P1: State Legitimacy,2023,104,52,4,0.95959,2012,"2.2,1.9,1.8,1.5",2009,"4.1,3.9,3.5,3.2",2023-12-18 15:57:01
5740851,The Fund For Peace,Fragile State Index,P3: Human Rights,2023,104,52,4,0.90726,2012,"1.3,1.3,1.2,1.2",2009,"3.5,3.3,3.0,2.7",2023-12-19 08:22:28
4956662,The Fund For Peace,Fragile State Index,P1: State Legitimacy,2023,104,67,4,0.95959,2012,"2.2,1.9,1.8,1.5",2009,"4.7,4.5,4.1,3.8",2023-12-18 15:57:06
5740887,The Fund For Peace,Fragile State Index,P3: Human Rights,2023,104,67,4,0.90726,2012,"1.3,1.3,1.2,1.2",2009,"3.5,3.3,3.0,2.7",2023-12-19 08:22:32
4956475,The Fund For Peace,Fragile State Index,P1: State Legitimacy,2023,104,64,4,0.90405,2012,"2.2,1.9,1.8,1.5",2008,"7.0,7.0,6.8,6.5",2023-12-18 15:56:54
5740774,The Fund For Peace,Fragile State Index,P3: Human Rights,2023,104,64,4,0.96225,2012,"1.3,1.3,1.2,1.2",2008,"7.0,6.9,6.7,6.7",2023-12-19 08:22:19
4956438,The Fund For Peace,Fragile State Index,P1: State Legitimacy,2023,104,82,4,0.95974,2012,"2.2,1.9,1.8,1.5",2015,"5.0,4.7,4.2,3.9",2023-12-18 15:56:52
5740750,The Fund For Peace,Fragile State Index,P3: Human Rights,2023,104,82,4,0.90622,2012,"1.3,1.3,1.2,1.2",2015,"5.2,5.3,5.1,5.030008048566902",2023-12-19 08:22:16
490202,The Fund For Peace,Fragile State Index,Total,2023,104,196,4,0.94857,2006,"18.6,19.5,19.9,21.6",2008,"70.9,74.2,74.6,76.8",2023-12-13 12:18:47
2336270,The Fund For Peace,Fragile State Index,C2: Factionalized Elites,2023,104,196,4,0.91695,2006,"1.0,1.0,1.0,1.3",2008,"4.0,4.0,4.2,4.5",2023-12-15 10:52:18
4956848,The Fund For Peace,Fragile State Index,P1: State Legitimacy,2023,104,119,4,0.96029,2012,"2.2,1.9,1.8,1.5",2020,"9.047687848225346,9.0,9.0,8.9",2023-12-18 15:57:17
5741006,The Fund For Peace,Fragile State Index,P3: Human Rights,2023,104,119,4,0.90453,2012,"1.3,1.3,1.2,1.2",2020,"7.0,6.9,6.8,6.8",2023-12-19 08:22:45
4956831,The Fund For Peace,Fragile State Index,P1: State Legitimacy,2023,104,6,4,0.95566,2012,"2.2,1.9,1.8,1.5",2016,"8.8,8.6,8.54029612068628,8.0",2023-12-18 15:57:16
5740990,The Fund For Peace,Fragile State Index,P3: Human Rights,2023,104,6,4,0.90726,2012,"1.3,1.3,1.2,1.2",2016,"7.5,7.3,7.0,6.7",2023-12-19 08:22:44
4956781,The Fund For Peace,Fragile State Index,P1: State Legitimacy,2023,104,42,4,0.91277,2012,"2.2,1.9,1.8,1.5",2009,"9.3,9.0,9.1,8.9",2023-12-18 15:57:13
5740950,The Fund For Peace,Fragile State Index,P3: Human Rights,2023,104,42,4,0.94868,2012,"1.3,1.3,1.2,1.2",2009,"8.9,8.8,8.6,8.5",2023-12-19 08:22:40
4956782,The Fund For Peace,Fragile State Index,P1: State Legitimacy,2023,104,42,4,0.94939,2012,"2.2,1.9,1.8,1.5",2016,"9.8,9.7,9.4,9.1",2023-12-18 15:57:13
5740951,The Fund For Peace,Fragile State Index,P3: Human Rights,2023,104,42,4,0.91132,2012,"1.3,1.3,1.2,1.2",2016,"9.9,9.7,9.4,9.5",2023-12-19 08:22:41
4956925,The Fund For Peace,Fragile State Index,P1: State Legitimacy,2023,104,19,4,0.96016,2012,"2.2,1.9,1.8,1.5",2019,"1.9,1.6,1.4,1.3",2023-12-18 15:57:22
5741037,The Fund For Peace,Fragile State Index,P3: Human Rights,2023,104,19,4,0.90022,2012,"1.3,1.3,1.2,1.2",2019,"3.5,3.363578886348347,3.1,2.8",2023-12-19 08:22:48
1966079,The Fund For Peace,Fragile State Index,C1: Security Apparatus,2023,104,236,4,0.95256,2008,"1.0,1.1,1.4,1.6",2014,"2.7,2.8,2.9,3.2",2023-12-15 03:44:40
2524619,The Fund For Peace,Fragile State Index,C3: Group Grievance,2023,104,236,4,0.90739,2008,"1.0,1.0,1.0,1.3",2014,"4.5,5.0,5.1,6.0",2023-12-15 14:36:19
4956441,The Fund For Peace,Fragile State Index,P1: State Legitimacy,2023,104,82,4,0.94939,2012,"2.2,1.9,1.8,1.5",2018,"3.9,3.6,3.3000000000000003,3.2",2023-12-18 15:56:52
5740751,The Fund For Peace,Fragile State Index,P3: Human Rights,2023,104,82,4,0.90902,2012,"1.3,1.3,1.2,1.2",2018,"5.030008048566902,5.0,4.7,4.4",2023-12-19 08:22:16
4957049,The Fund For Peace,Fragile State Index,P1: State Legitimacy,2023,104,194,4,0.95115,2012,"2.2,1.9,1.8,1.5",2010,"7.3,6.9,6.7,6.6",2023-12-18 15:57:29
5741084,The Fund For Peace,Fragile State Index,P3: Human Rights,2023,104,194,4,0.90726,2012,"1.3,1.3,1.2,1.2",2010,"5.1,4.9,4.6,4.3",2023-12-19 08:22:51
4956394,The Fund For Peace,Fragile State Index,P1: State Legitimacy,2023,104,109,4,0.94346,2012,"2.2,1.9,1.8,1.5",2009,"7.0,6.8,6.5,6.4",2023-12-18 15:56:49
5740731,The Fund For Peace,Fragile State Index,P3: Human Rights,2023,104,109,4,0.91132,2012,"1.3,1.3,1.2,1.2",2009,"5.7,5.5,5.3,5.2",2023-12-19 08:22:14
4956571,The Fund For Peace,Fragile State Index,P1: State Legitimacy,2023,104,177,4,0.9474,2012,"2.2,1.9,1.8,1.5",2014,"2.3,1.8,1.8,1.6",2023-12-18 15:57:00
5740840,The Fund For Peace,Fragile State Index,P3: Human Rights,2023,104,177,4,0.90726,2012,"1.3,1.3,1.2,1.2",2014,"2.6,2.3,2.0,1.8",2023-12-19 08:22:27
4957065,The Fund For Peace,Fragile State Index,P1: State Legitimacy,2023,104,132,4,0.9474,2012,"2.2,1.9,1.8,1.5",2017,"8.5,8.3,8.3,7.800000000000001",2023-12-18 15:57:30
5741093,The Fund For Peace,Fragile State Index,P3: Human Rights,2023,104,132,4,0.90726,2012,"1.3,1.3,1.2,1.2",2017,"8.2,8.0,7.7,7.4",2023-12-19 08:22:51
4957043,The Fund For Peace,Fragile State Index,P1: State Legitimacy,2023,104,222,4,0.94679,2012,"2.2,1.9,1.8,1.5",2016,"7.1,6.9,6.4,6.1",2023-12-18 15:57:29
5741080,The Fund For Peace,Fragile State Index,P3: Human Rights,2023,104,222,4,0.90726,2012,"1.3,1.3,1.2,1.2",2016,"5.5,5.3,5.0,4.7",2023-12-19 08:22:50
4956489,The Fund For Peace,Fragile State Index,P1: State Legitimacy,2023,104,148,4,0.94679,2012,"2.2,1.9,1.8,1.5",2014,"7.5,7.2,6.7,6.5",2023-12-18 15:56:55
5740783,The Fund For Peace,Fragile State Index,P3: Human Rights,2023,104,148,4,0.90726,2012,"1.3,1.3,1.2,1.2",2014,"6.4,6.1,5.8,5.6",2023-12-19 08:22:20
1965934,The Fund For Peace,Fragile State Index,C1: Security Apparatus,2023,104,140,4,0.91012,2008,"1.0,1.1,1.4,1.6",2008,"5.8,7.0,7.5,7.9",2023-12-15 03:44:31
2524570,The Fund For Peace,Fragile State Index,C3: Group Grievance,2023,104,140,4,0.94281,2008,"1.0,1.0,1.0,1.3",2008,"5.8,5.9,5.8,6.1",2023-12-15 14:36:16
4956453,The Fund For Peace,Fragile State Index,P1: State Legitimacy,2023,104,144,4,0.90405,2012,"2.2,1.9,1.8,1.5",2015,"4.5,4.2,4.0,4.0",2023-12-18 15:56:53
5740758,The Fund For Peace,Fragile State Index,P3: Human Rights,2023,104,144,4,0.94871,2012,"1.3,1.3,1.2,1.2",2015,"4.8,4.7,4.5,4.4000965522751",2023-12-19 08:22:17
1966180,The Fund For Peace,Fragile State Index,C1: Security Apparatus,2023,104,182,4,0.93817,2008,"1.0,1.1,1.4,1.6",2012,"8.2,8.5,8.6,9.1",2023-12-15 03:44:45
2524666,The Fund For Peace,Fragile State Index,C3: Group Grievance,2023,104,182,4,0.9135,2008,"1.0,1.0,1.0,1.3",2012,"7.9,8.2,8.5,9.3",2023-12-15 14:36:22
4956761,The Fund For Peace,Fragile State Index,P1: State Legitimacy,2023,104,103,4,0.90453,2012,"2.2,1.9,1.8,1.5",2009,"9.0,9.0,8.7,8.4",2023-12-18 15:57:12
5740930,The Fund For Peace,Fragile State Index,P3: Human Rights,2023,104,103,4,0.94679,2012,"1.3,1.3,1.2,1.2",2009,"9.3,9.1,8.6,8.3",2023-12-19 08:22:38
4490779,The Fund For Peace,Fragile State Index,E3: Human Flight and Brain Drain,2023,104,74,4,0.91109,2013,"2.8,3.1,2.8,2.5",2017,"2.2,2.4577396810682157,2.3,2.165041634039119",2023-12-18 07:19:43
7092506,The Fund For Peace,Fragile State Index,X1: External Intervention,2023,104,74,4,0.94002,2013,"2.2,2.0,1.9,1.6",2017,"1.8,1.8,1.5,1.2",2023-12-20 12:38:08
1965880,The Fund For Peace,Fragile State Index,C1: Security Apparatus,2023,104,124,4,0.94346,2008,"1.0,1.1,1.4,1.6",2013,"8.9,9.2,9.3,9.6",2023-12-15 03:44:28
2524545,The Fund For Peace,Fragile State Index,C3: Group Grievance,2023,104,124,4,0.90726,2008,"1.0,1.0,1.0,1.3",2013,"7.4,7.5,7.8,8.3",2023-12-15 14:36:14
4956840,The Fund For Peace,Fragile State Index,P1: State Legitimacy,2023,104,197,4,0.94346,2012,"2.2,1.9,1.8,1.5",2014,"5.8,5.7,5.4,5.2",2023-12-18 15:57:16
5740996,The Fund For Peace,Fragile State Index,P3: Human Rights,2023,104,197,4,0.90726,2012,"1.3,1.3,1.2,1.2",2014,"5.2,4.9,4.6,4.4",2023-12-19 08:22:45
4490875,The Fund For Peace,Fragile State Index,E3: Human Flight and Brain Drain,2023,104,59,4,0.93007,2013,"2.8,3.1,2.8,2.5",2017,"5.4,5.509985484000866,5.2,4.9",2023-12-18 07:19:49
7092990,The Fund For Peace,Fragile State Index,X1: External Intervention,2023,104,59,4,0.9204,2013,"2.2,2.0,1.9,1.6",2017,"8.7,8.7,8.2,7.899999999999999",2023-12-20 12:38:36
1966021,The Fund For Peace,Fragile State Index,C1: Security Apparatus,2023,104,74,4,0.94346,2008,"1.0,1.1,1.4,1.6",2011,"1.9,2.2,2.3,2.6",2023-12-15 03:44:36
2524607,The Fund For Peace,Fragile State Index,C3: Group Grievance,2023,104,74,4,0.90453,2008,"1.0,1.0,1.0,1.3",2011,"5.9,5.6,5.9,6.4",2023-12-15 14:36:18
4956649,The Fund For Peace,Fragile State Index,P1: State Legitimacy,2023,104,203,4,0.90453,2012,"2.2,1.9,1.8,1.5",2007,"3.2,3.2,3.0,2.8",2023-12-18 15:57:05
5740874,The Fund For Peace,Fragile State Index,P3: Human Rights,2023,104,203,4,0.94281,2012,"1.3,1.3,1.2,1.2",2007,"3.5,3.5,3.2,3.0",2023-12-19 08:22:31
4956876,The Fund For Peace,Fragile State Index,P1: State Legitimacy,2023,104,171,4,0.94136,2012,"2.2,1.9,1.8,1.5",2010,"7.8,7.5,7.6,7.1",2023-12-18 15:57:19
5741026,The Fund For Peace,Fragile State Index,P3: Human Rights,2023,104,171,4,0.90453,2012,"1.3,1.3,1.2,1.2",2010,"6.3,6.3,6.1,6.2",2023-12-19 08:22:47
4956979,The Fund For Peace,Fragile State Index,P1: State Legitimacy,2023,104,198,4,0.90405,2012,"2.2,1.9,1.8,1.5",2015,"5.7,5.7,5.5,5.2",2023-12-18 15:57:25
5741058,The Fund For Peace,Fragile State Index,P3: Human Rights,2023,104,198,4,0.93633,2012,"1.3,1.3,1.2,1.2",2015,"4.6,4.3,3.8,3.5",2023-12-19 08:22:49
4956884,The Fund For Peace,Fragile State Index,P1: State Legitimacy,2023,104,89,4,0.93333,2012,"2.2,1.9,1.8,1.5",2008,"7.2,7.1,7.1,6.8",2023-12-18 15:57:19
5741031,The Fund For Peace,Fragile State Index,P3: Human Rights,2023,104,89,4,0.90453,2012,"1.3,1.3,1.2,1.2",2008,"7.1,7.0,6.9,6.9",2023-12-19 08:22:47
490279,The Fund For Peace,Fragile State Index,Total,2023,104,133,4,0.91023,2006,"18.6,19.5,19.9,21.6",2018,"93.58132105894023,94.5,96.04331296449108,96.6",2023-12-13 12:18:52
2336300,The Fund For Peace,Fragile State Index,C2: Factionalized Elites,2023,104,133,4,0.92717,2006,"1.0,1.0,1.0,1.3",2018,"5.4,5.4,5.7,6.2",2023-12-15 10:52:20
1965957,The Fund For Peace,Fragile State Index,C1: Security Apparatus,2023,104,206,4,0.90105,2008,"1.0,1.1,1.4,1.6",2013,"5.1,4.9,5.3,5.8",2023-12-15 03:44:32
2524581,The Fund For Peace,Fragile State Index,C3: Group Grievance,2023,104,206,4,0.93043,2008,"1.0,1.0,1.0,1.3",2013,"5.7,5.8,5.5,6.3",2023-12-15 14:36:16
4956677,The Fund For Peace,Fragile State Index,P1: State Legitimacy,2023,104,166,4,0.92666,2012,"2.2,1.9,1.8,1.5",2018,"7.1,7.0,6.9122379051207,6.9",2023-12-18 15:57:06
5740892,The Fund For Peace,Fragile State Index,P3: Human Rights,2023,104,166,4,0.90371,2012,"1.3,1.3,1.2,1.2",2018,"7.81579409740162,7.5,7.2,7.0",2023-12-19 08:22:33
4956972,The Fund For Peace,Fragile State Index,P1: State Legitimacy,2023,104,198,4,0.92536,2012,"2.2,1.9,1.8,1.5",2007,"7.9,7.6,7.1,7.0",2023-12-18 15:57:24
5741056,The Fund For Peace,Fragile State Index,P3: Human Rights,2023,104,198,4,0.90453,2012,"1.3,1.3,1.2,1.2",2007,"6.7,6.3,5.9,5.9",2023-12-19 08:22:49
490290,The Fund For Peace,Fragile State Index,Total,2023,104,79,4,0.90204,2006,"18.6,19.5,19.9,21.6",2008,"76.9,79.0,80.2,80.9",2023-12-13 12:18:53
2336305,The Fund For Peace,Fragile State Index,C2: Factionalized Elites,2023,104,79,4,0.92717,2006,"1.0,1.0,1.0,1.3",2008,"5.9,6.2,6.2,6.8",2023-12-15 10:52:21
4956790,The Fund For Peace,Fragile State Index,P1: State Legitimacy,2023,104,199,4,0.92164,2012,"2.2,1.9,1.8,1.5",2011,"7.7,7.6,7.3,7.2",2023-12-18 15:57:13
5740958,The Fund For Peace,Fragile State Index,P3: Human Rights,2023,104,199,4,0.90726,2012,"1.3,1.3,1.2,1.2",2011,"6.7,6.4,6.1,5.9",2023-12-19 08:22:42
4956393,The Fund For Peace,Fragile State Index,P1: State Legitimacy,2023,104,29,4,0.90453,2012,"2.2,1.9,1.8,1.5",2018,"3.0,2.7,2.4000000000000004,2.4",2023-12-18 15:56:49
5740730,The Fund For Peace,Fragile State Index,P3: Human Rights,2023,104,29,4,0.92083,2012,"1.3,1.3,1.2,1.2",2018,"5.001411262394145,5.1,4.879165162835639,4.8",2023-12-19 08:22:14
4956507,The Fund For Peace,Fragile State Index,P1: State Legitimacy,2023,104,172,4,0.91277,2012,"2.2,1.9,1.8,1.5",2016,"7.2,7.0,7.1,6.8",2023-12-18 15:56:56
5740794,The Fund For Peace,Fragile State Index,P3: Human Rights,2023,104,172,4,0.91132,2012,"1.3,1.3,1.2,1.2",2016,"6.1,5.9,5.6000000000000005,5.7",2023-12-19 08:22:21
1965917,The Fund For Peace,Fragile State Index,C1: Security Apparatus,2023,104,221,4,0.9166,2008,"1.0,1.1,1.4,1.6",2012,"7.3,7.8,7.9,8.9",2023-12-15 03:44:30
2524561,The Fund For Peace,Fragile State Index,C3: Group Grievance,2023,104,221,4,0.90582,2008,"1.0,1.0,1.0,1.3",2012,"7.8,8.1,8.0,8.5",2023-12-15 14:36:15
4956826,The Fund For Peace,Fragile State Index,P1: State Legitimacy,2023,104,169,4,0.91277,2012,"2.2,1.9,1.8,1.5",2016,"6.6,6.4,6.5,6.2",2023-12-18 15:57:15
5740983,The Fund For Peace,Fragile State Index,P3: Human Rights,2023,104,169,4,0.90726,2012,"1.3,1.3,1.2,1.2",2016,"7.7,7.5,7.2,6.9",2023-12-19 08:22:44
4956763,The Fund For Peace,Fragile State Index,P1: State Legitimacy,2023,104,250,4,0.91277,2012,"2.2,1.9,1.8,1.5",2012,"9.4,9.2,9.3,9.0",2023-12-18 15:57:12
5740934,The Fund For Peace,Fragile State Index,P3: Human Rights,2023,104,250,4,0.90453,2012,"1.3,1.3,1.2,1.2",2012,"8.9,8.9,8.6,8.3",2023-12-19 08:22:38
4956762,The Fund For Peace,Fragile State Index,P1: State Legitimacy,2023,104,250,4,0.91277,2012,"2.2,1.9,1.8,1.5",2010,"9.6,9.3,9.4,9.2",2023-12-18 15:57:12
5740933,The Fund For Peace,Fragile State Index,P3: Human Rights,2023,104,250,4,0.90453,2012,"1.3,1.3,1.2,1.2",2010,"9.5,9.2,8.9,8.9",2023-12-19 08:22:38
4957048,The Fund For Peace,Fragile State Index,P1: State Legitimacy,2023,104,194,4,0.91132,2012,"2.2,1.9,1.8,1.5",2008,"7.4,7.3,7.3,6.9",2023-12-18 15:57:29
5741083,The Fund For Peace,Fragile State Index,P3: Human Rights,2023,104,194,4,0.90453,2012,"1.3,1.3,1.2,1.2",2008,"5.3,5.3,5.1,4.9",2023-12-19 08:22:51
4956692,The Fund For Peace,Fragile State Index,P1: State Legitimacy,2023,104,183,4,0.90453,2012,"2.2,1.9,1.8,1.5",2011,"7.1,6.8,6.5,6.5",2023-12-18 15:57:07
5740898,The Fund For Peace,Fragile State Index,P3: Human Rights,2023,104,183,4,0.91132,2012,"1.3,1.3,1.2,1.2",2011,"8.2,8.0,7.7,7.8",2023-12-19 08:22:34
4490754,The Fund For Peace,Fragile State Index,E3: Human Flight and Brain Drain,2023,104,172,4,0.90198,2013,"2.8,3.1,2.8,2.5",2017,"5.8,5.853859921138877,5.6,5.3",2023-12-18 07:19:42
7092385,The Fund For Peace,Fragile State Index,X1: External Intervention,2023,104,172,4,0.91024,2013,"2.2,2.0,1.9,1.6",2017,"4.8,4.5,4.2,4.135769990558996",2023-12-20 12:38:00
4956987,The Fund For Peace,Fragile State Index,P1: State Legitimacy,2023,104,33,4,0.90453,2012,"2.2,1.9,1.8,1.5",2016,"8.3,8.3,8.0,7.7",2023-12-18 15:57:25
5741059,The Fund For Peace,Fragile State Index,P3: Human Rights,2023,104,33,4,0.90726,2012,"1.3,1.3,1.2,1.2",2016,"7.9,7.7,7.4,7.1",2023-12-19 08:22:49
4956778,The Fund For Peace,Fragile State Index,P1: State Legitimacy,2023,104,1,4,0.90362,2012,"2.2,1.9,1.8,1.5",2018,"9.073801435523972,9.0,9.006570219527681,8.7",2023-12-18 15:57:13
5740945,The Fund For Peace,Fragile State Index,P3: Human Rights,2023,104,1,4,0.90726,2012,"1.3,1.3,1.2,1.2",2018,"8.2,7.9,7.6,7.4",2023-12-19 08:22:40
4956872,The Fund For Peace,Fragile State Index,P1: State Legitimacy,2023,104,92,4,0.90453,2012,"2.2,1.9,1.8,1.5",2017,"9.2,9.2,8.9,8.6",2023-12-18 15:57:18
5741021,The Fund For Peace,Fragile State Index,P3: Human Rights,2023,104,92,4,0.90453,2012,"1.3,1.3,1.2,1.2",2017,"7.5,7.5,7.2,6.9",2023-12-19 08:22:46
4956706,The Fund For Peace,Fragile State Index,P1: State Legitimacy,2023,104,48,4,0.90237,2012,"2.2,1.9,1.8,1.5",2006,"8.7,8.2,7.9,7.9",2023-12-18 15:57:08
5740906,The Fund For Peace,Fragile State Index,P3: Human Rights,2023,104,48,4,0.90453,2012,"1.3,1.3,1.2,1.2",2006,"7.6,7.4,7.2,7.2",2023-12-19 08:22:35
4955723,The Fund For Peace,Fragile State Index,P1: State Legitimacy,2023,104,206,3,1.0,2014,"1.8,1.5,1.2",2018,"6.8,6.5,6.2",2023-12-18 15:56:11
5364246,The Fund For Peace,Fragile State Index,P2: Public Services,2023,104,206,3,1.0,2014,"2.2,1.9,1.6",2018,"7.0,6.7,6.4",2023-12-19 00:06:54
4956247,The Fund For Peace,Fragile State Index,P1: State Legitimacy,2023,104,93,3,1.0,2014,"1.8,1.5,1.2",2017,"5.4,5.1000000000000005,4.8",2023-12-18 15:56:40
5364821,The Fund For Peace,Fragile State Index,P2: Public Services,2023,104,93,3,1.0,2014,"2.2,1.9,1.6",2017,"6.2,5.9,5.6",2023-12-19 00:08:00
4955941,The Fund For Peace,Fragile State Index,P1: State Legitimacy,2023,104,48,3,1.0,2014,"1.8,1.5,1.2",2017,"6.3,6.0,5.7",2023-12-18 15:56:23
5364477,The Fund For Peace,Fragile State Index,P2: Public Services,2023,104,48,3,1.0,2014,"2.2,1.9,1.6",2017,"5.9,5.6000000000000005,5.3",2023-12-19 00:07:20
4956379,The Fund For Peace,Fragile State Index,P1: State Legitimacy,2023,104,122,3,1.0,2014,"1.8,1.5,1.2",2018,"5.6000000000000005,5.3,5.0",2023-12-18 15:56:48
5364948,The Fund For Peace,Fragile State Index,P2: Public Services,2023,104,122,3,1.0,2014,"2.2,1.9,1.6",2018,"7.8,7.5,7.2",2023-12-19 00:08:13
4956378,The Fund For Peace,Fragile State Index,P1: State Legitimacy,2023,104,122,3,1.0,2014,"1.8,1.5,1.2",2017,"5.9,5.6000000000000005,5.3",2023-12-18 15:56:48
5364947,The Fund For Peace,Fragile State Index,P2: Public Services,2023,104,122,3,1.0,2014,"2.2,1.9,1.6",2017,"8.1,7.8,7.5",2023-12-19 00:08:13
4955935,The Fund For Peace,Fragile State Index,P1: State Legitimacy,2023,104,48,3,1.0,2014,"1.8,1.5,1.2",2009,"7.9,7.7,7.5",2023-12-18 15:56:23
5364475,The Fund For Peace,Fragile State Index,P2: Public Services,2023,104,48,3,1.0,2014,"2.2,1.9,1.6",2009,"6.0,5.8,5.6",2023-12-19 00:07:20
4955585,The Fund For Peace,Fragile State Index,P1: State Legitimacy,2023,104,34,3,1.0,2014,"1.8,1.5,1.2",2017,"4.5,4.2,3.9",2023-12-18 15:56:02
5364098,The Fund For Peace,Fragile State Index,P2: Public Services,2023,104,34,3,1.0,2014,"2.2,1.9,1.6",2017,"4.4,4.1000000000000005,3.8",2023-12-19 00:06:38
4955586,The Fund For Peace,Fragile State Index,P1: State Legitimacy,2023,104,34,3,1.0,2014,"1.8,1.5,1.2",2018,"4.2,3.9,3.6",2023-12-18 15:56:02
5364099,The Fund For Peace,Fragile State Index,P2: Public Services,2023,104,34,3,1.0,2014,"2.2,1.9,1.6",2018,"4.1000000000000005,3.8,3.5",2023-12-19 00:06:38
3468274,The Fund For Peace,Fragile State Index,E2: Economic Inequality,2023,104,134,3,1.0,2006,"3.0,2.9,3.0",2019,"2.0,1.7,2.0",2023-12-16 18:10:39
4490709,The Fund For Peace,Fragile State Index,E3: Human Flight and Brain Drain,2023,104,134,3,1.0,2006,"2.0,2.1,2.0",2019,"3.7,3.824204610299546,3.7",2023-12-18 07:19:39
4955635,The Fund For Peace,Fragile State Index,P1: State Legitimacy,2023,104,56,3,1.0,2014,"1.8,1.5,1.2",2014,"5.6,5.3,5.0",2023-12-18 15:56:05
5364144,The Fund For Peace,Fragile State Index,P2: Public Services,2023,104,56,3,1.0,2014,"2.2,1.9,1.6",2014,"3.3,3.0,2.7",2023-12-19 00:06:44
4490672,The Fund For Peace,Fragile State Index,E3: Human Flight and Brain Drain,2023,104,66,3,1.0,2006,"2.0,2.1,2.0",2010,"7.1,7.4,7.1",2023-12-18 07:19:37
7092174,The Fund For Peace,Fragile State Index,X1: External Intervention,2023,104,66,3,1.0,2006,"1.0,1.5,1.5",2010,"8.1,8.5,8.5",2023-12-20 12:37:47
4956134,The Fund For Peace,Fragile State Index,P1: State Legitimacy,2023,104,25,3,1.0,2014,"1.8,1.5,1.2",2018,"4.0,3.7,3.4000000000000004",2023-12-18 15:56:34
5364724,The Fund For Peace,Fragile State Index,P2: Public Services,2023,104,25,3,1.0,2014,"2.2,1.9,1.6",2018,"5.8,5.5,5.2",2023-12-19 00:07:49
4955886,The Fund For Peace,Fragile State Index,P1: State Legitimacy,2023,104,67,3,1.0,2014,"1.8,1.5,1.2",2017,"2.7,2.4000000000000004,2.1",2023-12-18 15:56:20
5364414,The Fund For Peace,Fragile State Index,P2: Public Services,2023,104,67,3,1.0,2014,"2.2,1.9,1.6",2017,"2.9,2.6,2.3",2023-12-19 00:07:13
4955956,The Fund For Peace,Fragile State Index,P1: State Legitimacy,2023,104,101,3,1.0,2014,"1.8,1.5,1.2",2017,"5.1,4.8,4.5",2023-12-18 15:56:24
5364501,The Fund For Peace,Fragile State Index,P2: Public Services,2023,104,101,3,1.0,2014,"2.2,1.9,1.6",2017,"5.9,5.6000000000000005,5.3",2023-12-19 00:07:24
4956274,The Fund For Peace,Fragile State Index,P1: State Legitimacy,2023,104,145,3,1.0,2014,"1.8,1.5,1.2",2009,"4.7,4.5,4.3",2023-12-18 15:56:42
5364847,The Fund For Peace,Fragile State Index,P2: Public Services,2023,104,145,3,1.0,2014,"2.2,1.9,1.6",2009,"4.0,3.8,3.6",2023-12-19 00:08:03
4956215,The Fund For Peace,Fragile State Index,P1: State Legitimacy,2023,104,22,3,1.0,2014,"1.8,1.5,1.2",2017,"5.2,4.9,4.6",2023-12-18 15:56:38
5364802,The Fund For Peace,Fragile State Index,P2: Public Services,2023,104,22,3,1.0,2014,"2.2,1.9,1.6",2017,"5.9,5.6000000000000005,5.3",2023-12-19 00:07:57
3468291,The Fund For Peace,Fragile State Index,E2: Economic Inequality,2023,104,122,3,1.0,2006,"3.0,2.9,3.0",2017,"8.1,7.8,8.1",2023-12-16 18:10:39
4490728,The Fund For Peace,Fragile State Index,E3: Human Flight and Brain Drain,2023,104,122,3,1.0,2006,"2.0,2.1,2.0",2017,"8.0,8.286126448523195,8.0",2023-12-18 07:19:40
3468243,The Fund For Peace,Fragile State Index,E2: Economic Inequality,2023,104,197,3,1.0,2006,"3.0,2.9,3.0",2021,"4.3,4.2,4.3",2023-12-16 18:10:37
7092165,The Fund For Peace,Fragile State Index,X1: External Intervention,2023,104,197,3,1.0,2006,"1.0,1.5,1.5",2021,"7.0,7.1,7.1",2023-12-20 12:37:47
4956264,The Fund For Peace,Fragile State Index,P1: State Legitimacy,2023,104,198,3,1.0,2014,"1.8,1.5,1.2",2017,"5.5,5.2,4.9",2023-12-18 15:56:41
5364831,The Fund For Peace,Fragile State Index,P2: Public Services,2023,104,198,3,1.0,2014,"2.2,1.9,1.6",2017,"2.7,2.4000000000000004,2.1",2023-12-19 00:08:01
4956216,The Fund For Peace,Fragile State Index,P1: State Legitimacy,2023,104,22,3,1.0,2014,"1.8,1.5,1.2",2018,"4.9,4.6,4.3",2023-12-18 15:56:38
5364803,The Fund For Peace,Fragile State Index,P2: Public Services,2023,104,22,3,1.0,2014,"2.2,1.9,1.6",2018,"5.6000000000000005,5.3,5.0",2023-12-19 00:07:57
3468122,The Fund For Peace,Fragile State Index,E2: Economic Inequality,2023,104,144,3,1.0,2006,"3.0,2.9,3.0",2021,"5.2,5.1,5.2",2023-12-16 18:10:27
4490550,The Fund For Peace,Fragile State Index,E3: Human Flight and Brain Drain,2023,104,144,3,1.0,2006,"2.0,2.1,2.0",2021,"4.2,4.3,4.2",2023-12-18 07:19:29
4956281,The Fund For Peace,Fragile State Index,P1: State Legitimacy,2023,104,127,3,1.0,2014,"1.8,1.5,1.2",2011,"2.5,2.2,1.9",2023-12-18 15:56:42
5364854,The Fund For Peace,Fragile State Index,P2: Public Services,2023,104,127,3,1.0,2014,"2.2,1.9,1.6",2011,"1.9,1.6,1.3",2023-12-19 00:08:04
4955887,The Fund For Peace,Fragile State Index,P1: State Legitimacy,2023,104,67,3,1.0,2014,"1.8,1.5,1.2",2018,"2.4000000000000004,2.1,1.8",2023-12-18 15:56:20
5364415,The Fund For Peace,Fragile State Index,P2: Public Services,2023,104,67,3,1.0,2014,"2.2,1.9,1.6",2018,"2.6,2.3,2.0",2023-12-19 00:07:13
4956181,The Fund For Peace,Fragile State Index,P1: State Legitimacy,2023,104,226,3,1.0,2014,"1.8,1.5,1.2",2014,"5.3,5.0,4.7",2023-12-18 15:56:36
5364792,The Fund For Peace,Fragile State Index,P2: Public Services,2023,104,226,3,1.0,2014,"2.2,1.9,1.6",2014,"5.1,4.8,4.5",2023-12-19 00:07:56
4956102,The Fund For Peace,Fragile State Index,P1: State Legitimacy,2023,104,26,3,1.0,2014,"1.8,1.5,1.2",2021,"7.0,6.7,6.4",2023-12-18 15:56:32
5364670,The Fund For Peace,Fragile State Index,P2: Public Services,2023,104,26,3,1.0,2014,"2.2,1.9,1.6",2021,"6.9,6.6,6.3",2023-12-19 00:07:43
4956113,The Fund For Peace,Fragile State Index,P1: State Legitimacy,2023,104,62,3,1.0,2014,"1.8,1.5,1.2",2012,"7.5,7.2,6.9",2023-12-18 15:56:33
5364676,The Fund For Peace,Fragile State Index,P2: Public Services,2023,104,62,3,1.0,2014,"2.2,1.9,1.6",2012,"7.2,6.9,6.6",2023-12-19 00:07:44
4955741,The Fund For Peace,Fragile State Index,P1: State Legitimacy,2023,104,110,3,1.0,2014,"1.8,1.5,1.2",2014,"2.0,1.7,1.4",2023-12-18 15:56:12
5364264,The Fund For Peace,Fragile State Index,P2: Public Services,2023,104,110,3,1.0,2014,"2.2,1.9,1.6",2014,"2.4,2.1,1.8",2023-12-19 00:06:55
4955697,The Fund For Peace,Fragile State Index,P1: State Legitimacy,2023,104,172,3,1.0,2014,"1.8,1.5,1.2",2018,"7.1,6.8,6.5",2023-12-18 15:56:09
5364208,The Fund For Peace,Fragile State Index,P2: Public Services,2023,104,172,3,1.0,2014,"2.2,1.9,1.6",2018,"5.9,5.6,5.3",2023-12-19 00:06:51
4955655,The Fund For Peace,Fragile State Index,P1: State Legitimacy,2023,104,64,3,1.0,2014,"1.8,1.5,1.2",2017,"4.8,4.5,4.2",2023-12-18 15:56:06
5364165,The Fund For Peace,Fragile State Index,P2: Public Services,2023,104,64,3,1.0,2014,"2.2,1.9,1.6",2017,"6.4,6.1000000000000005,5.8",2023-12-19 00:06:47
4955824,The Fund For Peace,Fragile State Index,P1: State Legitimacy,2023,104,138,3,1.0,2014,"1.8,1.5,1.2",2014,"3.8,3.5,3.2",2023-12-18 15:56:17
5364357,The Fund For Peace,Fragile State Index,P2: Public Services,2023,104,138,3,1.0,2014,"2.2,1.9,1.6",2014,"4.1,3.8,3.5",2023-12-19 00:07:06
4956307,The Fund For Peace,Fragile State Index,P1: State Legitimacy,2023,104,72,3,1.0,2014,"1.8,1.5,1.2",2018,"6.6000000000000005,6.3,6.0",2023-12-18 15:56:44
5364889,The Fund For Peace,Fragile State Index,P2: Public Services,2023,104,72,3,1.0,2014,"2.2,1.9,1.6",2018,"4.7,4.4,4.1000000000000005",2023-12-19 00:08:07
4956235,The Fund For Peace,Fragile State Index,P1: State Legitimacy,2023,104,192,3,1.0,2014,"1.8,1.5,1.2",2017,"5.5,5.2,4.9",2023-12-18 15:56:39
5364810,The Fund For Peace,Fragile State Index,P2: Public Services,2023,104,192,3,1.0,2014,"2.2,1.9,1.6",2017,"4.9,4.6000000000000005,4.3",2023-12-19 00:07:58
3468279,The Fund For Peace,Fragile State Index,E2: Economic Inequality,2023,104,180,3,1.0,2006,"3.0,2.9,3.0",2017,"8.1,7.8,8.1",2023-12-16 18:10:39
4490713,The Fund For Peace,Fragile State Index,E3: Human Flight and Brain Drain,2023,104,180,3,1.0,2006,"2.0,2.1,2.0",2017,"7.4,7.7,7.4",2023-12-18 07:19:39
4955666,The Fund For Peace,Fragile State Index,P1: State Legitimacy,2023,104,163,3,1.0,2014,"1.8,1.5,1.2",2021,"5.1,4.8,4.5",2023-12-18 15:56:07
5364172,The Fund For Peace,Fragile State Index,P2: Public Services,2023,104,163,3,1.0,2014,"2.2,1.9,1.6",2021,"4.8,4.5,4.2",2023-12-19 00:06:47
4956306,The Fund For Peace,Fragile State Index,P1: State Legitimacy,2023,104,72,3,1.0,2014,"1.8,1.5,1.2",2017,"6.9,6.6000000000000005,6.3",2023-12-18 15:56:44
5364888,The Fund For Peace,Fragile State Index,P2: Public Services,2023,104,72,3,1.0,2014,"2.2,1.9,1.6",2017,"5.0,4.7,4.4",2023-12-19 00:08:07
4955726,The Fund For Peace,Fragile State Index,P1: State Legitimacy,2023,104,202,3,1.0,2014,"1.8,1.5,1.2",2013,"4.3,4.0,3.7",2023-12-18 15:56:11
5364250,The Fund For Peace,Fragile State Index,P2: Public Services,2023,104,202,3,1.0,2014,"2.2,1.9,1.6",2013,"3.5,3.2,2.9",2023-12-19 00:06:54
4955729,The Fund For Peace,Fragile State Index,P1: State Legitimacy,2023,104,202,3,1.0,2014,"1.8,1.5,1.2",2021,"3.8,3.5,3.2",2023-12-18 15:56:11
5364255,The Fund For Peace,Fragile State Index,P2: Public Services,2023,104,202,3,1.0,2014,"2.2,1.9,1.6",2021,"3.2,2.9,2.6",2023-12-19 00:06:54
4956219,The Fund For Peace,Fragile State Index,P1: State Legitimacy,2023,104,22,3,1.0,2014,"1.8,1.5,1.2",2021,"4.0,3.7,3.4",2023-12-18 15:56:39
5364804,The Fund For Peace,Fragile State Index,P2: Public Services,2023,104,22,3,1.0,2014,"2.2,1.9,1.6",2021,"6.0,5.7,5.4",2023-12-19 00:07:58
4955947,The Fund For Peace,Fragile State Index,P1: State Legitimacy,2023,104,35,3,1.0,2014,"1.8,1.5,1.2",2017,"7.1,6.8,6.5",2023-12-18 15:56:24
5364488,The Fund For Peace,Fragile State Index,P2: Public Services,2023,104,35,3,1.0,2014,"2.2,1.9,1.6",2017,"8.7,8.399999999999999,8.1",2023-12-19 00:07:22
4955799,The Fund For Peace,Fragile State Index,P1: State Legitimacy,2023,104,126,3,1.0,2014,"1.8,1.5,1.2",2017,"2.7,2.4000000000000004,2.1",2023-12-18 15:56:15
5364335,The Fund For Peace,Fragile State Index,P2: Public Services,2023,104,126,3,1.0,2014,"2.2,1.9,1.6",2017,"3.5,3.2,2.9",2023-12-19 00:07:02
3468179,The Fund For Peace,Fragile State Index,E2: Economic Inequality,2023,104,67,3,1.0,2006,"3.0,2.9,3.0",2019,"2.6,2.3000000000000003,2.6",2023-12-16 18:10:32
4490616,The Fund For Peace,Fragile State Index,E3: Human Flight and Brain Drain,2023,104,67,3,1.0,2006,"2.0,2.1,2.0",2019,"4.3,4.6,4.3",2023-12-18 07:19:33
4956041,The Fund For Peace,Fragile State Index,P1: State Legitimacy,2023,104,199,3,1.0,2014,"1.8,1.5,1.2",2018,"6.6000000000000005,6.3,6.0",2023-12-18 15:56:29
5364575,The Fund For Peace,Fragile State Index,P2: Public Services,2023,104,199,3,1.0,2014,"2.2,1.9,1.6",2018,"9.1,8.8,8.5",2023-12-19 00:07:32
4956226,The Fund For Peace,Fragile State Index,P1: State Legitimacy,2023,104,213,3,1.0,2014,"1.8,1.5,1.2",2017,"5.0,4.7,4.4",2023-12-18 15:56:39
5364806,The Fund For Peace,Fragile State Index,P2: Public Services,2023,104,213,3,1.0,2014,"2.2,1.9,1.6",2017,"5.6,5.3,5.0",2023-12-19 00:07:58
4955712,The Fund For Peace,Fragile State Index,P1: State Legitimacy,2023,104,120,3,1.0,2014,"1.8,1.5,1.2",2014,"4.2,3.9,3.6",2023-12-18 15:56:10
5364238,The Fund For Peace,Fragile State Index,P2: Public Services,2023,104,120,3,1.0,2014,"2.2,1.9,1.6",2014,"3.7,3.4,3.1",2023-12-19 00:06:53
4955684,The Fund For Peace,Fragile State Index,P1: State Legitimacy,2023,104,140,3,1.0,2014,"1.8,1.5,1.2",2017,"6.5,6.2,5.9",2023-12-18 15:56:09
5364198,The Fund For Peace,Fragile State Index,P2: Public Services,2023,104,140,3,1.0,2014,"2.2,1.9,1.6",2017,"6.8,6.5,6.2",2023-12-19 00:06:50
4955847,The Fund For Peace,Fragile State Index,P1: State Legitimacy,2023,104,10,3,1.0,2014,"1.8,1.5,1.2",2021,"4.0,3.7,3.4",2023-12-18 15:56:18
5364381,The Fund For Peace,Fragile State Index,P2: Public Services,2023,104,10,3,1.0,2014,"2.2,1.9,1.6",2021,"4.8,4.5,4.2",2023-12-19 00:07:09
4956241,The Fund For Peace,Fragile State Index,P1: State Legitimacy,2023,104,141,3,1.0,2014,"1.8,1.5,1.2",2017,"5.5,5.2,4.9",2023-12-18 15:56:40
5364817,The Fund For Peace,Fragile State Index,P2: Public Services,2023,104,141,3,1.0,2014,"2.2,1.9,1.6",2017,"6.0,5.7,5.4",2023-12-19 00:07:59
4956176,The Fund For Peace,Fragile State Index,P1: State Legitimacy,2023,104,9,3,1.0,2014,"1.8,1.5,1.2",2021,"4.2,3.9,3.6",2023-12-18 15:56:36
5364787,The Fund For Peace,Fragile State Index,P2: Public Services,2023,104,9,3,1.0,2014,"2.2,1.9,1.6",2021,"4.4,4.1,3.8",2023-12-19 00:07:56
4955951,The Fund For Peace,Fragile State Index,P1: State Legitimacy,2023,104,63,3,1.0,2014,"1.8,1.5,1.2",2014,"9.0,8.7,8.4",2023-12-18 15:56:24
5364491,The Fund For Peace,Fragile State Index,P2: Public Services,2023,104,63,3,1.0,2014,"2.2,1.9,1.6",2014,"5.7,5.4,5.1",2023-12-19 00:07:22
4955605,The Fund For Peace,Fragile State Index,P1: State Legitimacy,2023,104,82,3,1.0,2014,"1.8,1.5,1.2",2018,"3.9,3.6,3.3000000000000003",2023-12-18 15:56:03
5364112,The Fund For Peace,Fragile State Index,P2: Public Services,2023,104,82,3,1.0,2014,"2.2,1.9,1.6",2018,"7.5,7.2,6.9",2023-12-19 00:06:40
4956086,The Fund For Peace,Fragile State Index,P1: State Legitimacy,2023,104,173,3,1.0,2014,"1.8,1.5,1.2",2017,"7.2,6.9,6.6",2023-12-18 15:56:31
5364647,The Fund For Peace,Fragile State Index,P2: Public Services,2023,104,173,3,1.0,2014,"2.2,1.9,1.6",2017,"6.7,6.4,6.1",2023-12-19 00:07:40
4956338,The Fund For Peace,Fragile State Index,P1: State Legitimacy,2023,104,194,3,1.0,2014,"1.8,1.5,1.2",2017,"5.6,5.3,5.0",2023-12-18 15:56:46
5364914,The Fund For Peace,Fragile State Index,P2: Public Services,2023,104,194,3,1.0,2014,"2.2,1.9,1.6",2017,"5.9,5.6000000000000005,5.3",2023-12-19 00:08:09
4955604,The Fund For Peace,Fragile State Index,P1: State Legitimacy,2023,104,82,3,1.0,2014,"1.8,1.5,1.2",2017,"4.2,3.9,3.6",2023-12-18 15:56:03
5364111,The Fund For Peace,Fragile State Index,P2: Public Services,2023,104,82,3,1.0,2014,"2.2,1.9,1.6",2017,"7.8,7.5,7.2",2023-12-19 00:06:40
4956080,The Fund For Peace,Fragile State Index,P1: State Legitimacy,2023,104,169,3,1.0,2014,"1.8,1.5,1.2",2011,"7.3,7.0,6.7",2023-12-18 15:56:31
5364637,The Fund For Peace,Fragile State Index,P2: Public Services,2023,104,169,3,1.0,2014,"2.2,1.9,1.6",2011,"6.5,6.2,5.9",2023-12-19 00:07:39
4956083,The Fund For Peace,Fragile State Index,P1: State Legitimacy,2023,104,169,3,1.0,2014,"1.8,1.5,1.2",2018,"6.5,6.2,5.9",2023-12-18 15:56:31
5364644,The Fund For Peace,Fragile State Index,P2: Public Services,2023,104,169,3,1.0,2014,"2.2,1.9,1.6",2018,"4.5,4.2,3.9",2023-12-19 00:07:40
4956155,The Fund For Peace,Fragile State Index,P1: State Legitimacy,2023,104,61,3,1.0,2014,"1.8,1.5,1.2",2021,"6.0,5.7,5.4",2023-12-18 15:56:35
5364763,The Fund For Peace,Fragile State Index,P2: Public Services,2023,104,61,3,1.0,2014,"2.2,1.9,1.6",2021,"7.0,6.7,6.4",2023-12-19 00:07:53
4956252,The Fund For Peace,Fragile State Index,P1: State Legitimacy,2023,104,86,3,1.0,2014,"1.8,1.5,1.2",2016,"5.6,5.4,5.2",2023-12-18 15:56:40
5364824,The Fund For Peace,Fragile State Index,P2: Public Services,2023,104,86,3,1.0,2014,"2.2,1.9,1.6",2016,"4.0,3.8,3.6",2023-12-19 00:08:00
4955969,The Fund For Peace,Fragile State Index,P1: State Legitimacy,2023,104,118,3,1.0,2014,"1.8,1.5,1.2",2017,"7.7,7.4,7.1",2023-12-18 15:56:25
5364510,The Fund For Peace,Fragile State Index,P2: Public Services,2023,104,118,3,1.0,2014,"2.2,1.9,1.6",2017,"5.1,4.8,4.5",2023-12-19 00:07:25
4955652,The Fund For Peace,Fragile State Index,P1: State Legitimacy,2023,104,64,3,1.0,2014,"1.8,1.5,1.2",2012,"6.2,5.9,5.6",2023-12-18 15:56:06
5364162,The Fund For Peace,Fragile State Index,P2: Public Services,2023,104,64,3,1.0,2014,"2.2,1.9,1.6",2012,"6.6,6.5,6.4",2023-12-19 00:06:46
4955762,The Fund For Peace,Fragile State Index,P1: State Legitimacy,2023,104,44,3,1.0,2014,"1.8,1.5,1.2",2017,"3.3,3.0,2.7",2023-12-18 15:56:13
5364281,The Fund For Peace,Fragile State Index,P2: Public Services,2023,104,44,3,1.0,2014,"2.2,1.9,1.6",2017,"4.0,3.7,3.4",2023-12-19 00:06:56
4956184,The Fund For Peace,Fragile State Index,P1: State Legitimacy,2023,104,226,3,1.0,2014,"1.8,1.5,1.2",2017,"4.5,4.2,3.9",2023-12-18 15:56:37
5364795,The Fund For Peace,Fragile State Index,P2: Public Services,2023,104,226,3,1.0,2014,"2.2,1.9,1.6",2017,"4.3,4.0,3.7",2023-12-19 00:07:57
4956227,The Fund For Peace,Fragile State Index,P1: State Legitimacy,2023,104,213,3,1.0,2014,"1.8,1.5,1.2",2018,"4.7,4.4,4.1000000000000005",2023-12-18 15:56:39
5364807,The Fund For Peace,Fragile State Index,P2: Public Services,2023,104,213,3,1.0,2014,"2.2,1.9,1.6",2018,"5.3,5.0,4.7",2023-12-19 00:07:58
4955591,The Fund For Peace,Fragile State Index,P1: State Legitimacy,2023,104,53,3,1.0,2014,"1.8,1.5,1.2",2014,"3.7,3.4,3.1",2023-12-18 15:56:02
5364104,The Fund For Peace,Fragile State Index,P2: Public Services,2023,104,53,3,1.0,2014,"2.2,1.9,1.6",2014,"3.2,2.9,2.6",2023-12-19 00:06:39
4955573,The Fund For Peace,Fragile State Index,P1: State Legitimacy,2023,104,2,3,1.0,2014,"1.8,1.5,1.2",2014,"6.5,6.2,5.9",2023-12-18 15:56:01
5364088,The Fund For Peace,Fragile State Index,P2: Public Services,2023,104,2,3,1.0,2014,"2.2,1.9,1.6",2014,"4.8,4.5,4.2",2023-12-19 00:06:37
4956133,The Fund For Peace,Fragile State Index,P1: State Legitimacy,2023,104,25,3,1.0,2014,"1.8,1.5,1.2",2017,"4.3,4.0,3.7",2023-12-18 15:56:34
5364723,The Fund For Peace,Fragile State Index,P2: Public Services,2023,104,25,3,1.0,2014,"2.2,1.9,1.6",2017,"6.1,5.8,5.5",2023-12-19 00:07:49
4956365,The Fund For Peace,Fragile State Index,P1: State Legitimacy,2023,104,37,3,1.0,2014,"1.8,1.5,1.2",2018,"5.0,4.7,4.4",2023-12-18 15:56:47
5364938,The Fund For Peace,Fragile State Index,P2: Public Services,2023,104,37,3,1.0,2014,"2.2,1.9,1.6",2018,"5.7,5.4,5.1000000000000005",2023-12-19 00:08:12
4490647,The Fund For Peace,Fragile State Index,E3: Human Flight and Brain Drain,2023,104,123,3,1.0,2006,"2.0,2.1,2.0",2010,"6.7,7.0,6.7",2023-12-18 07:19:35
7092120,The Fund For Peace,Fragile State Index,X1: External Intervention,2023,104,123,3,1.0,2006,"1.0,1.5,1.5",2010,"8.9,9.3,9.3",2023-12-20 12:37:44
4955685,The Fund For Peace,Fragile State Index,P1: State Legitimacy,2023,104,140,3,1.0,2014,"1.8,1.5,1.2",2018,"6.2,5.9,5.6000000000000005",2023-12-18 15:56:09
5364199,The Fund For Peace,Fragile State Index,P2: Public Services,2023,104,140,3,1.0,2014,"2.2,1.9,1.6",2018,"6.5,6.2,5.9",2023-12-19 00:06:50
4956329,The Fund For Peace,Fragile State Index,P1: State Legitimacy,2023,104,222,3,1.0,2014,"1.8,1.5,1.2",2018,"6.4,6.1,5.8",2023-12-18 15:56:45
5364900,The Fund For Peace,Fragile State Index,P2: Public Services,2023,104,222,3,1.0,2014,"2.2,1.9,1.6",2018,"8.2,7.9,7.6",2023-12-19 00:08:08
3468236,The Fund For Peace,Fragile State Index,E2: Economic Inequality,2023,104,6,3,1.0,2006,"3.0,2.9,3.0",2010,"9.1,8.8,9.1",2023-12-16 18:10:36
4490664,The Fund For Peace,Fragile State Index,E3: Human Flight and Brain Drain,2023,104,6,3,1.0,2006,"2.0,2.1,2.0",2010,"5.6,5.9,5.6",2023-12-18 07:19:36
4955631,The Fund For Peace,Fragile State Index,P1: State Legitimacy,2023,104,100,3,1.0,2014,"1.8,1.5,1.2",2017,"4.7,4.4,4.1",2023-12-18 15:56:04
5364138,The Fund For Peace,Fragile State Index,P2: Public Services,2023,104,100,3,1.0,2014,"2.2,1.9,1.6",2017,"7.4,7.1000000000000005,6.8",2023-12-19 00:06:44
4956364,The Fund For Peace,Fragile State Index,P1: State Legitimacy,2023,104,37,3,1.0,2014,"1.8,1.5,1.2",2017,"5.3,5.0,4.7",2023-12-18 15:56:47
5364937,The Fund For Peace,Fragile State Index,P2: Public Services,2023,104,37,3,1.0,2014,"2.2,1.9,1.6",2017,"6.0,5.7,5.4",2023-12-19 00:08:12
489597,The Fund For Peace,Fragile State Index,Total,2023,104,80,3,0.99997,2015,"24.6,22.5,22.3",2014,"82.7,79.2,78.9",2023-12-13 12:18:08
2883343,The Fund For Peace,Fragile State Index,E1: Economy,2023,104,80,3,1.0,2015,"4.1,3.6,3.4",2014,"6.3,5.8,5.6",2023-12-16 07:18:21
4955916,The Fund For Peace,Fragile State Index,P1: State Legitimacy,2023,104,183,3,0.99937,2014,"1.8,1.5,1.2",2017,"7.1,6.959216730899766,6.8",2023-12-18 15:56:22
5364458,The Fund For Peace,Fragile State Index,P2: Public Services,2023,104,183,3,1.0,2014,"2.2,1.9,1.6",2017,"7.4,7.1000000000000005,6.8",2023-12-19 00:07:18
489070,The Fund For Peace,Fragile State Index,Total,2023,104,13,3,0.99992,2015,"24.6,22.5,22.3",2015,"24.3,22.5,22.3",2023-12-13 12:17:36
2883063,The Fund For Peace,Fragile State Index,E1: Economy,2023,104,13,3,0.99926,2015,"4.1,3.6,3.4",2015,"2.1,1.8,1.7",2023-12-16 07:18:05
4956148,The Fund For Peace,Fragile State Index,P1: State Legitimacy,2023,104,92,3,1.0,2014,"1.8,1.5,1.2",2018,"9.2,8.9,8.6",2023-12-18 15:56:34
5364742,The Fund For Peace,Fragile State Index,P2: Public Services,2023,104,92,3,0.99914,2014,"2.2,1.9,1.6",2018,"9.159794208749105,8.9,8.6",2023-12-19 00:07:51
4955830,The Fund For Peace,Fragile State Index,P1: State Legitimacy,2023,104,57,3,1.0,2014,"1.8,1.5,1.2",2018,"5.0,4.7,4.4",2023-12-18 15:56:17
5364367,The Fund For Peace,Fragile State Index,P2: Public Services,2023,104,57,3,0.99903,2014,"2.2,1.9,1.6",2018,"2.3000000000000003,2.0,1.74262486368676",2023-12-19 00:07:07
4956350,The Fund For Peace,Fragile State Index,P1: State Legitimacy,2023,104,129,3,0.99908,2014,"1.8,1.5,1.2",2018,"6.8,6.5,6.24142287084925",2023-12-18 15:56:46
5364922,The Fund For Peace,Fragile State Index,P2: Public Services,2023,104,129,3,0.99976,2014,"2.2,1.9,1.6",2018,"8.87784915324177,8.6,8.299999999999999",2023-12-19 00:08:10
489064,The Fund For Peace,Fragile State Index,Total,2023,104,165,3,0.99988,2015,"24.6,22.5,22.3",2017,"20.5,18.25872156828166,18.0",2023-12-13 12:17:36
2883057,The Fund For Peace,Fragile State Index,E1: Economy,2023,104,165,3,0.99863,2015,"4.1,3.6,3.4",2017,"2.2,2.0,1.9",2023-12-16 07:18:05
4956074,The Fund For Peace,Fragile State Index,P1: State Legitimacy,2023,104,121,3,0.99951,2014,"1.8,1.5,1.2",2017,"7.6,7.336455805045465,7.1",2023-12-18 15:56:31
5364627,The Fund For Peace,Fragile State Index,P2: Public Services,2023,104,121,3,0.9989,2014,"2.2,1.9,1.6",2017,"5.7,5.424362451249612,5.1",2023-12-19 00:07:38
4956349,The Fund For Peace,Fragile State Index,P1: State Legitimacy,2023,104,129,3,1.0,2014,"1.8,1.5,1.2",2017,"7.1,6.8,6.5",2023-12-18 15:56:46
5364921,The Fund For Peace,Fragile State Index,P2: Public Services,2023,104,129,3,0.99794,2014,"2.2,1.9,1.6",2017,"9.1,8.87784915324177,8.6",2023-12-19 00:08:10
4955895,The Fund For Peace,Fragile State Index,P1: State Legitimacy,2023,104,112,3,0.99991,2014,"1.8,1.5,1.2",2017,"6.3,6.146483523828889,6.0",2023-12-18 15:56:21
5364424,The Fund For Peace,Fragile State Index,P2: Public Services,2023,104,112,3,0.99736,2014,"2.2,1.9,1.6",2017,"4.2,3.9378078070615383,3.6",2023-12-19 00:07:14
489014,The Fund For Peace,Fragile State Index,Total,2023,104,58,3,0.99856,2015,"24.6,22.5,22.3",2017,"21.5,19.785177227543933,19.5",2023-12-13 12:17:33
2883025,The Fund For Peace,Fragile State Index,E1: Economy,2023,104,58,3,0.99855,2015,"4.1,3.6,3.4",2017,"2.0,1.7338601032315033,1.6",2023-12-16 07:18:03
4955957,The Fund For Peace,Fragile State Index,P1: State Legitimacy,2023,104,101,3,1.0,2014,"1.8,1.5,1.2",2018,"4.8,4.5,4.2",2023-12-18 15:56:24
5364502,The Fund For Peace,Fragile State Index,P2: Public Services,2023,104,101,3,0.99704,2014,"2.2,1.9,1.6",2018,"5.6000000000000005,5.3,5.0706936190298215",2023-12-19 00:07:24
489769,The Fund For Peace,Fragile State Index,Total,2023,104,219,3,0.99777,2015,"24.6,22.5,22.3",2019,"77.7,75.50515391672525,75.1",2023-12-13 12:18:19
2883430,The Fund For Peace,Fragile State Index,E1: Economy,2023,104,219,3,0.99926,2015,"4.1,3.6,3.4",2019,"6.7,6.4,6.3",2023-12-16 07:18:26
4955800,The Fund For Peace,Fragile State Index,P1: State Legitimacy,2023,104,126,3,1.0,2014,"1.8,1.5,1.2",2018,"2.4000000000000004,2.1,1.8",2023-12-18 15:56:15
5364336,The Fund For Peace,Fragile State Index,P2: Public Services,2023,104,126,3,0.99678,2014,"2.2,1.9,1.6",2018,"3.2,2.9,2.673346930143076",2023-12-19 00:07:02
4955807,The Fund For Peace,Fragile State Index,P1: State Legitimacy,2023,104,52,3,1.0,2014,"1.8,1.5,1.2",2014,"3.2,2.9,2.6",2023-12-18 15:56:16
5364337,The Fund For Peace,Fragile State Index,P2: Public Services,2023,104,52,3,0.99662,2014,"2.2,1.9,1.6",2014,"4.8,4.5,4.1",2023-12-19 00:07:02
4956126,The Fund For Peace,Fragile State Index,P1: State Legitimacy,2023,104,25,3,1.0,2014,"1.8,1.5,1.2",2010,"6.9,6.6,6.3",2023-12-18 15:56:33
5364720,The Fund For Peace,Fragile State Index,P2: Public Services,2023,104,25,3,0.99662,2014,"2.2,1.9,1.6",2010,"7.3,6.9,6.6",2023-12-19 00:07:48
489839,The Fund For Peace,Fragile State Index,Total,2023,104,61,3,0.9979,2015,"24.6,22.5,22.3",2014,"73.4,71.2,70.8",2023-12-13 12:18:23
2883476,The Fund For Peace,Fragile State Index,E1: Economy,2023,104,61,3,0.99863,2015,"4.1,3.6,3.4",2014,"5.5,5.3,5.2",2023-12-16 07:18:29
4955758,The Fund For Peace,Fragile State Index,P1: State Legitimacy,2023,104,21,3,1.0,2014,"1.8,1.5,1.2",2018,"1.7,1.4,1.1",2023-12-18 15:56:13
5364277,The Fund For Peace,Fragile State Index,P2: Public Services,2023,104,21,3,0.99639,2014,"2.2,1.9,1.6",2018,"2.0,1.7,1.4771279791120802",2023-12-19 00:06:55
489866,The Fund For Peace,Fragile State Index,Total,2023,104,89,3,0.99692,2015,"24.6,22.5,22.3",2007,"81.4,80.6,80.6",2023-12-13 12:18:25
2883487,The Fund For Peace,Fragile State Index,E1: Economy,2023,104,89,3,0.99926,2015,"4.1,3.6,3.4",2007,"7.0,6.7,6.6",2023-12-16 07:18:30
489264,The Fund For Peace,Fragile State Index,Total,2023,104,183,3,0.99692,2015,"24.6,22.5,22.3",2011,"91.0,89.3,89.3",2023-12-13 12:17:48
2883166,The Fund For Peace,Fragile State Index,E1: Economy,2023,104,183,3,0.99863,2015,"4.1,3.6,3.4",2011,"7.0,6.8,6.7",2023-12-16 07:18:11
4490563,The Fund For Peace,Fragile State Index,E3: Human Flight and Brain Drain,2023,104,233,3,1.0,2006,"2.0,2.1,2.0",2014,"5.4,5.5,5.4",2023-12-18 07:19:30
7092008,The Fund For Peace,Fragile State Index,X1: External Intervention,2023,104,233,3,0.99523,2006,"1.0,1.5,1.5",2014,"6.3,9.1,8.8",2023-12-20 12:37:39
4955896,The Fund For Peace,Fragile State Index,P1: State Legitimacy,2023,104,166,3,0.99929,2014,"1.8,1.5,1.2",2018,"7.1,7.0,6.9122379051207",2023-12-18 15:56:21
5364431,The Fund For Peace,Fragile State Index,P2: Public Services,2023,104,166,3,0.99577,2014,"2.2,1.9,1.6",2018,"3.2,2.9,2.682714517277864",2023-12-19 00:07:15
489618,The Fund For Peace,Fragile State Index,Total,2023,104,54,3,0.99997,2015,"24.6,22.5,22.3",2011,"76.6,73.1,72.8",2023-12-13 12:18:10
2883355,The Fund For Peace,Fragile State Index,E1: Economy,2023,104,54,3,0.99508,2015,"4.1,3.6,3.4",2011,"6.0,5.5,5.2",2023-12-16 07:18:22
488996,The Fund For Peace,Fragile State Index,Total,2023,104,110,3,0.99477,2015,"24.6,22.5,22.3",2012,"43.5,36.1,36.3",2023-12-13 12:17:32
2883011,The Fund For Peace,Fragile State Index,E1: Economy,2023,104,110,3,0.99926,2015,"4.1,3.6,3.4",2012,"4.0,3.7,3.6",2023-12-16 07:18:02
489023,The Fund For Peace,Fragile State Index,Total,2023,104,44,3,0.99378,2015,"24.6,22.5,22.3",2012,"43.5,42.3,42.0",2023-12-13 12:17:33
2883030,The Fund For Peace,Fragile State Index,E1: Economy,2023,104,44,3,1.0,2015,"4.1,3.6,3.4",2012,"4.6,4.1,3.9",2023-12-16 07:18:03
490035,The Fund For Peace,Fragile State Index,Total,2023,104,99,3,0.9945,2015,"24.6,22.5,22.3",2014,"25.9,23.4,22.8",2023-12-13 12:18:35
2883552,The Fund For Peace,Fragile State Index,E1: Economy,2023,104,99,3,0.99926,2015,"4.1,3.6,3.4",2014,"3.9,3.6,3.5",2023-12-16 07:18:33
4955612,The Fund For Peace,Fragile State Index,P1: State Legitimacy,2023,104,170,3,0.99752,2014,"1.8,1.5,1.2",2017,"3.2,3.031674531996406,2.9",2023-12-18 15:56:03
5364119,The Fund For Peace,Fragile State Index,P2: Public Services,2023,104,170,3,0.99619,2014,"2.2,1.9,1.6",2017,"4.8,4.56966850324787,4.4",2023-12-19 00:06:41
4955845,The Fund For Peace,Fragile State Index,P1: State Legitimacy,2023,104,10,3,1.0,2014,"1.8,1.5,1.2",2017,"4.8,4.5,4.2",2023-12-18 15:56:18
5364380,The Fund For Peace,Fragile State Index,P2: Public Services,2023,104,10,3,0.9934,2014,"2.2,1.9,1.6",2017,"3.8,3.5,3.3",2023-12-19 00:07:09
4956280,The Fund For Peace,Fragile State Index,P1: State Legitimacy,2023,104,127,3,0.9934,2014,"1.8,1.5,1.2",2010,"2.7,2.5,2.2",2023-12-18 15:56:42
5364853,The Fund For Peace,Fragile State Index,P2: Public Services,2023,104,127,3,1.0,2014,"2.2,1.9,1.6",2010,"2.2,1.9,1.6",2023-12-19 00:08:04
4955576,The Fund For Peace,Fragile State Index,P1: State Legitimacy,2023,104,2,3,0.9934,2014,"1.8,1.5,1.2",2021,"5.5,5.2,5.0",2023-12-18 15:56:01
5364092,The Fund For Peace,Fragile State Index,P2: Public Services,2023,104,2,3,1.0,2014,"2.2,1.9,1.6",2021,"4.4,4.1,3.8",2023-12-19 00:06:37
4956344,The Fund For Peace,Fragile State Index,P1: State Legitimacy,2023,104,49,3,0.9934,2014,"1.8,1.5,1.2",2010,"8.2,8.0,7.7",2023-12-18 15:56:46
5364916,The Fund For Peace,Fragile State Index,P2: Public Services,2023,104,49,3,1.0,2014,"2.2,1.9,1.6",2010,"8.5,8.2,7.9",2023-12-19 00:08:10
4955702,The Fund For Peace,Fragile State Index,P1: State Legitimacy,2023,104,11,3,1.0,2014,"1.8,1.5,1.2",2021,"6.9,6.6,6.3",2023-12-18 15:56:10
5364230,The Fund For Peace,Fragile State Index,P2: Public Services,2023,104,11,3,0.9934,2014,"2.2,1.9,1.6",2021,"3.9,3.6,3.4",2023-12-19 00:06:53
4955865,The Fund For Peace,Fragile State Index,P1: State Legitimacy,2023,104,203,3,1.0,2014,"1.8,1.5,1.2",2008,"3.2,3.0,2.8",2023-12-18 15:56:19
5364395,The Fund For Peace,Fragile State Index,P2: Public Services,2023,104,203,3,0.9934,2014,"2.2,1.9,1.6",2008,"3.5,3.2,3.0",2023-12-19 00:07:11
4955736,The Fund For Peace,Fragile State Index,P1: State Legitimacy,2023,104,153,3,0.9934,2014,"1.8,1.5,1.2",2016,"1.5,1.3,1.0",2023-12-18 15:56:12
5364262,The Fund For Peace,Fragile State Index,P2: Public Services,2023,104,153,3,1.0,2014,"2.2,1.9,1.6",2016,"1.2,1.0,0.7984181980249936",2023-12-19 00:06:54
4955994,The Fund For Peace,Fragile State Index,P1: State Legitimacy,2023,104,250,3,0.9934,2014,"1.8,1.5,1.2",2009,"9.8,9.6,9.3",2023-12-18 15:56:26
5364533,The Fund For Peace,Fragile State Index,P2: Public Services,2023,104,250,3,1.0,2014,"2.2,1.9,1.6",2009,"9.8,9.4,9.0",2023-12-19 00:07:27
4955627,The Fund For Peace,Fragile State Index,P1: State Legitimacy,2023,104,100,3,1.0,2014,"1.8,1.5,1.2",2011,"5.8,5.5,5.2",2023-12-18 15:56:04
5364136,The Fund For Peace,Fragile State Index,P2: Public Services,2023,104,100,3,0.9934,2014,"2.2,1.9,1.6",2011,"7.2,6.9,6.7",2023-12-19 00:06:43
4956279,The Fund For Peace,Fragile State Index,P1: State Legitimacy,2023,104,127,3,1.0,2014,"1.8,1.5,1.2",2009,"2.9,2.7,2.5",2023-12-18 15:56:42
5364852,The Fund For Peace,Fragile State Index,P2: Public Services,2023,104,127,3,0.9934,2014,"2.2,1.9,1.6",2009,"2.4,2.2,1.9",2023-12-19 00:08:04
4955578,The Fund For Peace,Fragile State Index,P1: State Legitimacy,2023,104,31,3,1.0,2014,"1.8,1.5,1.2",2010,"6.2,5.9,5.6",2023-12-18 15:56:01
5364094,The Fund For Peace,Fragile State Index,P2: Public Services,2023,104,31,3,0.9934,2014,"2.2,1.9,1.6",2010,"6.0,5.8,5.5",2023-12-19 00:06:38
4955789,The Fund For Peace,Fragile State Index,P1: State Legitimacy,2023,104,74,3,0.9934,2014,"1.8,1.5,1.2",2015,"1.8,1.5,1.3",2023-12-18 15:56:15
5364327,The Fund For Peace,Fragile State Index,P2: Public Services,2023,104,74,3,1.0,2014,"2.2,1.9,1.6",2015,"1.5,1.3,1.1",2023-12-19 00:07:01
4955838,The Fund For Peace,Fragile State Index,P1: State Legitimacy,2023,104,238,3,0.9934,2014,"1.8,1.5,1.2",2014,"1.6,1.4,1.1",2023-12-18 15:56:18
5364370,The Fund For Peace,Fragile State Index,P2: Public Services,2023,104,238,3,1.0,2014,"2.2,1.9,1.6",2014,"3.7,3.4,3.1",2023-12-19 00:07:07
4956361,The Fund For Peace,Fragile State Index,P1: State Legitimacy,2023,104,37,3,0.9934,2014,"1.8,1.5,1.2",2014,"6.0,5.7,5.5",2023-12-18 15:56:47
5364934,The Fund For Peace,Fragile State Index,P2: Public Services,2023,104,37,3,1.0,2014,"2.2,1.9,1.6",2014,"6.8,6.5,6.2",2023-12-19 00:08:11
4955788,The Fund For Peace,Fragile State Index,P1: State Legitimacy,2023,104,74,3,1.0,2014,"1.8,1.5,1.2",2014,"2.1,1.8,1.5",2023-12-18 15:56:15
5364326,The Fund For Peace,Fragile State Index,P2: Public Services,2023,104,74,3,0.9934,2014,"2.2,1.9,1.6",2014,"1.8,1.5,1.3",2023-12-19 00:07:01
4956141,The Fund For Peace,Fragile State Index,P1: State Legitimacy,2023,104,158,3,0.9934,2014,"1.8,1.5,1.2",2021,"7.1,6.8,6.6",2023-12-18 15:56:34
5364729,The Fund For Peace,Fragile State Index,P2: Public Services,2023,104,158,3,1.0,2014,"2.2,1.9,1.6",2021,"9.7,9.6,9.5",2023-12-19 00:07:49
4956362,The Fund For Peace,Fragile State Index,P1: State Legitimacy,2023,104,37,3,1.0,2014,"1.8,1.5,1.2",2015,"5.7,5.5,5.3",2023-12-18 15:56:47
5364935,The Fund For Peace,Fragile State Index,P2: Public Services,2023,104,37,3,0.9934,2014,"2.2,1.9,1.6",2015,"6.5,6.2,6.0",2023-12-19 00:08:12
4955860,The Fund For Peace,Fragile State Index,P1: State Legitimacy,2023,104,81,3,0.9934,2014,"1.8,1.5,1.2",2014,"1.5,1.2,1.0",2023-12-18 15:56:19
5364386,The Fund For Peace,Fragile State Index,P2: Public Services,2023,104,81,3,1.0,2014,"2.2,1.9,1.6",2014,"1.9,1.6,1.3",2023-12-19 00:07:10
4955715,The Fund For Peace,Fragile State Index,P1: State Legitimacy,2023,104,120,3,1.0,2014,"1.8,1.5,1.2",2017,"3.4,3.1,2.8",2023-12-18 15:56:10
5364241,The Fund For Peace,Fragile State Index,P2: Public Services,2023,104,120,3,0.9934,2014,"2.2,1.9,1.6",2017,"2.9,2.6,2.4",2023-12-19 00:06:53
4956021,The Fund For Peace,Fragile State Index,P1: State Legitimacy,2023,104,123,3,0.9934,2014,"1.8,1.5,1.2",2015,"7.3,7.0,6.8",2023-12-18 15:56:28
5364549,The Fund For Peace,Fragile State Index,P2: Public Services,2023,104,123,3,1.0,2014,"2.2,1.9,1.6",2015,"9.7,9.5,9.3",2023-12-19 00:07:29
4956007,The Fund For Peace,Fragile State Index,P1: State Legitimacy,2023,104,94,3,1.0,2014,"1.8,1.5,1.2",2006,"9.4,9.2,9.0",2023-12-18 15:56:27
5364540,The Fund For Peace,Fragile State Index,P2: Public Services,2023,104,94,3,0.9934,2014,"2.2,1.9,1.6",2006,"9.3,9.0,8.8",2023-12-19 00:07:28
4956164,The Fund For Peace,Fragile State Index,P1: State Legitimacy,2023,104,20,3,1.0,2014,"1.8,1.5,1.2",2013,"9.0,8.8,8.6",2023-12-18 15:56:35
5364769,The Fund For Peace,Fragile State Index,P2: Public Services,2023,104,20,3,0.9934,2014,"2.2,1.9,1.6",2013,"5.2,5.0,4.7",2023-12-19 00:07:54
4955890,The Fund For Peace,Fragile State Index,P1: State Legitimacy,2023,104,67,3,0.9934,2014,"1.8,1.5,1.2",2021,"1.5,1.2,1.0",2023-12-18 15:56:20
5364416,The Fund For Peace,Fragile State Index,P2: Public Services,2023,104,67,3,1.0,2014,"2.2,1.9,1.6",2021,"2.5,2.2,1.9",2023-12-19 00:07:13
4956316,The Fund For Peace,Fragile State Index,P1: State Legitimacy,2023,104,204,3,0.9934,2014,"1.8,1.5,1.2",2016,"7.0,6.8,6.5",2023-12-18 15:56:44
5364897,The Fund For Peace,Fragile State Index,P2: Public Services,2023,104,204,3,0.99997,2014,"2.2,1.9,1.6",2016,"7.9,7.7,7.504918317936918",2023-12-19 00:08:08
488695,The Fund For Peace,Fragile State Index,Total,2023,104,131,3,0.99335,2015,"24.6,22.5,22.3",2012,"68.5,66.1,66.2",2023-12-13 12:17:14
2882859,The Fund For Peace,Fragile State Index,E1: Economy,2023,104,131,3,1.0,2015,"4.1,3.6,3.4",2012,"4.6,4.1,3.9",2023-12-16 07:17:54
489149,The Fund For Peace,Fragile State Index,Total,2023,104,238,3,0.99463,2015,"24.6,22.5,22.3",2012,"40.5,38.4,37.9",2023-12-13 12:17:41
2883103,The Fund For Peace,Fragile State Index,E1: Economy,2023,104,238,3,0.99863,2015,"4.1,3.6,3.4",2012,"3.8,3.6,3.5",2023-12-16 07:18:08
4956117,The Fund For Peace,Fragile State Index,P1: State Legitimacy,2023,104,119,3,0.99967,2014,"1.8,1.5,1.2",2016,"9.3,9.1,8.88126095444613",2023-12-18 15:56:33
5364694,The Fund For Peace,Fragile State Index,P2: Public Services,2023,104,119,3,0.9934,2014,"2.2,1.9,1.6",2016,"7.2,7.0,6.7",2023-12-19 00:07:45
4956348,The Fund For Peace,Fragile State Index,P1: State Legitimacy,2023,104,129,3,0.9934,2014,"1.8,1.5,1.2",2016,"7.3,7.1,6.8",2023-12-18 15:56:46
5364920,The Fund For Peace,Fragile State Index,P2: Public Services,2023,104,129,3,0.99954,2014,"2.2,1.9,1.6",2016,"9.3,9.1,8.87784915324177",2023-12-19 00:08:10
4956073,The Fund For Peace,Fragile State Index,P1: State Legitimacy,2023,104,121,3,0.99688,2014,"1.8,1.5,1.2",2016,"7.8,7.6,7.336455805045465",2023-12-18 15:56:30
5364626,The Fund For Peace,Fragile State Index,P2: Public Services,2023,104,121,3,0.99581,2014,"2.2,1.9,1.6",2016,"5.9,5.7,5.424362451249612",2023-12-19 00:07:38
4955809,The Fund For Peace,Fragile State Index,P1: State Legitimacy,2023,104,52,3,0.9934,2014,"1.8,1.5,1.2",2016,"2.6,2.4,2.1",2023-12-18 15:56:16
5364339,The Fund For Peace,Fragile State Index,P2: Public Services,2023,104,52,3,0.99863,2014,"2.2,1.9,1.6",2016,"4.1,3.9,3.7333067401727966",2023-12-19 00:07:03
4955922,The Fund For Peace,Fragile State Index,P1: State Legitimacy,2023,104,211,3,0.99863,2014,"1.8,1.5,1.2",2015,"8.0,7.4,6.9",2023-12-18 15:56:22
5364465,The Fund For Peace,Fragile State Index,P2: Public Services,2023,104,211,3,0.9934,2014,"2.2,1.9,1.6",2015,"5.6,5.3,5.1",2023-12-19 00:07:19
489661,The Fund For Peace,Fragile State Index,Total,2023,104,173,3,0.99692,2015,"24.6,22.5,22.3",2014,"72.9,72.0,72.0",2023-12-13 12:18:12
2883373,The Fund For Peace,Fragile State Index,E1: Economy,2023,104,173,3,0.99508,2015,"4.1,3.6,3.4",2014,"4.2,3.7,3.4",2023-12-16 07:18:23
489684,The Fund For Peace,Fragile State Index,Total,2023,104,243,3,0.9927,2015,"24.6,22.5,22.3",2019,"66.1,63.885397212926094,63.29999999999999",2023-12-13 12:18:14
2883387,The Fund For Peace,Fragile State Index,E1: Economy,2023,104,243,3,0.99926,2015,"4.1,3.6,3.4",2019,"4.3,4.0,3.9",2023-12-16 07:18:24
4955970,The Fund For Peace,Fragile State Index,P1: State Legitimacy,2023,104,118,3,1.0,2014,"1.8,1.5,1.2",2018,"7.4,7.1,6.8",2023-12-18 15:56:25
5364511,The Fund For Peace,Fragile State Index,P2: Public Services,2023,104,118,3,0.99192,2014,"2.2,1.9,1.6",2018,"4.8,4.5,4.308799669288177",2023-12-19 00:07:25
489047,The Fund For Peace,Fragile State Index,Total,2023,104,216,3,0.99229,2015,"24.6,22.5,22.3",2017,"21.1,19.20952631375106,18.7",2023-12-13 12:17:35
2883044,The Fund For Peace,Fragile State Index,E1: Economy,2023,104,216,3,0.99926,2015,"4.1,3.6,3.4",2017,"2.3,2.0,1.9",2023-12-16 07:18:04
489017,The Fund For Peace,Fragile State Index,Total,2023,104,58,3,0.99095,2015,"24.6,22.5,22.3",2021,"18.8,18.1,17.900000000000002",2023-12-13 12:17:33
2883026,The Fund For Peace,Fragile State Index,E1: Economy,2023,104,58,3,1.0,2015,"4.1,3.6,3.4",2021,"1.7,1.2,1.0",2023-12-16 07:18:03
4955866,The Fund For Peace,Fragile State Index,P1: State Legitimacy,2023,104,203,3,0.9934,2014,"1.8,1.5,1.2",2016,"2.9,2.7,2.4000000000000004",2023-12-18 15:56:19
5364401,The Fund For Peace,Fragile State Index,P2: Public Services,2023,104,203,3,0.99709,2014,"2.2,1.9,1.6",2016,"1.7,1.5,1.3467923265211486",2023-12-19 00:07:11
4956032,The Fund For Peace,Fragile State Index,P1: State Legitimacy,2023,104,28,3,0.99689,2014,"1.8,1.5,1.2",2016,"6.7,6.5,6.236546137668479",2023-12-18 15:56:28
5364568,The Fund For Peace,Fragile State Index,P2: Public Services,2023,104,28,3,0.9934,2014,"2.2,1.9,1.6",2016,"3.8,3.6,3.3000000000000003",2023-12-19 00:07:31
489680,The Fund For Peace,Fragile State Index,Total,2023,104,243,3,0.99022,2015,"24.6,22.5,22.3",2015,"72.4,70.7,70.2",2023-12-13 12:18:13
2883383,The Fund For Peace,Fragile State Index,E1: Economy,2023,104,243,3,1.0,2015,"4.1,3.6,3.4",2015,"5.8,5.3,5.1",2023-12-16 07:18:24
4956054,The Fund For Peace,Fragile State Index,P1: State Legitimacy,2023,104,142,3,0.9934,2014,"1.8,1.5,1.2",2010,"7.9,7.6,7.4",2023-12-18 15:56:29
5364588,The Fund For Peace,Fragile State Index,P2: Public Services,2023,104,142,3,0.99662,2014,"2.2,1.9,1.6",2010,"6.7,6.3,6.0",2023-12-19 00:07:34
4956029,The Fund For Peace,Fragile State Index,P1: State Legitimacy,2023,104,28,3,0.9934,2014,"1.8,1.5,1.2",2010,"8.0,7.6,7.0",2023-12-18 15:56:28
5364564,The Fund For Peace,Fragile State Index,P2: Public Services,2023,104,28,3,0.99662,2014,"2.2,1.9,1.6",2010,"5.4,5.0,4.7",2023-12-19 00:07:31
4955780,The Fund For Peace,Fragile State Index,P1: State Legitimacy,2023,104,177,3,0.98979,2014,"1.8,1.5,1.2",2018,"1.3,1.0,0.8197920437077559",2023-12-18 15:56:14
5364321,The Fund For Peace,Fragile State Index,P2: Public Services,2023,104,177,3,1.0,2014,"2.2,1.9,1.6",2018,"2.5,2.2,1.9",2023-12-19 00:07:00
4956328,The Fund For Peace,Fragile State Index,P1: State Legitimacy,2023,104,222,3,0.98974,2014,"1.8,1.5,1.2",2017,"6.9,6.4,6.1",2023-12-18 15:56:45
5364899,The Fund For Peace,Fragile State Index,P2: Public Services,2023,104,222,3,1.0,2014,"2.2,1.9,1.6",2017,"8.5,8.2,7.9",2023-12-19 00:08:08
4956268,The Fund For Peace,Fragile State Index,P1: State Legitimacy,2023,104,198,3,0.98974,2014,"1.8,1.5,1.2",2021,"4.3,4.0,3.5",2023-12-18 15:56:41
5364832,The Fund For Peace,Fragile State Index,P2: Public Services,2023,104,198,3,1.0,2014,"2.2,1.9,1.6",2021,"2.8,2.6,2.4",2023-12-19 00:08:02
4955559,The Fund For Peace,Fragile State Index,P1: State Legitimacy,2023,104,131,3,0.98974,2014,"1.8,1.5,1.2",2018,"7.4,6.9,6.6000000000000005",2023-12-18 15:56:00
5364071,The Fund For Peace,Fragile State Index,P2: Public Services,2023,104,131,3,1.0,2014,"2.2,1.9,1.6",2018,"3.9,3.6,3.3000000000000003",2023-12-19 00:06:35
4955558,The Fund For Peace,Fragile State Index,P1: State Legitimacy,2023,104,131,3,0.98974,2014,"1.8,1.5,1.2",2017,"7.7,7.4,6.9",2023-12-18 15:56:00
5364070,The Fund For Peace,Fragile State Index,P2: Public Services,2023,104,131,3,1.0,2014,"2.2,1.9,1.6",2017,"4.2,3.9,3.6",2023-12-19 00:06:35
4956072,The Fund For Peace,Fragile State Index,P1: State Legitimacy,2023,104,121,3,0.98974,2014,"1.8,1.5,1.2",2009,"7.8,7.3,7.0",2023-12-18 15:56:30
5364624,The Fund For Peace,Fragile State Index,P2: Public Services,2023,104,121,3,1.0,2014,"2.2,1.9,1.6",2009,"6.2,6.0,5.8",2023-12-19 00:07:38
4956194,The Fund For Peace,Fragile State Index,P1: State Legitimacy,2023,104,16,3,0.98974,2014,"1.8,1.5,1.2",2017,"3.8,3.3,3.0",2023-12-18 15:56:37
5364799,The Fund For Peace,Fragile State Index,P2: Public Services,2023,104,16,3,1.0,2014,"2.2,1.9,1.6",2017,"4.6,4.3,4.0",2023-12-19 00:07:57
4955932,The Fund For Peace,Fragile State Index,P1: State Legitimacy,2023,104,152,3,0.98974,2014,"1.8,1.5,1.2",2017,"7.4,7.1000000000000005,6.6",2023-12-18 15:56:23
5364473,The Fund For Peace,Fragile State Index,P2: Public Services,2023,104,152,3,1.0,2014,"2.2,1.9,1.6",2017,"7.2,6.9,6.6",2023-12-19 00:07:20
4955905,The Fund For Peace,Fragile State Index,P1: State Legitimacy,2023,104,239,3,0.98974,2014,"1.8,1.5,1.2",2008,"9.3,9.0,8.5",2023-12-18 15:56:21
5364447,The Fund For Peace,Fragile State Index,P2: Public Services,2023,104,239,3,1.0,2014,"2.2,1.9,1.6",2008,"6.8,6.6,6.4",2023-12-19 00:07:17
4955933,The Fund For Peace,Fragile State Index,P1: State Legitimacy,2023,104,152,3,0.98974,2014,"1.8,1.5,1.2",2018,"7.1000000000000005,6.6,6.3",2023-12-18 15:56:23
5364474,The Fund For Peace,Fragile State Index,P2: Public Services,2023,104,152,3,1.0,2014,"2.2,1.9,1.6",2018,"6.9,6.6,6.3",2023-12-19 00:07:20
4955545,The Fund For Peace,Fragile State Index,P1: State Legitimacy,2023,104,29,3,1.0,2014,"1.8,1.5,1.2",2017,"3.3,3.0,2.7",2023-12-18 15:55:59
5364062,The Fund For Peace,Fragile State Index,P2: Public Services,2023,104,29,3,0.98974,2014,"2.2,1.9,1.6",2017,"7.3,6.8,6.5",2023-12-19 00:06:34
4956061,The Fund For Peace,Fragile State Index,P1: State Legitimacy,2023,104,142,3,0.98974,2014,"1.8,1.5,1.2",2021,"5.7,5.2,4.9",2023-12-18 15:56:30
5364594,The Fund For Peace,Fragile State Index,P2: Public Services,2023,104,142,3,1.0,2014,"2.2,1.9,1.6",2021,"5.2,4.9,4.6",2023-12-19 00:07:34
4955764,The Fund For Peace,Fragile State Index,P1: State Legitimacy,2023,104,44,3,0.98974,2014,"1.8,1.5,1.2",2021,"5.2,4.7,4.4",2023-12-18 15:56:13
5364282,The Fund For Peace,Fragile State Index,P2: Public Services,2023,104,44,3,1.0,2014,"2.2,1.9,1.6",2021,"4.5,4.2,3.9",2023-12-19 00:06:56
4956116,The Fund For Peace,Fragile State Index,P1: State Legitimacy,2023,104,62,3,0.98974,2014,"1.8,1.5,1.2",2017,"6.5,6.2,5.7",2023-12-18 15:56:33
5364679,The Fund For Peace,Fragile State Index,P2: Public Services,2023,104,62,3,1.0,2014,"2.2,1.9,1.6",2017,"6.5,6.2,5.9",2023-12-19 00:07:44
4955852,The Fund For Peace,Fragile State Index,P1: State Legitimacy,2023,104,208,3,0.98974,2014,"1.8,1.5,1.2",2017,"4.4,3.9,3.6",2023-12-18 15:56:18
5364384,The Fund For Peace,Fragile State Index,P2: Public Services,2023,104,208,3,1.0,2014,"2.2,1.9,1.6",2017,"1.9,1.6,1.3",2023-12-19 00:07:09
4956357,The Fund For Peace,Fragile State Index,P1: State Legitimacy,2023,104,37,3,1.0,2014,"1.8,1.5,1.2",2010,"7.2,6.9,6.6",2023-12-18 15:56:47
5364932,The Fund For Peace,Fragile State Index,P2: Public Services,2023,104,37,3,0.98974,2014,"2.2,1.9,1.6",2010,"7.4,6.9,6.6",2023-12-19 00:08:11
4956056,The Fund For Peace,Fragile State Index,P1: State Legitimacy,2023,104,142,3,0.98974,2014,"1.8,1.5,1.2",2012,"7.4,6.9,6.6",2023-12-18 15:56:30
5364590,The Fund For Peace,Fragile State Index,P2: Public Services,2023,104,142,3,1.0,2014,"2.2,1.9,1.6",2012,"6.0,5.7,5.4",2023-12-19 00:07:34
489586,The Fund For Peace,Fragile State Index,Total,2023,104,157,3,0.99378,2015,"24.6,22.5,22.3",2011,"81.2,79.6,79.2",2023-12-13 12:18:08
2883338,The Fund For Peace,Fragile State Index,E1: Economy,2023,104,157,3,0.99587,2015,"4.1,3.6,3.4",2011,"7.3,6.9,6.8",2023-12-16 07:18:21
4955894,The Fund For Peace,Fragile State Index,P1: State Legitimacy,2023,104,112,3,0.99265,2014,"1.8,1.5,1.2",2016,"6.4,6.3,6.146483523828889",2023-12-18 15:56:21
5364423,The Fund For Peace,Fragile State Index,P2: Public Services,2023,104,112,3,0.997,2014,"2.2,1.9,1.6",2016,"4.4,4.2,3.9378078070615383",2023-12-19 00:07:14
4956248,The Fund For Peace,Fragile State Index,P1: State Legitimacy,2023,104,93,3,1.0,2014,"1.8,1.5,1.2",2018,"5.1000000000000005,4.8,4.5",2023-12-18 15:56:40
5364822,The Fund For Peace,Fragile State Index,P2: Public Services,2023,104,93,3,0.98929,2014,"2.2,1.9,1.6",2018,"5.9,5.6,5.422140575331912",2023-12-19 00:08:00
489668,The Fund For Peace,Fragile State Index,Total,2023,104,174,3,0.99699,2015,"24.6,22.5,22.3",2015,"86.2,84.7,84.4",2023-12-13 12:18:13
2883377,The Fund For Peace,Fragile State Index,E1: Economy,2023,104,174,3,0.99187,2015,"4.1,3.6,3.4",2015,"6.0,5.7,5.5",2023-12-16 07:18:23
489607,The Fund For Peace,Fragile State Index,Total,2023,104,15,3,0.99378,2015,"24.6,22.5,22.3",2012,"79.8,78.2,77.8",2023-12-13 12:18:09
2883350,The Fund For Peace,Fragile State Index,E1: Economy,2023,104,15,3,0.99508,2015,"4.1,3.6,3.4",2012,"5.2,4.7,4.4",2023-12-16 07:18:22
488738,The Fund For Peace,Fragile State Index,Total,2023,104,34,3,0.99692,2015,"24.6,22.5,22.3",2015,"55.4,53.7,53.7",2023-12-13 12:17:16
2882875,The Fund For Peace,Fragile State Index,E1: Economy,2023,104,34,3,0.99187,2015,"4.1,3.6,3.4",2015,"6.2,5.9,5.7",2023-12-16 07:17:55
4490630,The Fund For Peace,Fragile State Index,E3: Human Flight and Brain Drain,2023,104,35,3,1.0,2006,"2.0,2.1,2.0",2021,"7.0,7.1,7.0",2023-12-18 07:19:34
7092083,The Fund For Peace,Fragile State Index,X1: External Intervention,2023,104,35,3,0.98783,2006,"1.0,1.5,1.5",2021,"8.1,8.6,8.7",2023-12-20 12:37:43
489262,The Fund For Peace,Fragile State Index,Total,2023,104,183,3,0.98745,2015,"24.6,22.5,22.3",2006,"92.9,89.2,88.0",2023-12-13 12:17:48
2883164,The Fund For Peace,Fragile State Index,E1: Economy,2023,104,183,3,1.0,2015,"4.1,3.6,3.4",2006,"8.0,7.5,7.3",2023-12-16 07:18:11
4955643,The Fund For Peace,Fragile State Index,P1: State Legitimacy,2023,104,150,3,0.99377,2014,"1.8,1.5,1.2",2016,"3.5,3.3,3.0035868776647856",2023-12-18 15:56:05
5364151,The Fund For Peace,Fragile State Index,P2: Public Services,2023,104,150,3,0.9934,2014,"2.2,1.9,1.6",2016,"7.6,7.4,7.1000000000000005",2023-12-19 00:06:45
489336,The Fund For Peace,Fragile State Index,Total,2023,104,101,3,0.99524,2015,"24.6,22.5,22.3",2006,"89.2,84.4,83.3",2023-12-13 12:17:52
2883208,The Fund For Peace,Fragile State Index,E1: Economy,2023,104,101,3,0.99187,2015,"4.1,3.6,3.4",2006,"6.8,6.5,6.3",2023-12-16 07:18:13
4955989,The Fund For Peace,Fragile State Index,P1: State Legitimacy,2023,104,108,3,1.0,2014,"1.8,1.5,1.2",2017,"7.9,7.6,7.3",2023-12-18 15:56:26
5364527,The Fund For Peace,Fragile State Index,P2: Public Services,2023,104,108,3,0.98689,2014,"2.2,1.9,1.6",2017,"8.7,8.520827528643354,8.2",2023-12-19 00:07:27
4955952,The Fund For Peace,Fragile State Index,P1: State Legitimacy,2023,104,63,3,0.9934,2014,"1.8,1.5,1.2",2015,"8.7,8.4,8.2",2023-12-18 15:56:24
5364492,The Fund For Peace,Fragile State Index,P2: Public Services,2023,104,63,3,0.9934,2014,"2.2,1.9,1.6",2015,"5.4,5.1,4.9",2023-12-19 00:07:23
4955797,The Fund For Peace,Fragile State Index,P1: State Legitimacy,2023,104,126,3,0.9934,2014,"1.8,1.5,1.2",2015,"3.2,2.9,2.7",2023-12-18 15:56:15
5364333,The Fund For Peace,Fragile State Index,P2: Public Services,2023,104,126,3,0.9934,2014,"2.2,1.9,1.6",2015,"4.0,3.7,3.5",2023-12-19 00:07:02
4955714,The Fund For Peace,Fragile State Index,P1: State Legitimacy,2023,104,120,3,0.9934,2014,"1.8,1.5,1.2",2016,"3.6,3.4,3.1",2023-12-18 15:56:10
5364240,The Fund For Peace,Fragile State Index,P2: Public Services,2023,104,120,3,0.9934,2014,"2.2,1.9,1.6",2016,"3.1,2.9,2.6",2023-12-19 00:06:53
4955713,The Fund For Peace,Fragile State Index,P1: State Legitimacy,2023,104,120,3,0.9934,2014,"1.8,1.5,1.2",2015,"3.9,3.6,3.4",2023-12-18 15:56:10
5364239,The Fund For Peace,Fragile State Index,P2: Public Services,2023,104,120,3,0.9934,2014,"2.2,1.9,1.6",2015,"3.4,3.1,2.9",2023-12-19 00:06:53
4956132,The Fund For Peace,Fragile State Index,P1: State Legitimacy,2023,104,25,3,0.9934,2014,"1.8,1.5,1.2",2016,"4.5,4.3,4.0",2023-12-18 15:56:33
5364722,The Fund For Peace,Fragile State Index,P2: Public Services,2023,104,25,3,0.9934,2014,"2.2,1.9,1.6",2016,"6.3,6.1,5.8",2023-12-19 00:07:49
4956225,The Fund For Peace,Fragile State Index,P1: State Legitimacy,2023,104,213,3,0.9934,2014,"1.8,1.5,1.2",2016,"5.2,5.0,4.7",2023-12-18 15:56:39
5364805,The Fund For Peace,Fragile State Index,P2: Public Services,2023,104,213,3,0.9934,2014,"2.2,1.9,1.6",2016,"5.8,5.6,5.3",2023-12-19 00:07:58
4956263,The Fund For Peace,Fragile State Index,P1: State Legitimacy,2023,104,198,3,0.9934,2014,"1.8,1.5,1.2",2016,"5.7,5.5,5.2",2023-12-18 15:56:41
5364830,The Fund For Peace,Fragile State Index,P2: Public Services,2023,104,198,3,0.9934,2014,"2.2,1.9,1.6",2016,"2.9,2.7,2.4000000000000004",2023-12-19 00:08:01
4956090,The Fund For Peace,Fragile State Index,P1: State Legitimacy,2023,104,174,3,0.9934,2014,"1.8,1.5,1.2",2015,"7.5,7.2,7.0",2023-12-18 15:56:31
5364648,The Fund For Peace,Fragile State Index,P2: Public Services,2023,104,174,3,0.9934,2014,"2.2,1.9,1.6",2015,"7.2,6.9,6.7",2023-12-19 00:07:40
4956240,The Fund For Peace,Fragile State Index,P1: State Legitimacy,2023,104,141,3,0.9934,2014,"1.8,1.5,1.2",2016,"5.7,5.5,5.2",2023-12-18 15:56:40
5364816,The Fund For Peace,Fragile State Index,P2: Public Services,2023,104,141,3,0.9934,2014,"2.2,1.9,1.6",2016,"6.2,6.0,5.7",2023-12-19 00:07:59
4955946,The Fund For Peace,Fragile State Index,P1: State Legitimacy,2023,104,35,3,0.9934,2014,"1.8,1.5,1.2",2016,"7.3,7.1,6.8",2023-12-18 15:56:24
5364487,The Fund For Peace,Fragile State Index,P2: Public Services,2023,104,35,3,0.9934,2014,"2.2,1.9,1.6",2016,"8.9,8.7,8.399999999999999",2023-12-19 00:07:22
4956234,The Fund For Peace,Fragile State Index,P1: State Legitimacy,2023,104,192,3,0.9934,2014,"1.8,1.5,1.2",2016,"5.7,5.5,5.2",2023-12-18 15:56:39
5364809,The Fund For Peace,Fragile State Index,P2: Public Services,2023,104,192,3,0.9934,2014,"2.2,1.9,1.6",2016,"5.1,4.9,4.6000000000000005",2023-12-19 00:07:58
4955798,The Fund For Peace,Fragile State Index,P1: State Legitimacy,2023,104,126,3,0.9934,2014,"1.8,1.5,1.2",2016,"2.9,2.7,2.4000000000000004",2023-12-18 15:56:15
5364334,The Fund For Peace,Fragile State Index,P2: Public Services,2023,104,126,3,0.9934,2014,"2.2,1.9,1.6",2016,"3.7,3.5,3.2",2023-12-19 00:07:02
4955793,The Fund For Peace,Fragile State Index,P1: State Legitimacy,2023,104,126,3,0.9934,2014,"1.8,1.5,1.2",2009,"4.1,3.9,3.6",2023-12-18 15:56:15
5364332,The Fund For Peace,Fragile State Index,P2: Public Services,2023,104,126,3,0.9934,2014,"2.2,1.9,1.6",2009,"3.4,3.2,2.9",2023-12-19 00:07:02
4955884,The Fund For Peace,Fragile State Index,P1: State Legitimacy,2023,104,67,3,0.9934,2014,"1.8,1.5,1.2",2015,"3.2,2.9,2.7",2023-12-18 15:56:20
5364412,The Fund For Peace,Fragile State Index,P2: Public Services,2023,104,67,3,0.9934,2014,"2.2,1.9,1.6",2015,"3.4,3.1,2.9",2023-12-19 00:07:12
4955903,The Fund For Peace,Fragile State Index,P1: State Legitimacy,2023,104,159,3,0.9934,2014,"1.8,1.5,1.2",2016,"8.8,8.6,8.299999999999999",2023-12-18 15:56:21
5364445,The Fund For Peace,Fragile State Index,P2: Public Services,2023,104,159,3,0.9934,2014,"2.2,1.9,1.6",2016,"9.4,9.2,8.899999999999999",2023-12-19 00:07:16
4955761,The Fund For Peace,Fragile State Index,P1: State Legitimacy,2023,104,44,3,0.9934,2014,"1.8,1.5,1.2",2016,"3.5,3.3,3.0",2023-12-18 15:56:13
5364280,The Fund For Peace,Fragile State Index,P2: Public Services,2023,104,44,3,0.9934,2014,"2.2,1.9,1.6",2016,"4.2,4.0,3.7",2023-12-19 00:06:56
4955747,The Fund For Peace,Fragile State Index,P1: State Legitimacy,2023,104,14,3,0.9934,2014,"1.8,1.5,1.2",2014,"1.6,1.4,1.1",2023-12-18 15:56:12
5364267,The Fund For Peace,Fragile State Index,P2: Public Services,2023,104,14,3,0.9934,2014,"2.2,1.9,1.6",2014,"1.8,1.6,1.3",2023-12-19 00:06:55
4955592,The Fund For Peace,Fragile State Index,P1: State Legitimacy,2023,104,53,3,0.9934,2014,"1.8,1.5,1.2",2015,"3.4,3.1,2.9",2023-12-18 15:56:02
5364105,The Fund For Peace,Fragile State Index,P2: Public Services,2023,104,53,3,0.9934,2014,"2.2,1.9,1.6",2015,"2.9,2.6,2.4",2023-12-19 00:06:39
4956183,The Fund For Peace,Fragile State Index,P1: State Legitimacy,2023,104,226,3,0.9934,2014,"1.8,1.5,1.2",2016,"4.7,4.5,4.2",2023-12-18 15:56:36
5364794,The Fund For Peace,Fragile State Index,P2: Public Services,2023,104,226,3,0.9934,2014,"2.2,1.9,1.6",2016,"4.5,4.3,4.0",2023-12-19 00:07:57
4955630,The Fund For Peace,Fragile State Index,P1: State Legitimacy,2023,104,100,3,0.9934,2014,"1.8,1.5,1.2",2016,"4.9,4.7,4.4",2023-12-18 15:56:04
5364137,The Fund For Peace,Fragile State Index,P2: Public Services,2023,104,100,3,0.9934,2014,"2.2,1.9,1.6",2016,"7.6,7.4,7.1000000000000005",2023-12-19 00:06:43
4956214,The Fund For Peace,Fragile State Index,P1: State Legitimacy,2023,104,22,3,0.9934,2014,"1.8,1.5,1.2",2016,"5.4,5.2,4.9",2023-12-18 15:56:38
5364801,The Fund For Peace,Fragile State Index,P2: Public Services,2023,104,22,3,0.9934,2014,"2.2,1.9,1.6",2016,"6.1,5.9,5.6000000000000005",2023-12-19 00:07:57
4956182,The Fund For Peace,Fragile State Index,P1: State Legitimacy,2023,104,226,3,0.9934,2014,"1.8,1.5,1.2",2015,"5.0,4.7,4.5",2023-12-18 15:56:36
5364793,The Fund For Peace,Fragile State Index,P2: Public Services,2023,104,226,3,0.9934,2014,"2.2,1.9,1.6",2015,"4.8,4.5,4.3",2023-12-19 00:07:56
4955786,The Fund For Peace,Fragile State Index,P1: State Legitimacy,2023,104,235,3,0.9934,2014,"1.8,1.5,1.2",2015,"2.0,1.7,1.5",2023-12-18 15:56:15
5364323,The Fund For Peace,Fragile State Index,P2: Public Services,2023,104,235,3,0.9934,2014,"2.2,1.9,1.6",2015,"2.1,1.8,1.6",2023-12-19 00:07:01
4955955,The Fund For Peace,Fragile State Index,P1: State Legitimacy,2023,104,101,3,0.9934,2014,"1.8,1.5,1.2",2016,"5.3,5.1,4.8",2023-12-18 15:56:24
5364500,The Fund For Peace,Fragile State Index,P2: Public Services,2023,104,101,3,0.9934,2014,"2.2,1.9,1.6",2016,"6.1,5.9,5.6000000000000005",2023-12-19 00:07:24
4955940,The Fund For Peace,Fragile State Index,P1: State Legitimacy,2023,104,48,3,0.9934,2014,"1.8,1.5,1.2",2016,"6.5,6.3,6.0",2023-12-18 15:56:23
5364476,The Fund For Peace,Fragile State Index,P2: Public Services,2023,104,48,3,0.9934,2014,"2.2,1.9,1.6",2016,"6.1,5.9,5.6000000000000005",2023-12-19 00:07:20
4955826,The Fund For Peace,Fragile State Index,P1: State Legitimacy,2023,104,138,3,0.9934,2014,"1.8,1.5,1.2",2016,"3.2,3.0,2.7",2023-12-18 15:56:17
5364359,The Fund For Peace,Fragile State Index,P2: Public Services,2023,104,138,3,0.9934,2014,"2.2,1.9,1.6",2016,"3.5,3.3,3.0",2023-12-19 00:07:06
4955862,The Fund For Peace,Fragile State Index,P1: State Legitimacy,2023,104,210,3,0.9934,2014,"1.8,1.5,1.2",2015,"3.3,3.0,2.8",2023-12-18 15:56:19
5364392,The Fund For Peace,Fragile State Index,P2: Public Services,2023,104,210,3,0.9934,2014,"2.2,1.9,1.6",2015,"2.7,2.4,2.2",2023-12-19 00:07:10
4956110,The Fund For Peace,Fragile State Index,P1: State Legitimacy,2023,104,197,3,0.9934,2014,"1.8,1.5,1.2",2015,"5.7,5.4,5.2",2023-12-18 15:56:32
5364672,The Fund For Peace,Fragile State Index,P2: Public Services,2023,104,197,3,0.9934,2014,"2.2,1.9,1.6",2015,"4.7,4.4,4.2",2023-12-19 00:07:43
4955636,The Fund For Peace,Fragile State Index,P1: State Legitimacy,2023,104,56,3,0.9934,2014,"1.8,1.5,1.2",2015,"5.3,5.0,4.8",2023-12-18 15:56:05
5364145,The Fund For Peace,Fragile State Index,P2: Public Services,2023,104,56,3,0.9934,2014,"2.2,1.9,1.6",2015,"3.0,2.7,2.5",2023-12-19 00:06:44
4955885,The Fund For Peace,Fragile State Index,P1: State Legitimacy,2023,104,67,3,0.9934,2014,"1.8,1.5,1.2",2016,"2.9,2.7,2.4000000000000004",2023-12-18 15:56:20
5364413,The Fund For Peace,Fragile State Index,P2: Public Services,2023,104,67,3,0.9934,2014,"2.2,1.9,1.6",2016,"3.1,2.9,2.6",2023-12-19 00:07:13
4955654,The Fund For Peace,Fragile State Index,P1: State Legitimacy,2023,104,64,3,0.9934,2014,"1.8,1.5,1.2",2016,"5.0,4.8,4.5",2023-12-18 15:56:06
5364164,The Fund For Peace,Fragile State Index,P2: Public Services,2023,104,64,3,0.9934,2014,"2.2,1.9,1.6",2016,"6.6,6.4,6.1000000000000005",2023-12-19 00:06:47
4956337,The Fund For Peace,Fragile State Index,P1: State Legitimacy,2023,104,194,3,0.9934,2014,"1.8,1.5,1.2",2016,"5.8,5.6,5.3",2023-12-18 15:56:46
5364913,The Fund For Peace,Fragile State Index,P2: Public Services,2023,104,194,3,0.9934,2014,"2.2,1.9,1.6",2016,"6.1,5.9,5.6000000000000005",2023-12-19 00:08:09
4956031,The Fund For Peace,Fragile State Index,P1: State Legitimacy,2023,104,28,3,0.9934,2014,"1.8,1.5,1.2",2015,"7.0,6.7,6.5",2023-12-18 15:56:28
5364567,The Fund For Peace,Fragile State Index,P2: Public Services,2023,104,28,3,0.9934,2014,"2.2,1.9,1.6",2015,"4.1,3.8,3.6",2023-12-19 00:07:31
4955574,The Fund For Peace,Fragile State Index,P1: State Legitimacy,2023,104,2,3,0.9934,2014,"1.8,1.5,1.2",2015,"6.2,5.9,5.7",2023-12-18 15:56:01
5364089,The Fund For Peace,Fragile State Index,P2: Public Services,2023,104,2,3,0.9934,2014,"2.2,1.9,1.6",2015,"4.5,4.2,4.0",2023-12-19 00:06:37
4956246,The Fund For Peace,Fragile State Index,P1: State Legitimacy,2023,104,93,3,0.9934,2014,"1.8,1.5,1.2",2016,"5.6,5.4,5.1000000000000005",2023-12-18 15:56:40
5364820,The Fund For Peace,Fragile State Index,P2: Public Services,2023,104,93,3,0.9934,2014,"2.2,1.9,1.6",2016,"6.4,6.2,5.9",2023-12-19 00:08:00
4955968,The Fund For Peace,Fragile State Index,P1: State Legitimacy,2023,104,118,3,0.9934,2014,"1.8,1.5,1.2",2016,"7.9,7.7,7.4",2023-12-18 15:56:25
5364509,The Fund For Peace,Fragile State Index,P2: Public Services,2023,104,118,3,0.9934,2014,"2.2,1.9,1.6",2016,"5.3,5.1,4.8",2023-12-19 00:07:25
4955547,The Fund For Peace,Fragile State Index,P1: State Legitimacy,2023,104,109,3,0.9934,2014,"1.8,1.5,1.2",2009,"7.0,6.8,6.5",2023-12-18 15:55:59
5364064,The Fund For Peace,Fragile State Index,P2: Public Services,2023,104,109,3,0.9934,2014,"2.2,1.9,1.6",2009,"6.4,6.2,5.9",2023-12-19 00:06:34
4956085,The Fund For Peace,Fragile State Index,P1: State Legitimacy,2023,104,173,3,0.9934,2014,"1.8,1.5,1.2",2016,"7.4,7.2,6.9",2023-12-18 15:56:31
5364646,The Fund For Peace,Fragile State Index,P2: Public Services,2023,104,173,3,0.9934,2014,"2.2,1.9,1.6",2016,"6.9,6.7,6.4",2023-12-19 00:07:40
4956363,The Fund For Peace,Fragile State Index,P1: State Legitimacy,2023,104,37,3,0.9934,2014,"1.8,1.5,1.2",2016,"5.5,5.3,5.0",2023-12-18 15:56:47
5364936,The Fund For Peace,Fragile State Index,P2: Public Services,2023,104,37,3,0.9934,2014,"2.2,1.9,1.6",2016,"6.2,6.0,5.7",2023-12-19 00:08:12
4956063,The Fund For Peace,Fragile State Index,P1: State Legitimacy,2023,104,80,3,0.9934,2014,"1.8,1.5,1.2",2015,"8.8,8.5,8.3",2023-12-18 15:56:30
5364608,The Fund For Peace,Fragile State Index,P2: Public Services,2023,104,80,3,0.9934,2014,"2.2,1.9,1.6",2015,"4.8,4.5,4.3",2023-12-19 00:07:36
4955877,The Fund For Peace,Fragile State Index,P1: State Legitimacy,2023,104,236,3,0.9934,2014,"1.8,1.5,1.2",2015,"2.4,2.1,1.9",2023-12-18 15:56:20
5364406,The Fund For Peace,Fragile State Index,P2: Public Services,2023,104,236,3,0.9934,2014,"2.2,1.9,1.6",2015,"2.1,1.8,1.6",2023-12-19 00:07:12
4956064,The Fund For Peace,Fragile State Index,P1: State Legitimacy,2023,104,80,3,0.9934,2014,"1.8,1.5,1.2",2016,"8.5,8.3,8.0",2023-12-18 15:56:30
5364609,The Fund For Peace,Fragile State Index,P2: Public Services,2023,104,80,3,0.9934,2014,"2.2,1.9,1.6",2016,"4.5,4.3,4.0",2023-12-19 00:07:36
4956377,The Fund For Peace,Fragile State Index,P1: State Legitimacy,2023,104,122,3,0.9934,2014,"1.8,1.5,1.2",2016,"6.1,5.9,5.6000000000000005",2023-12-18 15:56:48
5364946,The Fund For Peace,Fragile State Index,P2: Public Services,2023,104,122,3,0.9934,2014,"2.2,1.9,1.6",2016,"8.3,8.1,7.8",2023-12-19 00:08:13
4955844,The Fund For Peace,Fragile State Index,P1: State Legitimacy,2023,104,10,3,0.9934,2014,"1.8,1.5,1.2",2016,"5.0,4.8,4.5",2023-12-18 15:56:18
5364379,The Fund For Peace,Fragile State Index,P2: Public Services,2023,104,10,3,0.9934,2014,"2.2,1.9,1.6",2016,"4.0,3.8,3.5",2023-12-19 00:07:09
4955825,The Fund For Peace,Fragile State Index,P1: State Legitimacy,2023,104,138,3,0.9934,2014,"1.8,1.5,1.2",2015,"3.5,3.2,3.0",2023-12-18 15:56:17
5364358,The Fund For Peace,Fragile State Index,P2: Public Services,2023,104,138,3,0.9934,2014,"2.2,1.9,1.6",2015,"3.8,3.5,3.3",2023-12-19 00:07:06
4955588,The Fund For Peace,Fragile State Index,P1: State Legitimacy,2023,104,53,3,0.9934,2014,"1.8,1.5,1.2",2011,"4.4,4.2,3.9",2023-12-18 15:56:02
5364103,The Fund For Peace,Fragile State Index,P2: Public Services,2023,104,53,3,0.9934,2014,"2.2,1.9,1.6",2011,"3.4,3.2,2.9",2023-12-19 00:06:39
4955568,The Fund For Peace,Fragile State Index,P1: State Legitimacy,2023,104,227,3,0.9934,2014,"1.8,1.5,1.2",2015,"7.0,6.7,6.5",2023-12-18 15:56:01
5364078,The Fund For Peace,Fragile State Index,P2: Public Services,2023,104,227,3,0.9934,2014,"2.2,1.9,1.6",2015,"4.9,4.6,4.4",2023-12-19 00:06:36
4956372,The Fund For Peace,Fragile State Index,P1: State Legitimacy,2023,104,122,3,0.9934,2014,"1.8,1.5,1.2",2009,"7.4,7.2,6.9",2023-12-18 15:56:48
5364944,The Fund For Peace,Fragile State Index,P2: Public Services,2023,104,122,3,0.9934,2014,"2.2,1.9,1.6",2009,"8.7,8.5,8.2",2023-12-19 00:08:13
4955668,The Fund For Peace,Fragile State Index,P1: State Legitimacy,2023,104,221,3,0.9934,2014,"1.8,1.5,1.2",2015,"8.0,7.7,7.5",2023-12-18 15:56:07
5364175,The Fund For Peace,Fragile State Index,P2: Public Services,2023,104,221,3,0.9934,2014,"2.2,1.9,1.6",2015,"4.9,4.6,4.4",2023-12-19 00:06:48
4956185,The Fund For Peace,Fragile State Index,P1: State Legitimacy,2023,104,226,3,1.0,2014,"1.8,1.5,1.2",2018,"4.2,3.9,3.6",2023-12-18 15:56:37
5364796,The Fund For Peace,Fragile State Index,P2: Public Services,2023,104,226,3,0.98668,2014,"2.2,1.9,1.6",2018,"4.0,3.7,3.533283203978929",2023-12-19 00:07:57
4955580,The Fund For Peace,Fragile State Index,P1: State Legitimacy,2023,104,34,3,0.98974,2014,"1.8,1.5,1.2",2006,"6.2,5.7,5.4",2023-12-18 15:56:01
5364096,The Fund For Peace,Fragile State Index,P2: Public Services,2023,104,34,3,0.99662,2014,"2.2,1.9,1.6",2006,"5.3,5.0,4.6",2023-12-19 00:06:38
4955637,The Fund For Peace,Fragile State Index,P1: State Legitimacy,2023,104,56,3,0.9934,2014,"1.8,1.5,1.2",2016,"5.0,4.8,4.5",2023-12-18 15:56:05
5364146,The Fund For Peace,Fragile State Index,P2: Public Services,2023,104,56,3,0.99219,2014,"2.2,1.9,1.6",2016,"2.7,2.5,2.371535862736092",2023-12-19 00:06:45
489687,The Fund For Peace,Fragile State Index,Total,2023,104,6,3,0.98753,2015,"24.6,22.5,22.3",2006,"88.3,84.9,83.8",2023-12-13 12:18:14
2883389,The Fund For Peace,Fragile State Index,E1: Economy,2023,104,6,3,0.9977,2015,"4.1,3.6,3.4",2006,"4.9,4.2,4.0",2023-12-16 07:18:24
4955828,The Fund For Peace,Fragile State Index,P1: State Legitimacy,2023,104,138,3,1.0,2014,"1.8,1.5,1.2",2018,"2.7,2.4,2.1",2023-12-18 15:56:17
5364361,The Fund For Peace,Fragile State Index,P2: Public Services,2023,104,138,3,0.98498,2014,"2.2,1.9,1.6",2018,"3.0,2.9,2.7128088227656093",2023-12-19 00:07:06
488982,The Fund For Peace,Fragile State Index,Total,2023,104,200,3,0.99251,2015,"24.6,22.5,22.3",2015,"34.4,32.9,32.5",2023-12-13 12:17:31
2883000,The Fund For Peace,Fragile State Index,E1: Economy,2023,104,200,3,0.99187,2015,"4.1,3.6,3.4",2015,"2.5,2.2,2.0",2023-12-16 07:18:02
489490,The Fund For Peace,Fragile State Index,Total,2023,104,91,3,0.98501,2015,"24.6,22.5,22.3",2019,"99.4,97.16761117146424,97.4",2023-12-13 12:18:02
2883294,The Fund For Peace,Fragile State Index,E1: Economy,2023,104,91,3,0.99926,2015,"4.1,3.6,3.4",2019,"8.6,8.299999999999999,8.2",2023-12-16 07:18:18
488717,The Fund For Peace,Fragile State Index,Total,2023,104,2,3,0.98544,2015,"24.6,22.5,22.3",2009,"70.0,67.1,66.1",2023-12-13 12:17:15
2882869,The Fund For Peace,Fragile State Index,E1: Economy,2023,104,2,3,0.99863,2015,"4.1,3.6,3.4",2009,"6.5,6.1,5.9",2023-12-16 07:17:54
4955811,The Fund For Peace,Fragile State Index,P1: State Legitimacy,2023,104,52,3,1.0,2014,"1.8,1.5,1.2",2018,"2.1,1.8,1.5",2023-12-18 15:56:16
5364341,The Fund For Peace,Fragile State Index,P2: Public Services,2023,104,52,3,0.98393,2014,"2.2,1.9,1.6",2018,"3.7333067401727966,3.4,3.226130561930675",2023-12-19 00:07:03
4955677,The Fund For Peace,Fragile State Index,P1: State Legitimacy,2023,104,79,3,0.98974,2014,"1.8,1.5,1.2",2017,"8.6,8.299999999999999,7.8",2023-12-18 15:56:08
5364192,The Fund For Peace,Fragile State Index,P2: Public Services,2023,104,79,3,0.9934,2014,"2.2,1.9,1.6",2017,"7.8,7.5,7.3",2023-12-19 00:06:49
4955815,The Fund For Peace,Fragile State Index,P1: State Legitimacy,2023,104,176,3,0.98974,2014,"1.8,1.5,1.2",2011,"4.2,3.7,3.4",2023-12-18 15:56:16
5364346,The Fund For Peace,Fragile State Index,P2: Public Services,2023,104,176,3,0.9934,2014,"2.2,1.9,1.6",2011,"3.3,3.1,2.8",2023-12-19 00:07:04
4955706,The Fund For Peace,Fragile State Index,P1: State Legitimacy,2023,104,23,3,0.98974,2014,"1.8,1.5,1.2",2016,"5.9,5.4,5.1000000000000005",2023-12-18 15:56:10
5364231,The Fund For Peace,Fragile State Index,P2: Public Services,2023,104,23,3,0.9934,2014,"2.2,1.9,1.6",2016,"8.9,8.7,8.399999999999999",2023-12-19 00:06:53
4955709,The Fund For Peace,Fragile State Index,P1: State Legitimacy,2023,104,120,3,0.98974,2014,"1.8,1.5,1.2",2011,"5.3,4.8,4.5",2023-12-18 15:56:10
5364237,The Fund For Peace,Fragile State Index,P2: Public Services,2023,104,120,3,0.9934,2014,"2.2,1.9,1.6",2011,"3.9,3.7,3.4",2023-12-19 00:06:53
4955923,The Fund For Peace,Fragile State Index,P1: State Legitimacy,2023,104,211,3,0.98974,2014,"1.8,1.5,1.2",2016,"7.4,6.9,6.6000000000000005",2023-12-18 15:56:22
5364466,The Fund For Peace,Fragile State Index,P2: Public Services,2023,104,211,3,0.9934,2014,"2.2,1.9,1.6",2016,"5.3,5.1,4.8",2023-12-19 00:07:19
489802,The Fund For Peace,Fragile State Index,Total,2023,104,229,3,0.98322,2015,"24.6,22.5,22.3",2019,"71.4,69.05814193586684,68.20000000000002",2023-12-13 12:18:21
2883456,The Fund For Peace,Fragile State Index,E1: Economy,2023,104,229,3,0.99926,2015,"4.1,3.6,3.4",2019,"5.3,5.0,4.9",2023-12-16 07:18:28
4955810,The Fund For Peace,Fragile State Index,P1: State Legitimacy,2023,104,52,3,1.0,2014,"1.8,1.5,1.2",2017,"2.4,2.1,1.8",2023-12-18 15:56:16
5364340,The Fund For Peace,Fragile State Index,P2: Public Services,2023,104,52,3,0.98199,2014,"2.2,1.9,1.6",2017,"3.9,3.7333067401727966,3.4",2023-12-19 00:07:03
4955640,The Fund For Peace,Fragile State Index,P1: State Legitimacy,2023,104,150,3,0.98198,2014,"1.8,1.5,1.2",2009,"5.0,4.8,4.4",2023-12-18 15:56:05
5364149,The Fund For Peace,Fragile State Index,P2: Public Services,2023,104,150,3,1.0,2014,"2.2,1.9,1.6",2009,"7.1,6.9,6.7",2023-12-19 00:06:45
4955607,The Fund For Peace,Fragile State Index,P1: State Legitimacy,2023,104,170,3,0.98198,2014,"1.8,1.5,1.2",2006,"4.9,4.8,4.6",2023-12-18 15:56:03
5364114,The Fund For Peace,Fragile State Index,P2: Public Services,2023,104,170,3,1.0,2014,"2.2,1.9,1.6",2006,"5.8,5.6,5.4",2023-12-19 00:06:40
4955633,The Fund For Peace,Fragile State Index,P1: State Legitimacy,2023,104,56,3,0.98198,2014,"1.8,1.5,1.2",2008,"5.5,5.4,5.2",2023-12-18 15:56:05
5364140,The Fund For Peace,Fragile State Index,P2: Public Services,2023,104,56,3,1.0,2014,"2.2,1.9,1.6",2008,"3.8,3.6,3.4",2023-12-19 00:06:44
4955634,The Fund For Peace,Fragile State Index,P1: State Legitimacy,2023,104,56,3,1.0,2014,"1.8,1.5,1.2",2009,"5.4,5.2,5.0",2023-12-18 15:56:05
5364141,The Fund For Peace,Fragile State Index,P2: Public Services,2023,104,56,3,0.98198,2014,"2.2,1.9,1.6",2009,"3.6,3.4,3.3",2023-12-19 00:06:44
4956334,The Fund For Peace,Fragile State Index,P1: State Legitimacy,2023,104,194,3,0.98198,2014,"1.8,1.5,1.2",2011,"6.9,6.7,6.6",2023-12-18 15:56:45
5364910,The Fund For Peace,Fragile State Index,P2: Public Services,2023,104,194,3,1.0,2014,"2.2,1.9,1.6",2011,"7.0,6.7,6.4",2023-12-19 00:08:09
4956333,The Fund For Peace,Fragile State Index,P1: State Legitimacy,2023,104,194,3,0.98198,2014,"1.8,1.5,1.2",2010,"7.3,6.9,6.7",2023-12-18 15:56:45
5364909,The Fund For Peace,Fragile State Index,P2: Public Services,2023,104,194,3,1.0,2014,"2.2,1.9,1.6",2010,"7.3,7.0,6.7",2023-12-19 00:08:09
4956278,The Fund For Peace,Fragile State Index,P1: State Legitimacy,2023,104,127,3,0.98198,2014,"1.8,1.5,1.2",2008,"3.3,2.9,2.7",2023-12-18 15:56:42
5364851,The Fund For Peace,Fragile State Index,P2: Public Services,2023,104,127,3,1.0,2014,"2.2,1.9,1.6",2008,"2.6,2.4,2.2",2023-12-19 00:08:03
4956299,The Fund For Peace,Fragile State Index,P1: State Legitimacy,2023,104,134,3,0.98198,2014,"1.8,1.5,1.2",2009,"4.3,4.1,3.7",2023-12-18 15:56:43
5364876,The Fund For Peace,Fragile State Index,P2: Public Services,2023,104,134,3,1.0,2014,"2.2,1.9,1.6",2009,"3.5,3.2,2.9",2023-12-19 00:08:06
4955991,The Fund For Peace,Fragile State Index,P1: State Legitimacy,2023,104,103,3,1.0,2014,"1.8,1.5,1.2",2010,"9.0,8.7,8.4",2023-12-18 15:56:26
5364530,The Fund For Peace,Fragile State Index,P2: Public Services,2023,104,103,3,0.98198,2014,"2.2,1.9,1.6",2010,"8.4,8.0,7.8",2023-12-19 00:07:27
4956311,The Fund For Peace,Fragile State Index,P1: State Legitimacy,2023,104,204,3,1.0,2014,"1.8,1.5,1.2",2009,"8.3,8.1,7.9",2023-12-18 15:56:44
5364894,The Fund For Peace,Fragile State Index,P2: Public Services,2023,104,204,3,0.98198,2014,"2.2,1.9,1.6",2009,"8.4,8.2,8.1",2023-12-19 00:08:07
4956352,The Fund For Peace,Fragile State Index,P1: State Legitimacy,2023,104,132,3,1.0,2014,"1.8,1.5,1.2",2016,"8.7,8.5,8.3",2023-12-18 15:56:46
5364928,The Fund For Peace,Fragile State Index,P2: Public Services,2023,104,132,3,0.98198,2014,"2.2,1.9,1.6",2016,"5.8,5.6,5.5",2023-12-19 00:08:11
4955909,The Fund For Peace,Fragile State Index,P1: State Legitimacy,2023,104,239,3,0.98198,2014,"1.8,1.5,1.2",2021,"9.3,9.2,9.0",2023-12-18 15:56:22
5364455,The Fund For Peace,Fragile State Index,P2: Public Services,2023,104,239,3,1.0,2014,"2.2,1.9,1.6",2021,"4.6,4.3,4.0",2023-12-19 00:07:17
4955942,The Fund For Peace,Fragile State Index,P1: State Legitimacy,2023,104,130,3,1.0,2014,"1.8,1.5,1.2",2009,"8.3,8.1,7.9",2023-12-18 15:56:23
5364480,The Fund For Peace,Fragile State Index,P2: Public Services,2023,104,130,3,0.98198,2014,"2.2,1.9,1.6",2009,"8.8,8.6,8.2",2023-12-19 00:07:21
4956030,The Fund For Peace,Fragile State Index,P1: State Legitimacy,2023,104,28,3,0.98198,2014,"1.8,1.5,1.2",2011,"7.6,7.0,6.7",2023-12-18 15:56:28
5364565,The Fund For Peace,Fragile State Index,P2: Public Services,2023,104,28,3,1.0,2014,"2.2,1.9,1.6",2011,"5.0,4.7,4.4",2023-12-19 00:07:31
489641,The Fund For Peace,Fragile State Index,Total,2023,104,249,3,0.98658,2015,"24.6,22.5,22.3",2009,"84.2,83.9,83.8",2023-12-13 12:18:11
2883365,The Fund For Peace,Fragile State Index,E1: Economy,2023,104,249,3,0.99508,2015,"4.1,3.6,3.4",2009,"8.5,8.0,7.7",2023-12-16 07:18:22
4956269,The Fund For Peace,Fragile State Index,P1: State Legitimacy,2023,104,33,3,1.0,2014,"1.8,1.5,1.2",2017,"8.3,8.0,7.7",2023-12-18 15:56:41
5364841,The Fund For Peace,Fragile State Index,P2: Public Services,2023,104,33,3,0.98132,2014,"2.2,1.9,1.6",2017,"1.8,1.7009382151853345,1.5",2023-12-19 00:08:03
489491,The Fund For Peace,Fragile State Index,Total,2023,104,123,3,0.98866,2015,"24.6,22.5,22.3",2006,"99.0,92.9,91.0",2023-12-13 12:18:02
2883295,The Fund For Peace,Fragile State Index,E1: Economy,2023,104,123,3,0.99222,2015,"4.1,3.6,3.4",2006,"8.9,8.4,8.3",2023-12-16 07:18:18
488773,The Fund For Peace,Fragile State Index,Total,2023,104,170,3,0.99814,2015,"24.6,22.5,22.3",2011,"57.8,56.1,55.8",2023-12-13 12:17:19
2882894,The Fund For Peace,Fragile State Index,E1: Economy,2023,104,170,3,0.98198,2015,"4.1,3.6,3.4",2011,"4.9,4.3,3.8",2023-12-16 07:17:56
4955638,The Fund For Peace,Fragile State Index,P1: State Legitimacy,2023,104,56,3,1.0,2014,"1.8,1.5,1.2",2017,"4.8,4.5,4.2",2023-12-18 15:56:05
5364147,The Fund For Peace,Fragile State Index,P2: Public Services,2023,104,56,3,0.97934,2014,"2.2,1.9,1.6",2017,"2.5,2.371535862736092,2.1",2023-12-19 00:06:45
489818,The Fund For Peace,Fragile State Index,Total,2023,104,182,3,0.99692,2015,"24.6,22.5,22.3",2011,"77.7,77.1,77.1",2023-12-13 12:18:22
2883463,The Fund For Peace,Fragile State Index,E1: Economy,2023,104,182,3,0.98198,2015,"4.1,3.6,3.4",2011,"4.6,4.0,3.5",2023-12-16 07:18:28
488774,The Fund For Peace,Fragile State Index,Total,2023,104,170,3,0.98658,2015,"24.6,22.5,22.3",2012,"56.1,55.8,55.7",2023-12-13 12:17:19
2882895,The Fund For Peace,Fragile State Index,E1: Economy,2023,104,170,3,0.99222,2015,"4.1,3.6,3.4",2012,"4.3,3.8,3.7",2023-12-16 07:17:56
489377,The Fund For Peace,Fragile State Index,Total,2023,104,18,3,0.97914,2015,"24.6,22.5,22.3",2011,"94.4,92.2,92.5",2023-12-13 12:17:55
2883227,The Fund For Peace,Fragile State Index,E1: Economy,2023,104,18,3,0.99926,2015,"4.1,3.6,3.4",2011,"7.7,7.4,7.3",2023-12-16 07:18:15
489058,The Fund For Peace,Fragile State Index,Total,2023,104,215,3,0.97902,2015,"24.6,22.5,22.3",2017,"22.1,20.818812325589526,20.3",2023-12-13 12:17:36
2883052,The Fund For Peace,Fragile State Index,E1: Economy,2023,104,215,3,0.99863,2015,"4.1,3.6,3.4",2017,"1.8,1.6,1.5",2023-12-16 07:18:05
490008,The Fund For Peace,Fragile State Index,Total,2023,104,33,3,0.98066,2015,"24.6,22.5,22.3",2018,"59.80623958429162,57.5,56.60002751710281",2023-12-13 12:18:33
2883540,The Fund For Peace,Fragile State Index,E1: Economy,2023,104,33,3,0.99653,2015,"4.1,3.6,3.4",2018,"3.8,3.5,3.330551364600619",2023-12-16 07:18:33
490009,The Fund For Peace,Fragile State Index,Total,2023,104,33,3,0.98658,2015,"24.6,22.5,22.3",2019,"57.5,56.60002751710281,56.3",2023-12-13 12:18:34
2883541,The Fund For Peace,Fragile State Index,E1: Economy,2023,104,33,3,0.99039,2015,"4.1,3.6,3.4",2019,"3.5,3.330551364600619,3.3",2023-12-16 07:18:33
4955663,The Fund For Peace,Fragile State Index,P1: State Legitimacy,2023,104,163,3,0.9934,2014,"1.8,1.5,1.2",2016,"6.0,5.8,5.5",2023-12-18 15:56:06
5364171,The Fund For Peace,Fragile State Index,P2: Public Services,2023,104,163,3,0.98327,2014,"2.2,1.9,1.6",2016,"4.1,3.9,3.797157892706582",2023-12-19 00:06:47
489259,The Fund For Peace,Fragile State Index,Total,2023,104,239,3,0.97671,2015,"24.6,22.5,22.3",2019,"75.7,73.10388718030978,72.00000000000001",2023-12-13 12:17:48
2883162,The Fund For Peace,Fragile State Index,E1: Economy,2023,104,239,3,0.99926,2015,"4.1,3.6,3.4",2019,"5.8,5.5,5.4",2023-12-16 07:18:11
489788,The Fund For Peace,Fragile State Index,Total,2023,104,158,3,0.99375,2015,"24.6,22.5,22.3",2017,"97.4,96.1529034434838,96.2",2023-12-13 12:18:20
2883444,The Fund For Peace,Fragile State Index,E1: Economy,2023,104,158,3,0.98164,2015,"4.1,3.6,3.4",2017,"7.5,7.282442209026627,7.1",2023-12-16 07:18:27
4955792,The Fund For Peace,Fragile State Index,P1: State Legitimacy,2023,104,126,3,0.9934,2014,"1.8,1.5,1.2",2008,"4.4,4.1,3.9",2023-12-18 15:56:15
5364331,The Fund For Peace,Fragile State Index,P2: Public Services,2023,104,126,3,0.98198,2014,"2.2,1.9,1.6",2008,"3.5,3.4,3.2",2023-12-19 00:07:02
4955620,The Fund For Peace,Fragile State Index,P1: State Legitimacy,2023,104,144,3,0.9934,2014,"1.8,1.5,1.2",2015,"4.5,4.2,4.0",2023-12-18 15:56:04
5364122,The Fund For Peace,Fragile State Index,P2: Public Services,2023,104,144,3,0.98198,2014,"2.2,1.9,1.6",2015,"5.7,5.6,5.4",2023-12-19 00:06:41
4955892,The Fund For Peace,Fragile State Index,P1: State Legitimacy,2023,104,112,3,0.98198,2014,"1.8,1.5,1.2",2009,"6.0,5.9,5.7",2023-12-18 15:56:21
5364418,The Fund For Peace,Fragile State Index,P2: Public Services,2023,104,112,3,0.9934,2014,"2.2,1.9,1.6",2009,"5.4,5.2,4.9",2023-12-19 00:07:13
4955622,The Fund For Peace,Fragile State Index,P1: State Legitimacy,2023,104,181,3,0.98198,2014,"1.8,1.5,1.2",2009,"6.2,6.0,5.9",2023-12-18 15:56:04
5364128,The Fund For Peace,Fragile State Index,P2: Public Services,2023,104,181,3,0.9934,2014,"2.2,1.9,1.6",2009,"5.0,4.8,4.5",2023-12-19 00:06:42
4955587,The Fund For Peace,Fragile State Index,P1: State Legitimacy,2023,104,53,3,0.98198,2014,"1.8,1.5,1.2",2010,"4.8,4.4,4.2",2023-12-18 15:56:02
5364102,The Fund For Peace,Fragile State Index,P2: Public Services,2023,104,53,3,0.9934,2014,"2.2,1.9,1.6",2010,"3.7,3.4,3.2",2023-12-19 00:06:39
4955879,The Fund For Peace,Fragile State Index,P1: State Legitimacy,2023,104,67,3,0.98198,2014,"1.8,1.5,1.2",2008,"4.8,4.7,4.5",2023-12-18 15:56:20
5364410,The Fund For Peace,Fragile State Index,P2: Public Services,2023,104,67,3,0.9934,2014,"2.2,1.9,1.6",2008,"3.8,3.5,3.3",2023-12-19 00:07:12
4955770,The Fund For Peace,Fragile State Index,P1: State Legitimacy,2023,104,73,3,0.9934,2014,"1.8,1.5,1.2",2013,"1.0,0.8,0.5",2023-12-18 15:56:14
5364299,The Fund For Peace,Fragile State Index,P2: Public Services,2023,104,73,3,0.98198,2014,"2.2,1.9,1.6",2013,"1.5,1.4,1.2",2023-12-19 00:06:58
4956373,The Fund For Peace,Fragile State Index,P1: State Legitimacy,2023,104,122,3,0.98198,2014,"1.8,1.5,1.2",2010,"7.2,6.9,6.3",2023-12-18 15:56:48
5364945,The Fund For Peace,Fragile State Index,P2: Public Services,2023,104,122,3,0.9934,2014,"2.2,1.9,1.6",2010,"8.5,8.2,8.0",2023-12-19 00:08:13
4956178,The Fund For Peace,Fragile State Index,P1: State Legitimacy,2023,104,226,3,0.98198,2014,"1.8,1.5,1.2",2009,"6.1,5.9,5.5",2023-12-18 15:56:36
5364790,The Fund For Peace,Fragile State Index,P2: Public Services,2023,104,226,3,0.9934,2014,"2.2,1.9,1.6",2009,"5.4,5.2,4.9",2023-12-19 00:07:56
4956177,The Fund For Peace,Fragile State Index,P1: State Legitimacy,2023,104,226,3,0.9934,2014,"1.8,1.5,1.2",2008,"6.4,6.1,5.9",2023-12-18 15:56:36
5364789,The Fund For Peace,Fragile State Index,P2: Public Services,2023,104,226,3,0.98198,2014,"2.2,1.9,1.6",2008,"5.5,5.4,5.2",2023-12-19 00:07:56
4955819,The Fund For Peace,Fragile State Index,P1: State Legitimacy,2023,104,138,3,0.98198,2014,"1.8,1.5,1.2",2009,"5.3,5.1,4.7",2023-12-18 15:56:16
5364356,The Fund For Peace,Fragile State Index,P2: Public Services,2023,104,138,3,0.9934,2014,"2.2,1.9,1.6",2009,"4.4,4.2,3.9",2023-12-19 00:07:05
4955808,The Fund For Peace,Fragile State Index,P1: State Legitimacy,2023,104,52,3,0.9934,2014,"1.8,1.5,1.2",2015,"2.9,2.6,2.4",2023-12-18 15:56:16
5364338,The Fund For Peace,Fragile State Index,P2: Public Services,2023,104,52,3,0.98198,2014,"2.2,1.9,1.6",2015,"4.5,4.1,3.9",2023-12-19 00:07:03
489276,The Fund For Peace,Fragile State Index,Total,2023,104,211,3,0.98319,2015,"24.6,22.5,22.3",2015,"90.7,87.7,86.6",2023-12-13 12:17:49
2883172,The Fund For Peace,Fragile State Index,E1: Economy,2023,104,211,3,0.99187,2015,"4.1,3.6,3.4",2015,"5.9,5.6,5.4",2023-12-16 07:18:11
488836,The Fund For Peace,Fragile State Index,Total,2023,104,147,3,0.99095,2015,"24.6,22.5,22.3",2010,"77.0,76.3,76.1",2023-12-13 12:17:23
2882922,The Fund For Peace,Fragile State Index,E1: Economy,2023,104,147,3,0.98411,2015,"4.1,3.6,3.4",2010,"6.5,6.0,5.6",2023-12-16 07:17:57
489997,The Fund For Peace,Fragile State Index,Total,2023,104,198,3,0.97632,2015,"24.6,22.5,22.3",2021,"56.3,54.2,53.3",2023-12-13 12:18:33
2883537,The Fund For Peace,Fragile State Index,E1: Economy,2023,104,198,3,0.99827,2015,"4.1,3.6,3.4",2021,"5.1,4.1,3.8",2023-12-16 07:18:32
488987,The Fund For Peace,Fragile State Index,Total,2023,104,200,3,0.98231,2015,"24.6,22.5,22.3",2021,"26.6,25.8,25.5",2023-12-13 12:17:31
2883004,The Fund For Peace,Fragile State Index,E1: Economy,2023,104,200,3,0.99222,2015,"4.1,3.6,3.4",2021,"1.6,1.1,1.0",2023-12-16 07:18:02
488780,The Fund For Peace,Fragile State Index,Total,2023,104,170,3,0.9784,2015,"24.6,22.5,22.3",2018,"49.48072267554133,47.0,45.98191488845223",2023-12-13 12:17:19
2882898,The Fund For Peace,Fragile State Index,E1: Economy,2023,104,170,3,0.99407,2015,"4.1,3.6,3.4",2018,"2.9,2.8,2.73776182137433",2023-12-16 07:17:56
489314,The Fund For Peace,Fragile State Index,Total,2023,104,130,3,0.97257,2015,"24.6,22.5,22.3",2011,"91.2,88.8,89.2",2023-12-13 12:17:51
2883193,The Fund For Peace,Fragile State Index,E1: Economy,2023,104,130,3,0.99926,2015,"4.1,3.6,3.4",2011,"8.8,8.5,8.4",2023-12-16 07:18:13
489039,The Fund For Peace,Fragile State Index,Total,2023,104,156,3,0.97249,2015,"24.6,22.5,22.3",2017,"22.6,20.888699780987427,20.1",2023-12-13 12:17:34
2883040,The Fund For Peace,Fragile State Index,E1: Economy,2023,104,156,3,0.99926,2015,"4.1,3.6,3.4",2017,"3.6,3.3000000000000003,3.2",2023-12-16 07:18:04
4955814,The Fund For Peace,Fragile State Index,P1: State Legitimacy,2023,104,176,3,0.98974,2014,"1.8,1.5,1.2",2010,"4.5,4.2,3.7",2023-12-18 15:56:16
5364345,The Fund For Peace,Fragile State Index,P2: Public Services,2023,104,176,3,0.98198,2014,"2.2,1.9,1.6",2010,"3.7,3.3,3.1",2023-12-19 00:07:04
4956100,The Fund For Peace,Fragile State Index,P1: State Legitimacy,2023,104,26,3,0.98974,2014,"1.8,1.5,1.2",2009,"7.6,7.1,6.8",2023-12-18 15:56:32
5364665,The Fund For Peace,Fragile State Index,P2: Public Services,2023,104,26,3,0.98198,2014,"2.2,1.9,1.6",2009,"7.7,7.5,7.1",2023-12-19 00:07:42
4955598,The Fund For Peace,Fragile State Index,P1: State Legitimacy,2023,104,117,3,0.98974,2014,"1.8,1.5,1.2",2009,"6.5,6.0,5.7",2023-12-18 15:56:02
5364106,The Fund For Peace,Fragile State Index,P2: Public Services,2023,104,117,3,0.98198,2014,"2.2,1.9,1.6",2009,"3.5,3.1,2.9",2023-12-19 00:06:39
4490648,The Fund For Peace,Fragile State Index,E3: Human Flight and Brain Drain,2023,104,42,3,0.97073,2006,"2.0,2.1,2.0",2009,"5.7,6.1,5.8",2023-12-18 07:19:35
7092123,The Fund For Peace,Fragile State Index,X1: External Intervention,2023,104,42,3,1.0,2006,"1.0,1.5,1.5",2009,"9.1,9.6,9.6",2023-12-20 12:37:45
4490612,The Fund For Peace,Fragile State Index,E3: Human Flight and Brain Drain,2023,104,107,3,1.0,2006,"2.0,2.1,2.0",2020,"2.3,2.4,2.3",2023-12-18 07:19:33
7092059,The Fund For Peace,Fragile State Index,X1: External Intervention,2023,104,107,3,0.97073,2006,"1.0,1.5,1.5",2020,"3.1,3.4,3.5",2023-12-20 12:37:41
4490570,The Fund For Peace,Fragile State Index,E3: Human Flight and Brain Drain,2023,104,206,3,1.0,2006,"2.0,2.1,2.0",2017,"5.5,5.8,5.5",2023-12-18 07:19:30
7092019,The Fund For Peace,Fragile State Index,X1: External Intervention,2023,104,206,3,0.97073,2006,"1.0,1.5,1.5",2017,"3.0,3.3,3.4",2023-12-20 12:37:39
3468280,The Fund For Peace,Fragile State Index,E2: Economic Inequality,2023,104,204,3,1.0,2006,"3.0,2.9,3.0",2009,"8.0,7.9,8.0",2023-12-16 18:10:39
4490714,The Fund For Peace,Fragile State Index,E3: Human Flight and Brain Drain,2023,104,204,3,0.97073,2006,"2.0,2.1,2.0",2009,"5.0,5.4,5.1",2023-12-18 07:19:39
4956055,The Fund For Peace,Fragile State Index,P1: State Legitimacy,2023,104,142,3,0.97073,2014,"1.8,1.5,1.2",2011,"7.6,7.4,6.9",2023-12-18 15:56:30
5364589,The Fund For Peace,Fragile State Index,P2: Public Services,2023,104,142,3,1.0,2014,"2.2,1.9,1.6",2011,"6.3,6.0,5.7",2023-12-19 00:07:34
489411,The Fund For Peace,Fragile State Index,Total,2023,104,50,3,0.99999,2015,"24.6,22.5,22.3",2021,"108.4,107.29999999999998,107.19999999999996",2023-12-13 12:17:57
2883249,The Fund For Peace,Fragile State Index,E1: Economy,2023,104,50,3,0.97073,2015,"4.1,3.6,3.4",2021,"8.5,8.3,8.1",2023-12-16 07:18:16
488888,The Fund For Peace,Fragile State Index,Total,2023,104,78,3,0.97825,2015,"24.6,22.5,22.3",2012,"74.6,72.9,72.2",2023-12-13 12:17:26
2882955,The Fund For Peace,Fragile State Index,E1: Economy,2023,104,78,3,0.99222,2015,"4.1,3.6,3.4",2012,"5.7,5.2,5.1",2023-12-16 07:17:59
488998,The Fund For Peace,Fragile State Index,Total,2023,104,110,3,0.9996,2015,"24.6,22.5,22.3",2017,"37.4,34.47489966723306,34.3",2023-12-13 12:17:32
2883014,The Fund For Peace,Fragile State Index,E1: Economy,2023,104,110,3,0.97073,2015,"4.1,3.6,3.4",2017,"4.1,3.8,3.5",2023-12-16 07:18:03
4955563,The Fund For Peace,Fragile State Index,P1: State Legitimacy,2023,104,196,3,0.98974,2014,"1.8,1.5,1.2",2016,"5.2,4.7,4.4",2023-12-18 15:56:00
5364074,The Fund For Peace,Fragile State Index,P2: Public Services,2023,104,196,3,0.9803,2014,"2.2,1.9,1.6",2016,"7.6,7.5,7.292784655358211",2023-12-19 00:06:35
4955990,The Fund For Peace,Fragile State Index,P1: State Legitimacy,2023,104,108,3,1.0,2014,"1.8,1.5,1.2",2018,"7.6,7.3,7.0",2023-12-18 15:56:26
5364528,The Fund For Peace,Fragile State Index,P2: Public Services,2023,104,108,3,0.96995,2014,"2.2,1.9,1.6",2018,"8.520827528643354,8.2,8.07352221875831",2023-12-19 00:07:27
489076,The Fund For Peace,Fragile State Index,Total,2023,104,177,3,0.99922,2015,"24.6,22.5,22.3",2014,"33.1,29.7,29.2",2023-12-13 12:17:37
2883066,The Fund For Peace,Fragile State Index,E1: Economy,2023,104,177,3,0.97073,2015,"4.1,3.6,3.4",2014,"5.2,5.1,5.0",2023-12-16 07:18:06
489658,The Fund For Peace,Fragile State Index,Total,2023,104,173,3,0.99861,2015,"24.6,22.5,22.3",2010,"76.9,73.6,73.5",2023-12-13 12:18:12
2883371,The Fund For Peace,Fragile State Index,E1: Economy,2023,104,173,3,0.97073,2015,"4.1,3.6,3.4",2010,"5.6,5.1,4.6",2023-12-16 07:18:23
489389,The Fund For Peace,Fragile State Index,Total,2023,104,149,3,0.99852,2015,"24.6,22.5,22.3",2018,"96.09231014136056,94.3,94.0",2023-12-13 12:17:56
2883241,The Fund For Peace,Fragile State Index,E1: Economy,2023,104,149,3,0.97073,2015,"4.1,3.6,3.4",2018,"5.6000000000000005,5.3,5.0",2023-12-16 07:18:15
489993,The Fund For Peace,Fragile State Index,Total,2023,104,198,3,0.97719,2015,"24.6,22.5,22.3",2015,"62.1,60.2,59.4",2023-12-13 12:18:33
2883535,The Fund For Peace,Fragile State Index,E1: Economy,2023,104,198,3,0.99187,2015,"4.1,3.6,3.4",2015,"4.6,4.3,4.1",2023-12-16 07:18:32
489091,The Fund For Peace,Fragile State Index,Total,2023,104,74,3,0.99806,2015,"24.6,22.5,22.3",2017,"33.5,32.22701109659329,32.0",2023-12-13 12:17:38
2883076,The Fund For Peace,Fragile State Index,E1: Economy,2023,104,74,3,0.97073,2015,"4.1,3.6,3.4",2017,"4.3,4.0,3.7",2023-12-16 07:18:06
490138,The Fund For Peace,Fragile State Index,Total,2023,104,132,3,0.99774,2015,"24.6,22.5,22.3",2010,"78.3,75.6,75.1",2023-12-13 12:18:42
2883611,The Fund For Peace,Fragile State Index,E1: Economy,2023,104,132,3,0.97073,2015,"4.1,3.6,3.4",2010,"7.0,6.7,6.4",2023-12-16 07:18:37
489387,The Fund For Peace,Fragile State Index,Total,2023,104,149,3,0.99763,2015,"24.6,22.5,22.3",2012,"96.2,94.6,94.3",2023-12-13 12:17:56
2883236,The Fund For Peace,Fragile State Index,E1: Economy,2023,104,149,3,0.97073,2015,"4.1,3.6,3.4",2012,"7.6,7.3,7.0",2023-12-16 07:18:15
489615,The Fund For Peace,Fragile State Index,Total,2023,104,54,3,0.99692,2015,"24.6,22.5,22.3",2006,"81.9,78.6,78.6",2023-12-13 12:18:09
2883353,The Fund For Peace,Fragile State Index,E1: Economy,2023,104,54,3,0.97073,2015,"4.1,3.6,3.4",2006,"6.5,6.3,6.1",2023-12-16 07:18:22
489205,The Fund For Peace,Fragile State Index,Total,2023,104,236,3,0.99692,2015,"24.6,22.5,22.3",2010,"35.3,34.8,34.8",2023-12-13 12:17:45
2883133,The Fund For Peace,Fragile State Index,E1: Economy,2023,104,236,3,0.97073,2015,"4.1,3.6,3.4",2010,"4.0,3.7,3.4",2023-12-16 07:18:09
4956261,The Fund For Peace,Fragile State Index,P1: State Legitimacy,2023,104,198,3,0.97073,2014,"1.8,1.5,1.2",2010,"7.0,6.8,6.3",2023-12-18 15:56:41
5364826,The Fund For Peace,Fragile State Index,P2: Public Services,2023,104,198,3,0.99662,2014,"2.2,1.9,1.6",2010,"4.5,4.1,3.8",2023-12-19 00:08:01
490038,The Fund For Peace,Fragile State Index,Total,2023,104,99,3,0.99536,2015,"24.6,22.5,22.3",2017,"22.5,20.3,19.8",2023-12-13 12:18:35
2883555,The Fund For Peace,Fragile State Index,E1: Economy,2023,104,99,3,0.97073,2015,"4.1,3.6,3.4",2017,"3.3,3.2,3.1",2023-12-16 07:18:33
489775,The Fund For Peace,Fragile State Index,Total,2023,104,25,3,0.99513,2015,"24.6,22.5,22.3",2011,"85.0,82.4,81.8",2023-12-13 12:18:19
2883435,The Fund For Peace,Fragile State Index,E1: Economy,2023,104,25,3,0.97073,2015,"4.1,3.6,3.4",2011,"6.9,6.6,6.3",2023-12-16 07:18:26
489290,The Fund For Peace,Fragile State Index,Total,2023,104,152,3,0.97825,2015,"24.6,22.5,22.3",2010,"95.4,93.7,93.0",2023-12-13 12:17:50
2883182,The Fund For Peace,Fragile State Index,E1: Economy,2023,104,152,3,0.98718,2015,"4.1,3.6,3.4",2010,"8.3,7.9,7.6",2023-12-16 07:18:12
4956295,The Fund For Peace,Fragile State Index,P1: State Legitimacy,2023,104,234,3,0.97185,2014,"1.8,1.5,1.2",2016,"6.9,6.7,6.618284381065847",2023-12-18 15:56:43
5364872,The Fund For Peace,Fragile State Index,P2: Public Services,2023,104,234,3,0.9934,2014,"2.2,1.9,1.6",2016,"2.4,2.2,1.9",2023-12-19 00:08:06
488799,The Fund For Peace,Fragile State Index,Total,2023,104,181,3,0.96998,2015,"24.6,22.5,22.3",2014,"56.9,54.2,52.9",2023-12-13 12:17:20
2882904,The Fund For Peace,Fragile State Index,E1: Economy,2023,104,181,3,0.99508,2015,"4.1,3.6,3.4",2014,"5.7,5.2,4.9",2023-12-16 07:17:56
490120,The Fund For Peace,Fragile State Index,Total,2023,104,194,3,0.99368,2015,"24.6,22.5,22.3",2016,"72.9,72.1,72.1307816493097",2023-12-13 12:18:41
2883600,The Fund For Peace,Fragile State Index,E1: Economy,2023,104,194,3,0.97135,2015,"4.1,3.6,3.4",2016,"8.7,8.5,8.49027874483329",2023-12-16 07:18:36
4956343,The Fund For Peace,Fragile State Index,P1: State Legitimacy,2023,104,49,3,0.97073,2014,"1.8,1.5,1.2",2009,"8.7,8.2,8.0",2023-12-18 15:56:46
5364915,The Fund For Peace,Fragile State Index,P2: Public Services,2023,104,49,3,0.9934,2014,"2.2,1.9,1.6",2009,"8.7,8.5,8.2",2023-12-19 00:08:10
4956193,The Fund For Peace,Fragile State Index,P1: State Legitimacy,2023,104,16,3,0.97073,2014,"1.8,1.5,1.2",2016,"4.0,3.8,3.3",2023-12-18 15:56:37
5364798,The Fund For Peace,Fragile State Index,P2: Public Services,2023,104,16,3,0.9934,2014,"2.2,1.9,1.6",2016,"4.8,4.6,4.3",2023-12-19 00:07:57
4955657,The Fund For Peace,Fragile State Index,P1: State Legitimacy,2023,104,163,3,0.97073,2014,"1.8,1.5,1.2",2008,"7.6,7.4,6.9",2023-12-18 15:56:06
5364168,The Fund For Peace,Fragile State Index,P2: Public Services,2023,104,163,3,0.9934,2014,"2.2,1.9,1.6",2008,"5.1,4.8,4.6",2023-12-19 00:06:47
4956356,The Fund For Peace,Fragile State Index,P1: State Legitimacy,2023,104,37,3,0.9934,2014,"1.8,1.5,1.2",2009,"7.4,7.2,6.9",2023-12-18 15:56:47
5364931,The Fund For Peace,Fragile State Index,P2: Public Services,2023,104,37,3,0.97073,2014,"2.2,1.9,1.6",2009,"7.6,7.4,6.9",2023-12-19 00:08:11
4956327,The Fund For Peace,Fragile State Index,P1: State Legitimacy,2023,104,222,3,0.97073,2014,"1.8,1.5,1.2",2016,"7.1,6.9,6.4",2023-12-18 15:56:45
5364898,The Fund For Peace,Fragile State Index,P2: Public Services,2023,104,222,3,0.9934,2014,"2.2,1.9,1.6",2016,"8.7,8.5,8.2",2023-12-19 00:08:08
4956131,The Fund For Peace,Fragile State Index,P1: State Legitimacy,2023,104,25,3,0.97073,2014,"1.8,1.5,1.2",2015,"5.0,4.5,4.3",2023-12-18 15:56:33
5364721,The Fund For Peace,Fragile State Index,P2: Public Services,2023,104,25,3,0.9934,2014,"2.2,1.9,1.6",2015,"6.6,6.3,6.1",2023-12-19 00:07:48
4955880,The Fund For Peace,Fragile State Index,P1: State Legitimacy,2023,104,67,3,0.98198,2014,"1.8,1.5,1.2",2009,"4.7,4.5,4.1",2023-12-18 15:56:20
5364411,The Fund For Peace,Fragile State Index,P2: Public Services,2023,104,67,3,0.98198,2014,"2.2,1.9,1.6",2009,"3.5,3.3,2.9",2023-12-19 00:07:12
4956049,The Fund For Peace,Fragile State Index,P1: State Legitimacy,2023,104,45,3,0.98198,2014,"1.8,1.5,1.2",2009,"8.5,8.3,7.9",2023-12-18 15:56:29
5364578,The Fund For Peace,Fragile State Index,P2: Public Services,2023,104,45,3,0.98198,2014,"2.2,1.9,1.6",2009,"7.2,7.0,6.6",2023-12-19 00:07:32
4955898,The Fund For Peace,Fragile State Index,P1: State Legitimacy,2023,104,3,3,0.98198,2014,"1.8,1.5,1.2",2009,"7.7,7.5,7.1",2023-12-18 15:56:21
5364436,The Fund For Peace,Fragile State Index,P2: Public Services,2023,104,3,3,0.98198,2014,"2.2,1.9,1.6",2009,"6.7,6.5,6.1",2023-12-19 00:07:15
4956300,The Fund For Peace,Fragile State Index,P1: State Legitimacy,2023,104,134,3,0.98198,2014,"1.8,1.5,1.2",2015,"3.9,3.8,3.6",2023-12-18 15:56:43
5364880,The Fund For Peace,Fragile State Index,P2: Public Services,2023,104,134,3,0.98198,2014,"2.2,1.9,1.6",2015,"2.3,2.2,2.0",2023-12-19 00:08:06
4955832,The Fund For Peace,Fragile State Index,P1: State Legitimacy,2023,104,238,3,0.98198,2014,"1.8,1.5,1.2",2008,"2.9,2.8,2.6",2023-12-18 15:56:17
5364368,The Fund For Peace,Fragile State Index,P2: Public Services,2023,104,238,3,0.98198,2014,"2.2,1.9,1.6",2008,"4.0,3.6,3.4",2023-12-19 00:07:07
4956369,The Fund For Peace,Fragile State Index,P1: State Legitimacy,2023,104,68,3,0.98198,2014,"1.8,1.5,1.2",2009,"8.8,8.6,8.5",2023-12-18 15:56:47
5364939,The Fund For Peace,Fragile State Index,P2: Public Services,2023,104,68,3,0.98198,2014,"2.2,1.9,1.6",2009,"7.8,7.6,7.5",2023-12-19 00:08:12
4956028,The Fund For Peace,Fragile State Index,P1: State Legitimacy,2023,104,28,3,0.98198,2014,"1.8,1.5,1.2",2009,"8.2,8.0,7.6",2023-12-18 15:56:28
5364563,The Fund For Peace,Fragile State Index,P2: Public Services,2023,104,28,3,0.98198,2014,"2.2,1.9,1.6",2009,"5.6,5.4,5.0",2023-12-19 00:07:31
4955833,The Fund For Peace,Fragile State Index,P1: State Legitimacy,2023,104,238,3,0.98198,2014,"1.8,1.5,1.2",2009,"2.8,2.6,2.5",2023-12-18 15:56:17
5364369,The Fund For Peace,Fragile State Index,P2: Public Services,2023,104,238,3,0.98198,2014,"2.2,1.9,1.6",2009,"3.6,3.4,3.3",2023-12-19 00:07:07
4956294,The Fund For Peace,Fragile State Index,P1: State Legitimacy,2023,104,234,3,0.98198,2014,"1.8,1.5,1.2",2010,"6.7,6.5,6.4",2023-12-18 15:56:43
5364868,The Fund For Peace,Fragile State Index,P2: Public Services,2023,104,234,3,0.98198,2014,"2.2,1.9,1.6",2010,"3.4,3.3,3.1",2023-12-19 00:08:05
4956310,The Fund For Peace,Fragile State Index,P1: State Legitimacy,2023,104,204,3,0.98198,2014,"1.8,1.5,1.2",2008,"8.7,8.3,8.1",2023-12-18 15:56:44
5364893,The Fund For Peace,Fragile State Index,P2: Public Services,2023,104,204,3,0.98198,2014,"2.2,1.9,1.6",2008,"8.5,8.4,8.2",2023-12-19 00:08:07
490145,The Fund For Peace,Fragile State Index,Total,2023,104,132,3,0.96566,2015,"24.6,22.5,22.3",2021,"67.6,64.50000000000001,62.9",2023-12-13 12:18:42
2883617,The Fund For Peace,Fragile State Index,E1: Economy,2023,104,132,3,0.99827,2015,"4.1,3.6,3.4",2021,"6.5,5.5,5.2",2023-12-16 07:18:37
490054,The Fund For Peace,Fragile State Index,Total,2023,104,234,3,0.96745,2015,"24.6,22.5,22.3",2012,"48.9,47.3,47.6",2023-12-13 12:18:36
2883569,The Fund For Peace,Fragile State Index,E1: Economy,2023,104,234,3,0.99587,2015,"4.1,3.6,3.4",2012,"3.9,3.5,3.4",2023-12-16 07:18:34
4955678,The Fund For Peace,Fragile State Index,P1: State Legitimacy,2023,104,79,3,0.98974,2014,"1.8,1.5,1.2",2018,"8.299999999999999,7.8,7.5",2023-12-18 15:56:08
5364193,The Fund For Peace,Fragile State Index,P2: Public Services,2023,104,79,3,0.97357,2014,"2.2,1.9,1.6",2018,"7.5,7.3,7.215577531075619",2023-12-19 00:06:49
490056,The Fund For Peace,Fragile State Index,Total,2023,104,234,3,0.97131,2015,"24.6,22.5,22.3",2015,"46.2,44.5,43.7",2023-12-13 12:18:36
2883571,The Fund For Peace,Fragile State Index,E1: Economy,2023,104,234,3,0.99187,2015,"4.1,3.6,3.4",2015,"2.9,2.6,2.4",2023-12-16 07:18:34
489926,The Fund For Peace,Fragile State Index,Total,2023,104,22,3,0.96769,2015,"24.6,22.5,22.3",2010,"68.7,67.7,67.2",2023-12-13 12:18:28
2883509,The Fund For Peace,Fragile State Index,E1: Economy,2023,104,22,3,0.99508,2015,"4.1,3.6,3.4",2010,"6.2,5.7,5.4",2023-12-16 07:18:31
488914,The Fund For Peace,Fragile State Index,Total,2023,104,172,3,0.96769,2015,"24.6,22.5,22.3",2007,"72.9,72.3,72.0",2023-12-13 12:17:27
2882969,The Fund For Peace,Fragile State Index,E1: Economy,2023,104,172,3,0.99508,2015,"4.1,3.6,3.4",2007,"6.7,6.2,5.9",2023-12-16 07:18:00
490141,The Fund For Peace,Fragile State Index,Total,2023,104,132,3,0.99203,2015,"24.6,22.5,22.3",2014,"75.4,74.3,74.0",2023-12-13 12:18:42
2883612,The Fund For Peace,Fragile State Index,E1: Economy,2023,104,132,3,0.97073,2015,"4.1,3.6,3.4",2014,"6.7,6.4,6.1",2023-12-16 07:18:37
489098,The Fund For Peace,Fragile State Index,Total,2023,104,126,3,0.97498,2015,"24.6,22.5,22.3",2010,"47.8,45.3,44.2",2023-12-13 12:17:38
2883079,The Fund For Peace,Fragile State Index,E1: Economy,2023,104,126,3,0.98718,2015,"4.1,3.6,3.4",2010,"5.7,5.3,5.0",2023-12-16 07:18:06
488747,The Fund For Peace,Fragile State Index,Total,2023,104,53,3,0.96193,2015,"24.6,22.5,22.3",2012,"56.3,54.1,52.9",2023-12-13 12:17:17
2882882,The Fund For Peace,Fragile State Index,E1: Economy,2023,104,53,3,0.99926,2015,"4.1,3.6,3.4",2012,"5.4,5.1,5.0",2023-12-16 07:17:55
489406,The Fund For Peace,Fragile State Index,Total,2023,104,50,3,0.99022,2015,"24.6,22.5,22.3",2013,"111.9,110.2,109.7",2023-12-13 12:17:57
2883248,The Fund For Peace,Fragile State Index,E1: Economy,2023,104,50,3,0.97073,2015,"4.1,3.6,3.4",2013,"8.5,8.2,7.9",2023-12-16 07:18:16
4956048,The Fund For Peace,Fragile State Index,P1: State Legitimacy,2023,104,223,3,1.0,2014,"1.8,1.5,1.2",2021,"8.2,7.9,7.6",2023-12-18 15:56:29
5364577,The Fund For Peace,Fragile State Index,P2: Public Services,2023,104,223,3,0.96077,2014,"2.2,1.9,1.6",2021,"8.5,8.2,8.1",2023-12-19 00:07:32
4956332,The Fund For Peace,Fragile State Index,P1: State Legitimacy,2023,104,222,3,1.0,2014,"1.8,1.5,1.2",2021,"5.5,5.2,4.9",2023-12-18 15:56:45
5364901,The Fund For Peace,Fragile State Index,P2: Public Services,2023,104,222,3,0.96077,2014,"2.2,1.9,1.6",2021,"7.6,7.3,7.2",2023-12-19 00:08:08
4956118,The Fund For Peace,Fragile State Index,P1: State Legitimacy,2023,104,66,3,0.96077,2014,"1.8,1.5,1.2",2010,"8.8,8.5,8.4",2023-12-18 15:56:33
5364698,The Fund For Peace,Fragile State Index,P2: Public Services,2023,104,66,3,1.0,2014,"2.2,1.9,1.6",2010,"8.6,8.4,8.2",2023-12-19 00:07:46
4956082,The Fund For Peace,Fragile State Index,P1: State Legitimacy,2023,104,169,3,0.96077,2014,"1.8,1.5,1.2",2013,"6.7,6.6,6.3",2023-12-18 15:56:31
5364639,The Fund For Peace,Fragile State Index,P2: Public Services,2023,104,169,3,1.0,2014,"2.2,1.9,1.6",2013,"5.9,5.6,5.3",2023-12-19 00:07:39
4955650,The Fund For Peace,Fragile State Index,P1: State Legitimacy,2023,104,64,3,1.0,2014,"1.8,1.5,1.2",2010,"6.8,6.5,6.2",2023-12-18 15:56:06
5364160,The Fund For Peace,Fragile State Index,P2: Public Services,2023,104,64,3,0.96077,2014,"2.2,1.9,1.6",2010,"7.0,6.9,6.6",2023-12-19 00:06:46
4955827,The Fund For Peace,Fragile State Index,P1: State Legitimacy,2023,104,138,3,1.0,2014,"1.8,1.5,1.2",2017,"3.0,2.7,2.4",2023-12-18 15:56:17
5364360,The Fund For Peace,Fragile State Index,P2: Public Services,2023,104,138,3,0.96077,2014,"2.2,1.9,1.6",2017,"3.3,3.0,2.9",2023-12-19 00:07:06
4956198,The Fund For Peace,Fragile State Index,P1: State Legitimacy,2023,104,16,3,1.0,2014,"1.8,1.5,1.2",2021,"2.4,2.1,1.8",2023-12-18 15:56:37
5364800,The Fund For Peace,Fragile State Index,P2: Public Services,2023,104,16,3,0.96077,2014,"2.2,1.9,1.6",2021,"5.7,5.6,5.3",2023-12-19 00:07:57
4955756,The Fund For Peace,Fragile State Index,P1: State Legitimacy,2023,104,21,3,0.96077,2014,"1.8,1.5,1.2",2014,"2.0,1.9,1.6",2023-12-18 15:56:13
5364275,The Fund For Peace,Fragile State Index,P2: Public Services,2023,104,21,3,1.0,2014,"2.2,1.9,1.6",2014,"2.4,2.1,1.8",2023-12-19 00:06:55
4955651,The Fund For Peace,Fragile State Index,P1: State Legitimacy,2023,104,64,3,1.0,2014,"1.8,1.5,1.2",2011,"6.5,6.2,5.9",2023-12-18 15:56:06
5364161,The Fund For Peace,Fragile State Index,P2: Public Services,2023,104,64,3,0.96077,2014,"2.2,1.9,1.6",2011,"6.9,6.6,6.5",2023-12-19 00:06:46
4956152,The Fund For Peace,Fragile State Index,P1: State Legitimacy,2023,104,61,3,0.96077,2014,"1.8,1.5,1.2",2011,"5.8,5.7,5.4",2023-12-18 15:56:35
5364761,The Fund For Peace,Fragile State Index,P2: Public Services,2023,104,61,3,1.0,2014,"2.2,1.9,1.6",2011,"6.8,6.5,6.2",2023-12-19 00:07:53
4955861,The Fund For Peace,Fragile State Index,P1: State Legitimacy,2023,104,210,3,0.96077,2014,"1.8,1.5,1.2",2014,"3.4,3.3,3.0",2023-12-18 15:56:19
5364391,The Fund For Peace,Fragile State Index,P2: Public Services,2023,104,210,3,1.0,2014,"2.2,1.9,1.6",2014,"3.0,2.7,2.4",2023-12-19 00:07:10
4956081,The Fund For Peace,Fragile State Index,P1: State Legitimacy,2023,104,169,3,0.96077,2014,"1.8,1.5,1.2",2012,"7.0,6.7,6.6",2023-12-18 15:56:31
5364638,The Fund For Peace,Fragile State Index,P2: Public Services,2023,104,169,3,1.0,2014,"2.2,1.9,1.6",2012,"6.2,5.9,5.6",2023-12-19 00:07:39
4956051,The Fund For Peace,Fragile State Index,P1: State Legitimacy,2023,104,45,3,0.96077,2014,"1.8,1.5,1.2",2021,"8.5,8.2,8.1",2023-12-18 15:56:29
5364586,The Fund For Peace,Fragile State Index,P2: Public Services,2023,104,45,3,1.0,2014,"2.2,1.9,1.6",2021,"5.3,5.0,4.7",2023-12-19 00:07:33
4955632,The Fund For Peace,Fragile State Index,P1: State Legitimacy,2023,104,100,3,0.96077,2014,"1.8,1.5,1.2",2018,"4.4,4.1,4.0",2023-12-18 15:56:04
5364139,The Fund For Peace,Fragile State Index,P2: Public Services,2023,104,100,3,1.0,2014,"2.2,1.9,1.6",2018,"7.1000000000000005,6.8,6.5",2023-12-19 00:06:44
4955579,The Fund For Peace,Fragile State Index,P1: State Legitimacy,2023,104,31,3,1.0,2014,"1.8,1.5,1.2",2011,"5.9,5.6,5.3",2023-12-18 15:56:01
5364095,The Fund For Peace,Fragile State Index,P2: Public Services,2023,104,31,3,0.96077,2014,"2.2,1.9,1.6",2011,"5.8,5.5,5.4",2023-12-19 00:06:38
4956180,The Fund For Peace,Fragile State Index,P1: State Legitimacy,2023,104,226,3,1.0,2014,"1.8,1.5,1.2",2013,"5.6,5.3,5.0",2023-12-18 15:56:36
5364791,The Fund For Peace,Fragile State Index,P2: Public Services,2023,104,226,3,0.96077,2014,"2.2,1.9,1.6",2013,"5.2,5.1,4.8",2023-12-19 00:07:56
4955719,The Fund For Peace,Fragile State Index,P1: State Legitimacy,2023,104,120,3,0.96077,2014,"1.8,1.5,1.2",2021,"2.2,2.1,1.8",2023-12-18 15:56:11
5364242,The Fund For Peace,Fragile State Index,P2: Public Services,2023,104,120,3,1.0,2014,"2.2,1.9,1.6",2021,"3.9,3.6,3.3",2023-12-19 00:06:53
4956173,The Fund For Peace,Fragile State Index,P1: State Legitimacy,2023,104,9,3,1.0,2014,"1.8,1.5,1.2",2018,"5.1000000000000005,4.8,4.5",2023-12-18 15:56:36
5364786,The Fund For Peace,Fragile State Index,P2: Public Services,2023,104,9,3,0.96077,2014,"2.2,1.9,1.6",2018,"3.8,3.7,3.4000000000000004",2023-12-19 00:07:56
4955548,The Fund For Peace,Fragile State Index,P1: State Legitimacy,2023,104,109,3,0.96077,2014,"1.8,1.5,1.2",2010,"6.8,6.5,6.4",2023-12-18 15:55:59
5364065,The Fund For Peace,Fragile State Index,P2: Public Services,2023,104,109,3,1.0,2014,"2.2,1.9,1.6",2010,"6.2,5.9,5.6",2023-12-19 00:06:34
4955707,The Fund For Peace,Fragile State Index,P1: State Legitimacy,2023,104,23,3,1.0,2014,"1.8,1.5,1.2",2017,"5.4,5.1000000000000005,4.8",2023-12-18 15:56:10
5364232,The Fund For Peace,Fragile State Index,P2: Public Services,2023,104,23,3,0.96077,2014,"2.2,1.9,1.6",2017,"8.7,8.399999999999999,8.3",2023-12-19 00:06:53
4956358,The Fund For Peace,Fragile State Index,P1: State Legitimacy,2023,104,37,3,1.0,2014,"1.8,1.5,1.2",2011,"6.9,6.6,6.3",2023-12-18 15:56:47
5364933,The Fund For Peace,Fragile State Index,P2: Public Services,2023,104,37,3,0.96077,2014,"2.2,1.9,1.6",2011,"6.9,6.6,6.5",2023-12-19 00:08:11
4955619,The Fund For Peace,Fragile State Index,P1: State Legitimacy,2023,104,144,3,1.0,2014,"1.8,1.5,1.2",2014,"4.8,4.5,4.2",2023-12-18 15:56:04
5364121,The Fund For Peace,Fragile State Index,P2: Public Services,2023,104,144,3,0.96077,2014,"2.2,1.9,1.6",2014,"6.0,5.7,5.6",2023-12-19 00:06:41
4955610,The Fund For Peace,Fragile State Index,P1: State Legitimacy,2023,104,170,3,0.98974,2014,"1.8,1.5,1.2",2015,"4.0,3.7,3.2",2023-12-18 15:56:03
5364117,The Fund For Peace,Fragile State Index,P2: Public Services,2023,104,170,3,0.97073,2014,"2.2,1.9,1.6",2015,"5.5,5.3,4.8",2023-12-19 00:06:41
489287,The Fund For Peace,Fragile State Index,Total,2023,104,69,3,0.98954,2015,"24.6,22.5,22.3",2018,"99.56909778499838,94.2,94.59577634557802",2023-12-13 12:17:50
2883178,The Fund For Peace,Fragile State Index,E1: Economy,2023,104,69,3,0.97073,2015,"4.1,3.6,3.4",2018,"6.7,6.4,6.1000000000000005",2023-12-16 07:18:12
489796,The Fund For Peace,Fragile State Index,Total,2023,104,229,3,0.98931,2015,"24.6,22.5,22.3",2011,"79.7,77.4,76.7",2023-12-13 12:18:20
2883453,The Fund For Peace,Fragile State Index,E1: Economy,2023,104,229,3,0.97073,2015,"4.1,3.6,3.4",2011,"6.0,5.7,5.4",2023-12-16 07:18:28
489297,The Fund For Peace,Fragile State Index,Total,2023,104,152,3,0.99834,2015,"24.6,22.5,22.3",2019,"84.7,82.56660214637142,82.2",2023-12-13 12:17:50
2883188,The Fund For Peace,Fragile State Index,E1: Economy,2023,104,152,3,0.96077,2015,"4.1,3.6,3.4",2019,"5.6,5.3,5.3",2023-12-16 07:18:12
489544,The Fund For Peace,Fragile State Index,Total,2023,104,199,3,0.99973,2015,"24.6,22.5,22.3",2016,"91.0,89.3,89.08699644672271",2023-12-13 12:18:05
2883318,The Fund For Peace,Fragile State Index,E1: Economy,2023,104,199,3,0.95924,2015,"4.1,3.6,3.4",2016,"8.8,8.6,8.36702819977454",2023-12-16 07:18:20
4955570,The Fund For Peace,Fragile State Index,P1: State Legitimacy,2023,104,2,3,0.99795,2014,"1.8,1.5,1.2",2009,"7.3,6.8,6.4",2023-12-18 15:56:01
5364085,The Fund For Peace,Fragile State Index,P2: Public Services,2023,104,2,3,0.96077,2014,"2.2,1.9,1.6",2009,"5.8,5.6,5.0",2023-12-19 00:06:36
489508,The Fund For Peace,Fragile State Index,Total,2023,104,162,3,0.9979,2015,"24.6,22.5,22.3",2013,"95.1,94.0,93.8",2023-12-13 12:18:03
2883305,The Fund For Peace,Fragile State Index,E1: Economy,2023,104,162,3,0.96077,2015,"4.1,3.6,3.4",2013,"9.3,9.0,9.0",2023-12-16 07:18:19
489621,The Fund For Peace,Fragile State Index,Total,2023,104,54,3,0.98753,2015,"24.6,22.5,22.3",2014,"70.8,67.4,66.3",2023-12-13 12:18:10
2883358,The Fund For Peace,Fragile State Index,E1: Economy,2023,104,54,3,0.97073,2015,"4.1,3.6,3.4",2014,"4.8,4.5,4.2",2023-12-16 07:18:22
489693,The Fund For Peace,Fragile State Index,Total,2023,104,220,3,0.99692,2015,"24.6,22.5,22.3",2013,"81.1,80.8,80.8",2023-12-13 12:18:14
2883393,The Fund For Peace,Fragile State Index,E1: Economy,2023,104,220,3,0.96077,2015,"4.1,3.6,3.4",2013,"6.8,6.7,6.7",2023-12-16 07:18:24
490073,The Fund For Peace,Fragile State Index,Total,2023,104,72,3,0.99599,2015,"24.6,22.5,22.3",2014,"79.0,76.7,76.2",2023-12-13 12:18:37
2883579,The Fund For Peace,Fragile State Index,E1: Economy,2023,104,72,3,0.96077,2015,"4.1,3.6,3.4",2014,"7.0,6.7,6.7",2023-12-16 07:18:35
490177,The Fund For Peace,Fragile State Index,Total,2023,104,209,3,0.98567,2015,"24.6,22.5,22.3",2021,"109.4,108.4,108.5",2023-12-13 12:18:45
2883624,The Fund For Peace,Fragile State Index,E1: Economy,2023,104,209,3,0.97073,2015,"4.1,3.6,3.4",2021,"9.2,8.9,8.6",2023-12-16 07:18:37
4490632,The Fund For Peace,Fragile State Index,E3: Human Flight and Brain Drain,2023,104,114,3,0.97073,2006,"2.0,2.1,2.0",2008,"8.0,8.3,7.9",2023-12-18 07:19:34
7092087,The Fund For Peace,Fragile State Index,X1: External Intervention,2023,104,114,3,0.98533,2006,"1.0,1.5,1.5",2008,"7.3,8.2,8.4",2023-12-20 12:37:43
4955867,The Fund For Peace,Fragile State Index,P1: State Legitimacy,2023,104,203,3,1.0,2014,"1.8,1.5,1.2",2017,"2.7,2.4000000000000004,2.1",2023-12-18 15:56:19
5364402,The Fund For Peace,Fragile State Index,P2: Public Services,2023,104,203,3,0.95591,2014,"2.2,1.9,1.6",2017,"1.5,1.3467923265211486,1.3",2023-12-19 00:07:11
489382,The Fund For Peace,Fragile State Index,Total,2023,104,18,3,0.98492,2015,"24.6,22.5,22.3",2019,"87.7,85.69999999999999,85.0",2023-12-13 12:17:55
2883232,The Fund For Peace,Fragile State Index,E1: Economy,2023,104,18,3,0.97073,2015,"4.1,3.6,3.4",2019,"6.1,5.8,5.5",2023-12-16 07:18:15
488797,The Fund For Peace,Fragile State Index,Total,2023,104,181,3,0.99463,2015,"24.6,22.5,22.3",2012,"59.5,57.4,56.9",2023-12-13 12:17:20
2882903,The Fund For Peace,Fragile State Index,E1: Economy,2023,104,181,3,0.96077,2015,"4.1,3.6,3.4",2012,"6.0,5.7,5.7",2023-12-16 07:17:56
490147,The Fund For Peace,Fragile State Index,Total,2023,104,37,3,0.95603,2015,"24.6,22.5,22.3",2008,"80.7,78.5,77.2",2023-12-13 12:18:42
2883618,The Fund For Peace,Fragile State Index,E1: Economy,2023,104,37,3,0.99926,2015,"4.1,3.6,3.4",2008,"7.8,7.2,7.0",2023-12-16 07:18:37
489129,The Fund For Peace,Fragile State Index,Total,2023,104,98,3,0.98627,2015,"24.6,22.5,22.3",2017,"52.0,50.20431326900252,49.6",2023-12-13 12:17:40
2883094,The Fund For Peace,Fragile State Index,E1: Economy,2023,104,98,3,0.9687,2015,"4.1,3.6,3.4",2017,"5.4,5.10431326900252,4.8",2023-12-16 07:18:07
4955567,The Fund For Peace,Fragile State Index,P1: State Legitimacy,2023,104,227,3,0.95492,2014,"1.8,1.5,1.2",2014,"8.0,7.0,6.7",2023-12-18 15:56:01
5364077,The Fund For Peace,Fragile State Index,P2: Public Services,2023,104,227,3,1.0,2014,"2.2,1.9,1.6",2014,"5.2,4.9,4.6",2023-12-19 00:06:36
488830,The Fund For Peace,Fragile State Index,Total,2023,104,150,3,0.96264,2015,"24.6,22.5,22.3",2018,"68.81558956891207,66.4,65.09591525499161",2023-12-13 12:17:22
2882919,The Fund For Peace,Fragile State Index,E1: Economy,2023,104,150,3,0.99188,2015,"4.1,3.6,3.4",2018,"7.1,7.0,6.933347397957134",2023-12-16 07:17:57
489636,The Fund For Peace,Fragile State Index,Total,2023,104,121,3,0.95566,2015,"24.6,22.5,22.3",2010,"90.9,87.7,85.8",2023-12-13 12:18:11
2883362,The Fund For Peace,Fragile State Index,E1: Economy,2023,104,121,3,0.99863,2015,"4.1,3.6,3.4",2010,"6.1,5.7,5.5",2023-12-16 07:18:22
489223,The Fund For Peace,Fragile State Index,Total,2023,104,166,3,0.98351,2015,"24.6,22.5,22.3",2014,"53.1,52.0,51.6",2023-12-13 12:17:46
2883147,The Fund For Peace,Fragile State Index,E1: Economy,2023,104,166,3,0.97073,2015,"4.1,3.6,3.4",2014,"4.8,4.5,4.2",2023-12-16 07:18:10
4955740,The Fund For Peace,Fragile State Index,P1: State Legitimacy,2023,104,110,3,0.9934,2014,"1.8,1.5,1.2",2013,"2.2,2.0,1.7",2023-12-18 15:56:12
5364263,The Fund For Peace,Fragile State Index,P2: Public Services,2023,104,110,3,0.96077,2014,"2.2,1.9,1.6",2013,"2.5,2.4,2.1",2023-12-19 00:06:55
4956092,The Fund For Peace,Fragile State Index,P1: State Legitimacy,2023,104,243,3,0.96077,2014,"1.8,1.5,1.2",2021,"8.4,8.3,8.0",2023-12-18 15:56:31
5364661,The Fund For Peace,Fragile State Index,P2: Public Services,2023,104,243,3,0.9934,2014,"2.2,1.9,1.6",2021,"4.3,4.0,3.8",2023-12-19 00:07:42
4955839,The Fund For Peace,Fragile State Index,P1: State Legitimacy,2023,104,238,3,0.96077,2014,"1.8,1.5,1.2",2015,"1.4,1.1,1.0",2023-12-18 15:56:18
5364371,The Fund For Peace,Fragile State Index,P2: Public Services,2023,104,238,3,0.9934,2014,"2.2,1.9,1.6",2015,"3.4,3.1,2.9",2023-12-19 00:07:08
4956312,The Fund For Peace,Fragile State Index,P1: State Legitimacy,2023,104,204,3,0.9934,2014,"1.8,1.5,1.2",2010,"8.1,7.9,7.6",2023-12-18 15:56:44
5364895,The Fund For Peace,Fragile State Index,P2: Public Services,2023,104,204,3,0.96077,2014,"2.2,1.9,1.6",2010,"8.2,8.1,7.8",2023-12-19 00:08:08
4956370,The Fund For Peace,Fragile State Index,P1: State Legitimacy,2023,104,68,3,0.95363,2014,"1.8,1.5,1.2",2017,"8.8,8.567996466882283,8.5",2023-12-18 15:56:47
5364941,The Fund For Peace,Fragile State Index,P2: Public Services,2023,104,68,3,1.0,2014,"2.2,1.9,1.6",2017,"8.1,7.8,7.5",2023-12-19 00:08:12
4956144,The Fund For Peace,Fragile State Index,P1: State Legitimacy,2023,104,229,3,0.98198,2014,"1.8,1.5,1.2",2008,"8.7,8.5,8.4",2023-12-18 15:56:34
5364730,The Fund For Peace,Fragile State Index,P2: Public Services,2023,104,229,3,0.97073,2014,"2.2,1.9,1.6",2008,"7.7,7.2,7.0",2023-12-19 00:07:49
4955658,The Fund For Peace,Fragile State Index,P1: State Legitimacy,2023,104,163,3,0.97073,2014,"1.8,1.5,1.2",2009,"7.4,6.9,6.7",2023-12-18 15:56:06
5364169,The Fund For Peace,Fragile State Index,P2: Public Services,2023,104,163,3,0.98198,2014,"2.2,1.9,1.6",2009,"4.8,4.6,4.2",2023-12-19 00:06:47
489073,The Fund For Peace,Fragile State Index,Total,2023,104,13,3,0.99317,2015,"24.6,22.5,22.3",2018,"20.77076600209908,19.7,19.746408857575208",2023-12-13 12:17:37
2883064,The Fund For Peace,Fragile State Index,E1: Economy,2023,104,13,3,0.9593,2015,"4.1,3.6,3.4",2018,"1.857739095757196,1.6,1.3",2023-12-16 07:18:05
489602,The Fund For Peace,Fragile State Index,Total,2023,104,80,3,0.98133,2015,"24.6,22.5,22.3",2021,"72.6,71.8,71.89999999999999",2023-12-13 12:18:09
2883346,The Fund For Peace,Fragile State Index,E1: Economy,2023,104,80,3,0.97073,2015,"4.1,3.6,3.4",2021,"5.7,5.5,5.3",2023-12-16 07:18:21
489906,The Fund For Peace,Fragile State Index,Total,2023,104,16,3,0.99095,2015,"24.6,22.5,22.3",2011,"56.5,55.1,54.7",2023-12-13 12:18:27
2883504,The Fund For Peace,Fragile State Index,E1: Economy,2023,104,16,3,0.96077,2015,"4.1,3.6,3.4",2011,"4.8,4.5,4.5",2023-12-16 07:18:31
4955840,The Fund For Peace,Fragile State Index,P1: State Legitimacy,2023,104,238,3,0.96077,2014,"1.8,1.5,1.2",2016,"1.1,1.0,0.7",2023-12-18 15:56:18
5364372,The Fund For Peace,Fragile State Index,P2: Public Services,2023,104,238,3,0.99029,2014,"2.2,1.9,1.6",2016,"3.1,2.9,2.778225248994562",2023-12-19 00:07:08
4955562,The Fund For Peace,Fragile State Index,P1: State Legitimacy,2023,104,196,3,0.98974,2014,"1.8,1.5,1.2",2015,"5.5,5.2,4.7",2023-12-18 15:56:00
5364073,The Fund For Peace,Fragile State Index,P2: Public Services,2023,104,196,3,0.96077,2014,"2.2,1.9,1.6",2015,"7.9,7.6,7.5",2023-12-19 00:06:35
489462,The Fund For Peace,Fragile State Index,Total,2023,104,94,3,0.97974,2015,"24.6,22.5,22.3",2013,"105.8,104.3,104.5",2023-12-13 12:18:00
2883279,The Fund For Peace,Fragile State Index,E1: Economy,2023,104,94,3,0.97073,2015,"4.1,3.6,3.4",2013,"9.7,9.4,9.1",2023-12-16 07:18:18
489847,The Fund For Peace,Fragile State Index,Total,2023,104,171,3,0.97957,2015,"24.6,22.5,22.3",2008,"84.6,84.1,83.9",2023-12-13 12:18:24
2883480,The Fund For Peace,Fragile State Index,E1: Economy,2023,104,171,3,0.97073,2015,"4.1,3.6,3.4",2008,"7.3,6.8,6.3",2023-12-16 07:18:29
490046,The Fund For Peace,Fragile State Index,Total,2023,104,179,3,0.95484,2015,"24.6,22.5,22.3",2011,"49.5,48.0,47.1",2023-12-13 12:18:36
2883561,The Fund For Peace,Fragile State Index,E1: Economy,2023,104,179,3,0.99508,2015,"4.1,3.6,3.4",2011,"3.7,3.2,2.9",2023-12-16 07:18:34
489331,The Fund For Peace,Fragile State Index,Total,2023,104,63,3,0.9881,2015,"24.6,22.5,22.3",2017,"89.8,88.73736287679192,88.4",2023-12-13 12:17:52
2883205,The Fund For Peace,Fragile State Index,E1: Economy,2023,104,63,3,0.96077,2015,"4.1,3.6,3.4",2017,"8.2,7.899999999999999,7.9",2023-12-16 07:18:13
489833,The Fund For Peace,Fragile State Index,Total,2023,104,61,3,0.98804,2015,"24.6,22.5,22.3",2007,"80.6,78.4,77.7",2023-12-13 12:18:23
2883474,The Fund For Peace,Fragile State Index,E1: Economy,2023,104,61,3,0.96077,2015,"4.1,3.6,3.4",2007,"5.8,5.6,5.6",2023-12-16 07:18:29
489333,The Fund For Peace,Fragile State Index,Total,2023,104,63,3,0.97727,2015,"24.6,22.5,22.3",2019,"88.4,86.00613825029183,85.0",2023-12-13 12:17:52
2883206,The Fund For Peace,Fragile State Index,E1: Economy,2023,104,63,3,0.97073,2015,"4.1,3.6,3.4",2019,"7.9,7.6,7.3",2023-12-16 07:18:13
488789,The Fund For Peace,Fragile State Index,Total,2023,104,144,3,0.97691,2015,"24.6,22.5,22.3",2017,"56.7,54.87347128912537,54.1",2023-12-13 12:17:20
2882902,The Fund For Peace,Fragile State Index,E1: Economy,2023,104,144,3,0.97073,2015,"4.1,3.6,3.4",2017,"5.0,4.9,4.8",2023-12-16 07:17:56
489455,The Fund For Peace,Fragile State Index,Total,2023,104,205,3,0.98671,2015,"24.6,22.5,22.3",2016,"114.0,113.4,113.20079608219343",2023-12-13 12:18:00
2883278,The Fund For Peace,Fragile State Index,E1: Economy,2023,104,205,3,0.96077,2015,"4.1,3.6,3.4",2016,"9.0,8.9,8.9",2023-12-16 07:18:17
490011,The Fund For Peace,Fragile State Index,Total,2023,104,33,3,0.98658,2015,"24.6,22.5,22.3",2021,"56.3,55.1,54.7",2023-12-13 12:18:34
2883542,The Fund For Peace,Fragile State Index,E1: Economy,2023,104,33,3,0.96077,2015,"4.1,3.6,3.4",2021,"3.3,3.0,3.0",2023-12-16 07:18:33
489539,The Fund For Peace,Fragile State Index,Total,2023,104,199,3,0.98555,2015,"24.6,22.5,22.3",2006,"96.6,93.4,92.3",2023-12-13 12:18:05
2883316,The Fund For Peace,Fragile State Index,E1: Economy,2023,104,199,3,0.96077,2015,"4.1,3.6,3.4",2006,"9.0,8.7,8.7",2023-12-16 07:18:20
489551,The Fund For Peace,Fragile State Index,Total,2023,104,223,3,0.97458,2015,"24.6,22.5,22.3",2011,"89.4,87.5,87.8",2023-12-13 12:18:06
2883320,The Fund For Peace,Fragile State Index,E1: Economy,2023,104,223,3,0.97073,2015,"4.1,3.6,3.4",2011,"8.0,7.7,7.4",2023-12-16 07:18:20
4956145,The Fund For Peace,Fragile State Index,P1: State Legitimacy,2023,104,229,3,0.95158,2014,"1.8,1.5,1.2",2016,"9.8,9.7,9.67175711412403",2023-12-18 15:56:34
5364736,The Fund For Peace,Fragile State Index,P2: Public Services,2023,104,229,3,0.9934,2014,"2.2,1.9,1.6",2016,"5.8,5.6,5.3",2023-12-19 00:07:50
4490623,The Fund For Peace,Fragile State Index,E3: Human Flight and Brain Drain,2023,104,159,3,0.94491,2006,"2.0,2.1,2.0",2015,"7.1,7.4,7.2",2023-12-18 07:19:34
7092068,The Fund For Peace,Fragile State Index,X1: External Intervention,2023,104,159,3,1.0,2006,"1.0,1.5,1.5",2015,"6.0,6.5,6.5",2023-12-20 12:37:42
4490644,The Fund For Peace,Fragile State Index,E3: Human Flight and Brain Drain,2023,104,94,3,0.94491,2006,"2.0,2.1,2.0",2014,"9.1,9.3,9.0",2023-12-18 07:19:35
7092117,The Fund For Peace,Fragile State Index,X1: External Intervention,2023,104,94,3,1.0,2006,"1.0,1.5,1.5",2014,"9.8,9.9,9.9",2023-12-20 12:37:44
4955920,The Fund For Peace,Fragile State Index,P1: State Legitimacy,2023,104,211,3,0.94491,2014,"1.8,1.5,1.2",2010,"8.6,8.5,8.1",2023-12-18 15:56:22
5364462,The Fund For Peace,Fragile State Index,P2: Public Services,2023,104,211,3,1.0,2014,"2.2,1.9,1.6",2010,"6.4,6.1,5.8",2023-12-19 00:07:18
4490579,The Fund For Peace,Fragile State Index,E3: Human Flight and Brain Drain,2023,104,14,3,0.94491,2006,"2.0,2.1,2.0",2013,"1.6,1.8,1.5",2023-12-18 07:19:31
7092022,The Fund For Peace,Fragile State Index,X1: External Intervention,2023,104,14,3,1.0,2006,"1.0,1.5,1.5",2013,"1.6,1.7,1.7",2023-12-20 12:37:40
4955538,The Fund For Peace,Fragile State Index,P1: State Legitimacy,2023,104,29,3,1.0,2014,"1.8,1.5,1.2",2010,"5.3,5.0,4.7",2023-12-18 15:55:59
5364061,The Fund For Peace,Fragile State Index,P2: Public Services,2023,104,29,3,0.94491,2014,"2.2,1.9,1.6",2010,"6.4,6.0,5.9",2023-12-19 00:06:34
3468281,The Fund For Peace,Fragile State Index,E2: Economic Inequality,2023,104,222,3,1.0,2006,"3.0,2.9,3.0",2013,"6.7,6.4,6.7",2023-12-16 18:10:39
7092226,The Fund For Peace,Fragile State Index,X1: External Intervention,2023,104,222,3,0.94491,2006,"1.0,1.5,1.5",2013,"8.5,8.8,8.7",2023-12-20 12:37:50
489147,The Fund For Peace,Fragile State Index,Total,2023,104,238,3,0.98383,2015,"24.6,22.5,22.3",2010,"41.3,40.4,40.5",2023-12-13 12:17:41
2883102,The Fund For Peace,Fragile State Index,E1: Economy,2023,104,238,3,0.96077,2015,"4.1,3.6,3.4",2010,"4.0,3.8,3.8",2023-12-16 07:18:08
489107,The Fund For Peace,Fragile State Index,Total,2023,104,52,3,0.94918,2015,"24.6,22.5,22.3",2010,"52.0,50.6,49.7",2023-12-13 12:17:39
2883085,The Fund For Peace,Fragile State Index,E1: Economy,2023,104,52,3,0.99508,2015,"4.1,3.6,3.4",2010,"5.4,4.9,4.6",2023-12-16 07:18:07
489956,The Fund For Peace,Fragile State Index,Total,2023,104,192,3,0.94441,2015,"24.6,22.5,22.3",2018,"65.53086971578227,64.2,63.2966485589962",2023-12-13 12:18:30
2883518,The Fund For Peace,Fragile State Index,E1: Economy,2023,104,192,3,0.99974,2015,"4.1,3.6,3.4",2018,"6.564840980970324,6.2,6.038755757841343",2023-12-16 07:18:31
489581,The Fund For Peace,Fragile State Index,Total,2023,104,142,3,0.97283,2015,"24.6,22.5,22.3",2018,"69.54603613998039,67.1,65.97954327737929",2023-12-13 12:18:07
2883335,The Fund For Peace,Fragile State Index,E1: Economy,2023,104,142,3,0.97073,2015,"4.1,3.6,3.4",2018,"6.1000000000000005,5.8,5.5",2023-12-16 07:18:21
489322,The Fund For Peace,Fragile State Index,Total,2023,104,35,3,0.97257,2015,"24.6,22.5,22.3",2013,"90.2,89.0,89.2",2023-12-13 12:17:52
2883200,The Fund For Peace,Fragile State Index,E1: Economy,2023,104,35,3,0.97073,2015,"4.1,3.6,3.4",2013,"7.7,7.4,7.1",2023-12-16 07:18:13
490047,The Fund For Peace,Fragile State Index,Total,2023,104,179,3,0.97241,2015,"24.6,22.5,22.3",2014,"48.9,46.3,45.1",2023-12-13 12:18:36
2883563,The Fund For Peace,Fragile State Index,E1: Economy,2023,104,179,3,0.97073,2015,"4.1,3.6,3.4",2014,"2.9,2.6,2.3",2023-12-16 07:18:34
4956046,The Fund For Peace,Fragile State Index,P1: State Legitimacy,2023,104,223,3,0.98198,2014,"1.8,1.5,1.2",2015,"8.1,8.0,7.8",2023-12-18 15:56:29
5364576,The Fund For Peace,Fragile State Index,P2: Public Services,2023,104,223,3,0.96077,2014,"2.2,1.9,1.6",2015,"8.6,8.3,8.2",2023-12-19 00:07:32
489230,The Fund For Peace,Fragile State Index,Total,2023,104,3,3,0.98184,2015,"24.6,22.5,22.3",2017,"76.8,75.78505154191771,75.4",2023-12-13 12:17:46
2883151,The Fund For Peace,Fragile State Index,E1: Economy,2023,104,3,3,0.96077,2015,"4.1,3.6,3.4",2017,"6.6,6.3,6.3",2023-12-16 07:18:10
489418,The Fund For Peace,Fragile State Index,Total,2023,104,108,3,0.95004,2015,"24.6,22.5,22.3",2015,"100.1,97.9,96.5",2023-12-13 12:17:57
2883256,The Fund For Peace,Fragile State Index,E1: Economy,2023,104,108,3,0.99187,2015,"4.1,3.6,3.4",2015,"7.1,6.8,6.6",2023-12-16 07:18:16
4956071,The Fund For Peace,Fragile State Index,P1: State Legitimacy,2023,104,121,3,0.97073,2014,"1.8,1.5,1.2",2008,"8.0,7.8,7.3",2023-12-18 15:56:30
5364623,The Fund For Peace,Fragile State Index,P2: Public Services,2023,104,121,3,0.97073,2014,"2.2,1.9,1.6",2008,"6.7,6.2,6.0",2023-12-19 00:07:38
489268,The Fund For Peace,Fragile State Index,Total,2023,104,183,3,0.94157,2015,"24.6,22.5,22.3",2019,"87.5,86.02952230051775,84.99999999999999",2023-12-13 12:17:48
2883170,The Fund For Peace,Fragile State Index,E1: Economy,2023,104,183,3,0.99988,2015,"4.1,3.6,3.4",2019,"6.2,5.908512802094449,5.8",2023-12-16 07:18:11
489296,The Fund For Peace,Fragile State Index,Total,2023,104,152,3,0.94536,2015,"24.6,22.5,22.3",2018,"87.87642693759165,84.7,82.56660214637142",2023-12-13 12:17:50
2883187,The Fund For Peace,Fragile State Index,E1: Economy,2023,104,152,3,0.9953,2015,"4.1,3.6,3.4",2018,"6.104263923471317,5.6,5.3",2023-12-16 07:18:12
489699,The Fund For Peace,Fragile State Index,Total,2023,104,26,3,0.97957,2015,"24.6,22.5,22.3",2010,"84.9,82.9,82.1",2023-12-13 12:18:15
2883397,The Fund For Peace,Fragile State Index,E1: Economy,2023,104,26,3,0.96077,2015,"4.1,3.6,3.4",2010,"6.8,6.5,6.5",2023-12-16 07:18:24
4956297,The Fund For Peace,Fragile State Index,P1: State Legitimacy,2023,104,234,3,0.94351,2014,"1.8,1.5,1.2",2018,"6.618284381065847,6.6,6.524939480111084",2023-12-18 15:56:43
5364874,The Fund For Peace,Fragile State Index,P2: Public Services,2023,104,234,3,0.99669,2014,"2.2,1.9,1.6",2018,"1.9,1.6,1.374285635925109",2023-12-19 00:08:06
490128,The Fund For Peace,Fragile State Index,Total,2023,104,49,3,0.96909,2015,"24.6,22.5,22.3",2018,"82.62279134247851,81.7,81.24901232562686",2023-12-13 12:18:41
2883604,The Fund For Peace,Fragile State Index,E1: Economy,2023,104,49,3,0.97073,2015,"4.1,3.6,3.4",2018,"7.9,7.6,7.3",2023-12-16 07:18:36
4955611,The Fund For Peace,Fragile State Index,P1: State Legitimacy,2023,104,170,3,0.96132,2014,"1.8,1.5,1.2",2016,"3.7,3.2,3.031674531996406",2023-12-18 15:56:03
5364118,The Fund For Peace,Fragile State Index,P2: Public Services,2023,104,170,3,0.97802,2014,"2.2,1.9,1.6",2016,"5.3,4.8,4.56966850324787",2023-12-19 00:06:41
489910,The Fund For Peace,Fragile State Index,Total,2023,104,16,3,0.96837,2015,"24.6,22.5,22.3",2017,"52.4,49.99124184605109,48.8",2023-12-13 12:18:27
2883505,The Fund For Peace,Fragile State Index,E1: Economy,2023,104,16,3,0.97073,2015,"4.1,3.6,3.4",2017,"4.8,4.5,4.2",2023-12-16 07:18:31
4956296,The Fund For Peace,Fragile State Index,P1: State Legitimacy,2023,104,234,3,0.93901,2014,"1.8,1.5,1.2",2017,"6.7,6.618284381065847,6.6",2023-12-18 15:56:43
5364873,The Fund For Peace,Fragile State Index,P2: Public Services,2023,104,234,3,1.0,2014,"2.2,1.9,1.6",2017,"2.2,1.9,1.6",2023-12-19 00:08:06
489383,The Fund For Peace,Fragile State Index,Total,2023,104,18,3,0.93968,2015,"24.6,22.5,22.3",2020,"85.69999999999999,85.0,84.5",2023-12-13 12:17:55
2883233,The Fund For Peace,Fragile State Index,E1: Economy,2023,104,18,3,0.99926,2015,"4.1,3.6,3.4",2020,"5.8,5.5,5.4",2023-12-16 07:18:15
489728,The Fund For Peace,Fragile State Index,Total,2023,104,62,3,0.97782,2015,"24.6,22.5,22.3",2021,"71.2,69.1,69.39999999999999",2023-12-13 12:18:16
2883408,The Fund For Peace,Fragile State Index,E1: Economy,2023,104,62,3,0.96077,2015,"4.1,3.6,3.4",2021,"6.3,6.0,6.0",2023-12-16 07:18:25
489062,The Fund For Peace,Fragile State Index,Total,2023,104,165,3,0.97782,2015,"24.6,22.5,22.3",2014,"23.0,20.9,21.2",2023-12-13 12:17:36
2883056,The Fund For Peace,Fragile State Index,E1: Economy,2023,104,165,3,0.96077,2015,"4.1,3.6,3.4",2014,"2.0,1.7,1.7",2023-12-16 07:18:05
489283,The Fund For Peace,Fragile State Index,Total,2023,104,69,3,0.96769,2015,"24.6,22.5,22.3",2010,"98.8,98.2,97.9",2023-12-13 12:17:49
2883174,The Fund For Peace,Fragile State Index,E1: Economy,2023,104,69,3,0.97073,2015,"4.1,3.6,3.4",2010,"8.0,7.7,7.4",2023-12-16 07:18:11
489832,The Fund For Peace,Fragile State Index,Total,2023,104,61,3,0.96769,2015,"24.6,22.5,22.3",2006,"85.0,80.6,78.4",2023-12-13 12:18:23
2883473,The Fund For Peace,Fragile State Index,E1: Economy,2023,104,61,3,0.97073,2015,"4.1,3.6,3.4",2006,"6.0,5.8,5.6",2023-12-16 07:18:29
490025,The Fund For Peace,Fragile State Index,Total,2023,104,127,3,0.96769,2015,"24.6,22.5,22.3",2010,"27.3,26.1,25.5",2023-12-13 12:18:34
2883546,The Fund For Peace,Fragile State Index,E1: Economy,2023,104,127,3,0.97073,2015,"4.1,3.6,3.4",2010,"2.8,2.3,1.8",2023-12-16 07:18:33
488847,The Fund For Peace,Fragile State Index,Total,2023,104,64,3,0.96769,2015,"24.6,22.5,22.3",2013,"73.2,72.0,71.4",2023-12-13 12:17:23
2882928,The Fund For Peace,Fragile State Index,E1: Economy,2023,104,64,3,0.97073,2015,"4.1,3.6,3.4",2013,"6.5,6.2,5.9",2023-12-16 07:17:58
489178,The Fund For Peace,Fragile State Index,Total,2023,104,81,3,0.96768,2015,"24.6,22.5,22.3",2017,"28.1,25.83337235566515,24.7",2023-12-13 12:17:43
2883119,The Fund For Peace,Fragile State Index,E1: Economy,2023,104,81,3,0.97073,2015,"4.1,3.6,3.4",2017,"2.2,1.9,1.6",2023-12-16 07:18:09
4955919,The Fund For Peace,Fragile State Index,P1: State Legitimacy,2023,104,211,3,0.94491,2014,"1.8,1.5,1.2",2009,"9.0,8.6,8.5",2023-12-18 15:56:22
5364461,The Fund For Peace,Fragile State Index,P2: Public Services,2023,104,211,3,0.9934,2014,"2.2,1.9,1.6",2009,"6.6,6.4,6.1",2023-12-19 00:07:18
489292,The Fund For Peace,Fragile State Index,Total,2023,104,152,3,0.94602,2015,"24.6,22.5,22.3",2012,"93.0,91.8,91.0",2023-12-13 12:17:50
2883184,The Fund For Peace,Fragile State Index,E1: Economy,2023,104,152,3,0.99187,2015,"4.1,3.6,3.4",2012,"7.6,7.3,7.1",2023-12-16 07:18:12
489390,The Fund For Peace,Fragile State Index,Total,2023,104,149,3,0.94602,2015,"24.6,22.5,22.3",2019,"94.3,94.0,93.79999999999998",2023-12-13 12:17:56
2883242,The Fund For Peace,Fragile State Index,E1: Economy,2023,104,149,3,0.99187,2015,"4.1,3.6,3.4",2019,"5.3,5.0,4.8",2023-12-16 07:18:15
489185,The Fund For Peace,Fragile State Index,Total,2023,104,210,3,0.96643,2015,"24.6,22.5,22.3",2018,"41.38298112031969,40.7,40.35163335620069",2023-12-13 12:17:43
2883124,The Fund For Peace,Fragile State Index,E1: Economy,2023,104,210,3,0.97073,2015,"4.1,3.6,3.4",2018,"4.9,4.6,4.3",2023-12-16 07:18:09
490043,The Fund For Peace,Fragile State Index,Total,2023,104,179,3,0.99974,2015,"24.6,22.5,22.3",2008,"52.7,51.9,51.8",2023-12-13 12:18:36
2883558,The Fund For Peace,Fragile State Index,E1: Economy,2023,104,179,3,0.93677,2015,"4.1,3.6,3.4",2008,"4.6,4.4,4.1",2023-12-16 07:18:34
489494,The Fund For Peace,Fragile State Index,Total,2023,104,123,3,0.93769,2015,"24.6,22.5,22.3",2016,"95.5,93.8,92.560250792477",2023-12-13 12:18:02
2883300,The Fund For Peace,Fragile State Index,E1: Economy,2023,104,123,3,0.99863,2015,"4.1,3.6,3.4",2016,"8.3,8.1,8.0",2023-12-16 07:18:19
488810,The Fund For Peace,Fragile State Index,Total,2023,104,100,3,0.9408,2015,"24.6,22.5,22.3",2021,"76.99999999999999,75.3,74.10000000000001",2023-12-13 12:17:21
2882912,The Fund For Peace,Fragile State Index,E1: Economy,2023,104,100,3,0.99508,2015,"4.1,3.6,3.4",2021,"7.0,6.5,6.2",2023-12-16 07:17:57
489134,The Fund For Peace,Fragile State Index,Total,2023,104,138,3,0.93493,2015,"24.6,22.5,22.3",2015,"45.2,43.2,41.7",2023-12-13 12:17:40
2883098,The Fund For Peace,Fragile State Index,E1: Economy,2023,104,138,3,1.0,2015,"4.1,3.6,3.4",2015,"4.7,4.2,4.0",2023-12-16 07:18:07
489285,The Fund For Peace,Fragile State Index,Total,2023,104,69,3,0.93493,2015,"24.6,22.5,22.3",2014,"97.9,97.5,97.2",2023-12-13 12:17:49
2883176,The Fund For Peace,Fragile State Index,E1: Economy,2023,104,69,3,1.0,2015,"4.1,3.6,3.4",2014,"7.4,6.9,6.7",2023-12-16 07:18:12
4955656,The Fund For Peace,Fragile State Index,P1: State Legitimacy,2023,104,64,3,0.97451,2014,"1.8,1.5,1.2",2018,"4.5,4.2,4.071053885814091",2023-12-18 15:56:06
5364166,The Fund For Peace,Fragile State Index,P2: Public Services,2023,104,64,3,0.96025,2014,"2.2,1.9,1.6",2018,"6.1000000000000005,5.8,5.700925046746296",2023-12-19 00:06:47
490002,The Fund For Peace,Fragile State Index,Total,2023,104,33,3,0.96398,2015,"24.6,22.5,22.3",2011,"65.8,64.1,63.2",2023-12-13 12:18:33
2883539,The Fund For Peace,Fragile State Index,E1: Economy,2023,104,33,3,0.97073,2015,"4.1,3.6,3.4",2011,"3.4,3.1,2.8",2023-12-16 07:18:32
490069,The Fund For Peace,Fragile State Index,Total,2023,104,134,3,0.96375,2015,"24.6,22.5,22.3",2018,"36.2062447804085,34.5,33.593645802064856",2023-12-13 12:18:37
2883576,The Fund For Peace,Fragile State Index,E1: Economy,2023,104,134,3,0.97073,2015,"4.1,3.6,3.4",2018,"4.0,3.7,3.4000000000000004",2023-12-16 07:18:35
488882,The Fund For Peace,Fragile State Index,Total,2023,104,79,3,0.96357,2015,"24.6,22.5,22.3",2018,"87.06418531960836,83.9,82.21463956781182",2023-12-13 12:17:25
2882953,The Fund For Peace,Fragile State Index,E1: Economy,2023,104,79,3,0.97073,2015,"4.1,3.6,3.4",2018,"8.700000000000001,8.4,8.1",2023-12-16 07:17:59
488718,The Fund For Peace,Fragile State Index,Total,2023,104,2,3,0.99692,2015,"24.6,22.5,22.3",2010,"67.1,66.1,66.1",2023-12-13 12:17:15
2882870,The Fund For Peace,Fragile State Index,E1: Economy,2023,104,2,3,0.93677,2015,"4.1,3.6,3.4",2010,"6.1,5.9,5.6",2023-12-16 07:17:55
489746,The Fund For Peace,Fragile State Index,Total,2023,104,119,3,0.97168,2015,"24.6,22.5,22.3",2019,"78.7,76.86018745028443,76.0",2023-12-13 12:18:17
2883416,The Fund For Peace,Fragile State Index,E1: Economy,2023,104,119,3,0.96077,2015,"4.1,3.6,3.4",2019,"5.4,5.1000000000000005,5.1",2023-12-16 07:18:25
488801,The Fund For Peace,Fragile State Index,Total,2023,104,181,3,0.93237,2015,"24.6,22.5,22.3",2016,"52.9,50.9,49.36140868153144",2023-12-13 12:17:21
2882906,The Fund For Peace,Fragile State Index,E1: Economy,2023,104,181,3,1.0,2015,"4.1,3.6,3.4",2016,"4.9,4.7,4.620465684351524",2023-12-16 07:17:57
488995,The Fund For Peace,Fragile State Index,Total,2023,104,153,3,0.96134,2015,"24.6,22.5,22.3",2021,"24.1,22.1,21.0",2023-12-13 12:17:32
2883010,The Fund For Peace,Fragile State Index,E1: Economy,2023,104,153,3,0.97073,2015,"4.1,3.6,3.4",2021,"2.2,1.9,1.6",2023-12-16 07:18:02
4956236,The Fund For Peace,Fragile State Index,P1: State Legitimacy,2023,104,192,3,1.0,2014,"1.8,1.5,1.2",2018,"5.2,4.9,4.6000000000000005",2023-12-18 15:56:39
5364811,The Fund For Peace,Fragile State Index,P2: Public Services,2023,104,192,3,0.93161,2014,"2.2,1.9,1.6",2018,"4.6000000000000005,4.3,4.241955627994779",2023-12-19 00:07:58
4956302,The Fund For Peace,Fragile State Index,P1: State Legitimacy,2023,104,72,3,0.97073,2014,"1.8,1.5,1.2",2013,"8.8,7.8,7.4",2023-12-18 15:56:43
5364887,The Fund For Peace,Fragile State Index,P2: Public Services,2023,104,72,3,0.96077,2014,"2.2,1.9,1.6",2013,"4.9,4.8,4.5",2023-12-19 00:08:07
489435,The Fund For Peace,Fragile State Index,Total,2023,104,250,3,0.94216,2015,"24.6,22.5,22.3",2010,"110.2,107.9,106.3",2023-12-13 12:17:59
2883270,The Fund For Peace,Fragile State Index,E1: Economy,2023,104,250,3,0.98898,2015,"4.1,3.6,3.4",2010,"9.6,9.0,8.9",2023-12-16 07:18:17
488736,The Fund For Peace,Fragile State Index,Total,2023,104,34,3,0.96998,2015,"24.6,22.5,22.3",2011,"59.0,56.3,55.0",2023-12-13 12:17:16
2882874,The Fund For Peace,Fragile State Index,E1: Economy,2023,104,34,3,0.96077,2015,"4.1,3.6,3.4",2011,"5.3,5.0,5.0",2023-12-16 07:17:55
4955853,The Fund For Peace,Fragile State Index,P1: State Legitimacy,2023,104,208,3,1.0,2014,"1.8,1.5,1.2",2018,"3.9,3.6,3.3000000000000003",2023-12-18 15:56:18
5364385,The Fund For Peace,Fragile State Index,P2: Public Services,2023,104,208,3,0.93065,2014,"2.2,1.9,1.6",2018,"1.6,1.3,1.2430759640761129",2023-12-19 00:07:09
488930,The Fund For Peace,Fragile State Index,Total,2023,104,113,3,0.93534,2015,"24.6,22.5,22.3",2017,"65.9,63.43851484252681,61.6",2023-12-13 12:17:28
2882974,The Fund For Peace,Fragile State Index,E1: Economy,2023,104,113,3,0.99508,2015,"4.1,3.6,3.4",2017,"6.4,5.9,5.6",2023-12-16 07:18:00
489759,The Fund For Peace,Fragile State Index,Total,2023,104,137,3,0.93493,2015,"24.6,22.5,22.3",2021,"89.10000000000001,87.89999999999999,87.0",2023-12-13 12:18:18
2883425,The Fund For Peace,Fragile State Index,E1: Economy,2023,104,137,3,0.99508,2015,"4.1,3.6,3.4",2021,"7.1,6.6,6.3",2023-12-16 07:18:26
489413,The Fund For Peace,Fragile State Index,Total,2023,104,108,3,0.93124,2015,"24.6,22.5,22.3",2007,"107.3,104.6,102.5",2023-12-13 12:17:57
2883250,The Fund For Peace,Fragile State Index,E1: Economy,2023,104,108,3,0.99863,2015,"4.1,3.6,3.4",2007,"8.9,8.5,8.3",2023-12-16 07:18:16
489104,The Fund For Peace,Fragile State Index,Total,2023,104,126,3,0.95853,2015,"24.6,22.5,22.3",2017,"41.7,39.40955428935555,38.1",2023-12-13 12:17:38
2883083,The Fund For Peace,Fragile State Index,E1: Economy,2023,104,126,3,0.97073,2015,"4.1,3.6,3.4",2017,"4.5,4.2,3.9",2023-12-16 07:18:07
489817,The Fund For Peace,Fragile State Index,Total,2023,104,182,3,0.97241,2015,"24.6,22.5,22.3",2010,"79.0,77.7,77.1",2023-12-13 12:18:22
2883462,The Fund For Peace,Fragile State Index,E1: Economy,2023,104,182,3,0.9568,2015,"4.1,3.6,3.4",2010,"5.1,4.6,4.0",2023-12-16 07:18:28
3468268,The Fund For Peace,Fragile State Index,E2: Economic Inequality,2023,104,198,3,1.0,2006,"3.0,2.9,3.0",2010,"6.9,6.6,6.9",2023-12-16 18:10:38
7092205,The Fund For Peace,Fragile State Index,X1: External Intervention,2023,104,198,3,0.92857,2006,"1.0,1.5,1.5",2010,"6.3,7.1,6.8",2023-12-20 12:37:49
3468160,The Fund For Peace,Fragile State Index,E2: Economic Inequality,2023,104,126,3,1.0,2006,"3.0,2.9,3.0",2021,"4.1,4.0,4.1",2023-12-16 18:10:31
7092040,The Fund For Peace,Fragile State Index,X1: External Intervention,2023,104,126,3,0.92857,2006,"1.0,1.5,1.5",2021,"4.0,4.5,4.8",2023-12-20 12:37:40
4490604,The Fund For Peace,Fragile State Index,E3: Human Flight and Brain Drain,2023,104,84,3,1.0,2006,"2.0,2.1,2.0",2011,"4.4,4.7,4.4",2023-12-18 07:19:32
7092048,The Fund For Peace,Fragile State Index,X1: External Intervention,2023,104,84,3,0.92857,2006,"1.0,1.5,1.5",2011,"4.3,4.8,5.1",2023-12-20 12:37:41
4490626,The Fund For Peace,Fragile State Index,E3: Human Flight and Brain Drain,2023,104,69,3,1.0,2006,"2.0,2.1,2.0",2020,"6.3,6.6,6.3",2023-12-18 07:19:34
7092074,The Fund For Peace,Fragile State Index,X1: External Intervention,2023,104,69,3,0.92857,2006,"1.0,1.5,1.5",2020,"7.6,8.1,8.4",2023-12-20 12:37:42
490129,The Fund For Peace,Fragile State Index,Total,2023,104,49,3,0.96769,2015,"24.6,22.5,22.3",2021,"82.49999999999999,82.3,82.2",2023-12-13 12:18:41
2883605,The Fund For Peace,Fragile State Index,E1: Economy,2023,104,49,3,0.96077,2015,"4.1,3.6,3.4",2021,"7.6,7.3,7.3",2023-12-16 07:18:36
489656,The Fund For Peace,Fragile State Index,Total,2023,104,173,3,0.96769,2015,"24.6,22.5,22.3",2008,"77.5,77.1,76.9",2023-12-13 12:18:12
2883370,The Fund For Peace,Fragile State Index,E1: Economy,2023,104,173,3,0.96077,2015,"4.1,3.6,3.4",2008,"5.7,5.6,5.6",2023-12-16 07:18:23
489535,The Fund For Peace,Fragile State Index,Total,2023,104,39,3,0.94309,2015,"24.6,22.5,22.3",2011,"94.6,93.1,93.5",2023-12-13 12:18:05
2883313,The Fund For Peace,Fragile State Index,E1: Economy,2023,104,39,3,0.98411,2015,"4.1,3.6,3.4",2011,"7.0,6.5,6.1",2023-12-16 07:18:20
489880,The Fund For Peace,Fragile State Index,Total,2023,104,65,3,0.96782,2015,"24.6,22.5,22.3",2017,"85.0,83.39889583816712,82.6",2023-12-13 12:18:25
2883494,The Fund For Peace,Fragile State Index,E1: Economy,2023,104,65,3,0.9591,2015,"4.1,3.6,3.4",2017,"6.5,6.223092511085566,5.9",2023-12-16 07:18:30
4490651,The Fund For Peace,Fragile State Index,E3: Human Flight and Brain Drain,2023,104,39,3,0.94491,2006,"2.0,2.1,2.0",2015,"7.5,7.8,7.6",2023-12-18 07:19:35
7092134,The Fund For Peace,Fragile State Index,X1: External Intervention,2023,104,39,3,0.98198,2006,"1.0,1.5,1.5",2015,"7.0,8.0,7.8",2023-12-20 12:37:45
4956260,The Fund For Peace,Fragile State Index,P1: State Legitimacy,2023,104,198,3,0.98198,2014,"1.8,1.5,1.2",2009,"7.1,7.0,6.8",2023-12-18 15:56:41
5364825,The Fund For Peace,Fragile State Index,P2: Public Services,2023,104,198,3,0.94491,2014,"2.2,1.9,1.6",2009,"4.6,4.5,4.1",2023-12-19 00:08:01
3468232,The Fund For Peace,Fragile State Index,E2: Economic Inequality,2023,104,249,3,0.94491,2006,"3.0,2.9,3.0",2008,"7.4,7.1,7.3",2023-12-16 18:10:36
7092155,The Fund For Peace,Fragile State Index,X1: External Intervention,2023,104,249,3,0.98198,2006,"1.0,1.5,1.5",2008,"6.5,7.5,7.3",2023-12-20 12:37:46
489722,The Fund For Peace,Fragile State Index,Total,2023,104,62,3,0.93968,2015,"24.6,22.5,22.3",2011,"82.2,80.1,78.6",2023-12-13 12:18:16
2883405,The Fund For Peace,Fragile State Index,E1: Economy,2023,104,62,3,0.98718,2015,"4.1,3.6,3.4",2011,"6.3,5.9,5.6",2023-12-16 07:18:25
4955708,The Fund For Peace,Fragile State Index,P1: State Legitimacy,2023,104,120,3,0.93326,2014,"1.8,1.5,1.2",2010,"5.4,5.3,4.8",2023-12-18 15:56:10
5364236,The Fund For Peace,Fragile State Index,P2: Public Services,2023,104,120,3,0.9934,2014,"2.2,1.9,1.6",2010,"4.2,3.9,3.7",2023-12-19 00:06:53
489727,The Fund For Peace,Fragile State Index,Total,2023,104,62,3,0.95578,2015,"24.6,22.5,22.3",2018,"74.23122556430408,71.2,69.40303455188986",2023-12-13 12:18:16
2883407,The Fund For Peace,Fragile State Index,E1: Economy,2023,104,62,3,0.97073,2015,"4.1,3.6,3.4",2018,"6.0,5.7,5.4",2023-12-16 07:18:25
489060,The Fund For Peace,Fragile State Index,Total,2023,104,215,3,0.95484,2015,"24.6,22.5,22.3",2021,"21.4,20.9,20.6",2023-12-13 12:17:36
2883054,The Fund For Peace,Fragile State Index,E1: Economy,2023,104,215,3,0.97073,2015,"4.1,3.6,3.4",2021,"1.9,1.6,1.3",2023-12-16 07:18:05
490075,The Fund For Peace,Fragile State Index,Total,2023,104,72,3,0.94748,2015,"24.6,22.5,22.3",2018,"74.51822129476686,71.7,69.85212211648623",2023-12-13 12:18:38
2883582,The Fund For Peace,Fragile State Index,E1: Economy,2023,104,72,3,0.97797,2015,"4.1,3.6,3.4",2018,"6.235548067320703,5.9,5.6000000000000005",2023-12-16 07:18:35
3468242,The Fund For Peace,Fragile State Index,E2: Economic Inequality,2023,104,197,3,0.9545,2006,"3.0,2.9,3.0",2019,"4.2,3.972792879607201,4.3",2023-12-16 18:10:37
7092164,The Fund For Peace,Fragile State Index,X1: External Intervention,2023,104,197,3,0.97073,2006,"1.0,1.5,1.5",2019,"6.6,6.9,7.0",2023-12-20 12:37:47
3468168,The Fund For Peace,Fragile State Index,E2: Economic Inequality,2023,104,84,3,1.0,2006,"3.0,2.9,3.0",2010,"4.6,4.3,4.6",2023-12-16 18:10:31
7092047,The Fund For Peace,Fragile State Index,X1: External Intervention,2023,104,84,3,0.92447,2006,"1.0,1.5,1.5",2010,"3.5,4.3,4.8",2023-12-20 12:37:41
490133,The Fund For Peace,Fragile State Index,Total,2023,104,129,3,0.9661,2015,"24.6,22.5,22.3",2018,"83.57162962089447,80.9,79.53029880171496",2023-12-13 12:18:41
2883609,The Fund For Peace,Fragile State Index,E1: Economy,2023,104,129,3,0.95831,2015,"4.1,3.6,3.4",2018,"7.554628770208678,7.3,7.0",2023-12-16 07:18:36
489795,The Fund For Peace,Fragile State Index,Total,2023,104,229,3,0.92548,2015,"24.6,22.5,22.3",2010,"82.5,79.7,77.4",2023-12-13 12:18:20
2883452,The Fund For Peace,Fragile State Index,E1: Economy,2023,104,229,3,0.99863,2015,"4.1,3.6,3.4",2010,"6.6,6.0,5.7",2023-12-16 07:18:27
489568,The Fund For Peace,Fragile State Index,Total,2023,104,45,3,0.93195,2015,"24.6,22.5,22.3",2019,"71.1,69.85878789983346,68.89999999999999",2023-12-13 12:18:07
2883328,The Fund For Peace,Fragile State Index,E1: Economy,2023,104,45,3,0.99187,2015,"4.1,3.6,3.4",2019,"4.2,3.9,3.7",2023-12-16 07:18:20
489843,The Fund For Peace,Fragile State Index,Total,2023,104,61,3,0.95282,2015,"24.6,22.5,22.3",2018,"69.19632518627424,66.2,64.35620204936144",2023-12-13 12:18:23
2883478,The Fund For Peace,Fragile State Index,E1: Economy,2023,104,61,3,0.97073,2015,"4.1,3.6,3.4",2018,"5.2,4.9,4.6000000000000005",2023-12-16 07:18:29
4955983,The Fund For Peace,Fragile State Index,P1: State Legitimacy,2023,104,108,3,0.99863,2014,"1.8,1.5,1.2",2006,"10.0,9.5,8.9",2023-12-18 15:56:26
5364526,The Fund For Peace,Fragile State Index,P2: Public Services,2023,104,108,3,0.92447,2014,"2.2,1.9,1.6",2006,"8.5,7.9,7.8",2023-12-19 00:07:26
490049,The Fund For Peace,Fragile State Index,Total,2023,104,179,3,0.95179,2015,"24.6,22.5,22.3",2018,"48.06415433835673,45.4,43.73987834909789",2023-12-13 12:18:36
2883567,The Fund For Peace,Fragile State Index,E1: Economy,2023,104,179,3,0.97073,2015,"4.1,3.6,3.4",2018,"1.8,1.5,1.2",2023-12-16 07:18:34
488874,The Fund For Peace,Fragile State Index,Total,2023,104,133,3,0.93194,2015,"24.6,22.5,22.3",2016,"95.2,92.9,93.58132105894023",2023-12-13 12:17:25
2882945,The Fund For Peace,Fragile State Index,E1: Economy,2023,104,133,3,0.99049,2015,"4.1,3.6,3.4",2016,"7.9,7.7,7.561497029808281",2023-12-16 07:17:59
489649,The Fund For Peace,Fragile State Index,Total,2023,104,169,3,0.95004,2015,"24.6,22.5,22.3",2011,"84.4,82.2,80.8",2023-12-13 12:18:11
2883368,The Fund For Peace,Fragile State Index,E1: Economy,2023,104,169,3,0.97073,2015,"4.1,3.6,3.4",2011,"4.3,4.0,3.7",2023-12-16 07:18:23
489867,The Fund For Peace,Fragile State Index,Total,2023,104,89,3,0.95004,2015,"24.6,22.5,22.3",2010,"81.2,80.1,79.4",2023-12-13 12:18:25
2883488,The Fund For Peace,Fragile State Index,E1: Economy,2023,104,89,3,0.97073,2015,"4.1,3.6,3.4",2010,"6.9,6.5,6.1",2023-12-16 07:18:30
489500,The Fund For Peace,Fragile State Index,Total,2023,104,42,3,0.92081,2015,"24.6,22.5,22.3",2010,"106.4,105.0,103.8",2023-12-13 12:18:03
2883302,The Fund For Peace,Fragile State Index,E1: Economy,2023,104,42,3,0.99926,2015,"4.1,3.6,3.4",2010,"8.4,8.1,8.0",2023-12-16 07:18:19
489530,The Fund For Peace,Fragile State Index,Total,2023,104,28,3,0.95857,2015,"24.6,22.5,22.3",2015,"77.4,74.6,73.0",2023-12-13 12:18:04
2883312,The Fund For Peace,Fragile State Index,E1: Economy,2023,104,28,3,0.96077,2015,"4.1,3.6,3.4",2015,"5.8,5.7,5.7",2023-12-16 07:18:20
489838,The Fund For Peace,Fragile State Index,Total,2023,104,61,3,0.95773,2015,"24.6,22.5,22.3",2012,"74.1,73.2,73.4",2023-12-13 12:18:23
2883475,The Fund For Peace,Fragile State Index,E1: Economy,2023,104,61,3,0.96077,2015,"4.1,3.6,3.4",2012,"5.8,5.5,5.5",2023-12-16 07:18:29
488855,The Fund For Peace,Fragile State Index,Total,2023,104,163,3,0.95759,2015,"24.6,22.5,22.3",2011,"71.0,69.1,68.0",2023-12-13 12:17:24
2882934,The Fund For Peace,Fragile State Index,E1: Economy,2023,104,163,3,0.96077,2015,"4.1,3.6,3.4",2011,"6.2,5.9,5.9",2023-12-16 07:17:58
489317,The Fund For Peace,Fragile State Index,Total,2023,104,130,3,0.91904,2015,"24.6,22.5,22.3",2017,"88.0,85.48762156104438,83.3",2023-12-13 12:17:51
2883196,The Fund For Peace,Fragile State Index,E1: Economy,2023,104,130,3,0.99926,2015,"4.1,3.6,3.4",2017,"8.4,8.1,8.0",2023-12-16 07:18:13
489341,The Fund For Peace,Fragile State Index,Total,2023,104,101,3,0.95702,2015,"24.6,22.5,22.3",2012,"80.6,78.2,76.8",2023-12-13 12:17:53
2883212,The Fund For Peace,Fragile State Index,E1: Economy,2023,104,101,3,0.96077,2015,"4.1,3.6,3.4",2012,"6.0,5.5,5.5",2023-12-16 07:18:14
489757,The Fund For Peace,Fragile State Index,Total,2023,104,137,3,0.94673,2015,"24.6,22.5,22.3",2018,"92.15282858350264,90.1,88.74246859603146",2023-12-13 12:18:18
2883424,The Fund For Peace,Fragile State Index,E1: Economy,2023,104,137,3,0.97073,2015,"4.1,3.6,3.4",2018,"7.4,7.1,6.8",2023-12-16 07:18:26
489772,The Fund For Peace,Fragile State Index,Total,2023,104,25,3,0.94602,2015,"24.6,22.5,22.3",2006,"87.9,86.4,85.4",2023-12-13 12:18:19
2883432,The Fund For Peace,Fragile State Index,E1: Economy,2023,104,25,3,0.97073,2015,"4.1,3.6,3.4",2006,"8.0,7.9,7.8",2023-12-16 07:18:26
488693,The Fund For Peace,Fragile State Index,Total,2023,104,131,3,0.97957,2015,"24.6,22.5,22.3",2010,"69.2,68.7,68.5",2023-12-13 12:17:13
2882857,The Fund For Peace,Fragile State Index,E1: Economy,2023,104,131,3,0.93677,2015,"4.1,3.6,3.4",2010,"5.1,4.9,4.6",2023-12-16 07:17:54
490092,The Fund For Peace,Fragile State Index,Total,2023,104,204,3,0.92392,2015,"24.6,22.5,22.3",2015,"85.9,85.3,84.8",2023-12-13 12:18:39
2883587,The Fund For Peace,Fragile State Index,E1: Economy,2023,104,204,3,0.99187,2015,"4.1,3.6,3.4",2015,"7.6,7.3,7.1",2023-12-16 07:18:35
489356,The Fund For Peace,Fragile State Index,Total,2023,104,114,3,0.9256,2015,"24.6,22.5,22.3",2018,"97.38051499327098,93.5,90.31586992597772",2023-12-13 12:17:54
2883216,The Fund For Peace,Fragile State Index,E1: Economy,2023,104,114,3,0.99007,2015,"4.1,3.6,3.4",2018,"7.0,6.6,6.529169236421345",2023-12-16 07:18:14
4490716,The Fund For Peace,Fragile State Index,E3: Human Flight and Brain Drain,2023,104,222,3,0.97073,2006,"2.0,2.1,2.0",2009,"5.7,6.1,5.8",2023-12-18 07:19:39
7092225,The Fund For Peace,Fragile State Index,X1: External Intervention,2023,104,222,3,0.94491,2006,"1.0,1.5,1.5",2009,"9.0,9.2,9.3",2023-12-20 12:37:50
4956095,The Fund For Peace,Fragile State Index,P1: State Legitimacy,2023,104,6,3,0.95464,2014,"1.8,1.5,1.2",2016,"8.8,8.6,8.54029612068628",2023-12-18 15:56:32
5364662,The Fund For Peace,Fragile State Index,P2: Public Services,2023,104,6,3,0.96077,2014,"2.2,1.9,1.6",2016,"9.2,9.1,8.799999999999999",2023-12-19 00:07:42
4955906,The Fund For Peace,Fragile State Index,P1: State Legitimacy,2023,104,239,3,0.93326,2014,"1.8,1.5,1.2",2009,"9.0,8.5,8.4",2023-12-18 15:56:21
5364448,The Fund For Peace,Fragile State Index,P2: Public Services,2023,104,239,3,0.98198,2014,"2.2,1.9,1.6",2009,"6.6,6.4,6.0",2023-12-19 00:07:17
489637,The Fund For Peace,Fragile State Index,Total,2023,104,121,3,0.94434,2015,"24.6,22.5,22.3",2011,"87.7,85.8,86.3",2023-12-13 12:18:11
2883363,The Fund For Peace,Fragile State Index,E1: Economy,2023,104,121,3,0.97073,2015,"4.1,3.6,3.4",2011,"5.7,5.5,5.3",2023-12-16 07:18:22
4955682,The Fund For Peace,Fragile State Index,P1: State Legitimacy,2023,104,78,3,0.96077,2014,"1.8,1.5,1.2",2017,"8.2,7.899999999999999,7.8",2023-12-18 15:56:08
5364196,The Fund For Peace,Fragile State Index,P2: Public Services,2023,104,78,3,0.95355,2014,"2.2,1.9,1.6",2017,"6.7,6.609429034707935,6.3",2023-12-19 00:06:50
4956149,The Fund For Peace,Fragile State Index,P1: State Legitimacy,2023,104,182,3,0.91383,2014,"1.8,1.5,1.2",2017,"8.5,8.465456594200065,8.2",2023-12-18 15:56:34
5364752,The Fund For Peace,Fragile State Index,P2: Public Services,2023,104,182,3,1.0,2014,"2.2,1.9,1.6",2017,"4.2,3.9,3.6",2023-12-19 00:07:52
489750,The Fund For Peace,Fragile State Index,Total,2023,104,66,3,0.91444,2015,"24.6,22.5,22.3",2017,"98.1,97.20823903623204,96.4",2023-12-13 12:18:18
2883419,The Fund For Peace,Fragile State Index,E1: Economy,2023,104,66,3,0.99926,2015,"4.1,3.6,3.4",2017,"8.1,7.8,7.7",2023-12-16 07:18:26
489601,The Fund For Peace,Fragile State Index,Total,2023,104,80,3,0.97686,2015,"24.6,22.5,22.3",2018,"74.00003923403446,72.0,71.15229518395927",2023-12-13 12:18:09
2883345,The Fund For Peace,Fragile State Index,E1: Economy,2023,104,80,3,0.93677,2015,"4.1,3.6,3.4",2018,"5.8,5.6,5.3",2023-12-16 07:18:21
488898,The Fund For Peace,Fragile State Index,Total,2023,104,140,3,0.98658,2015,"24.6,22.5,22.3",2011,"75.1,73.6,73.1",2023-12-13 12:17:26
2882958,The Fund For Peace,Fragile State Index,E1: Economy,2023,104,140,3,0.92646,2015,"4.1,3.6,3.4",2011,"6.0,5.7,5.2",2023-12-16 07:18:00
490153,The Fund For Peace,Fragile State Index,Total,2023,104,37,3,0.94158,2015,"24.6,22.5,22.3",2015,"73.5,71.5,70.1",2023-12-13 12:18:43
2883619,The Fund For Peace,Fragile State Index,E1: Economy,2023,104,37,3,0.97073,2015,"4.1,3.6,3.4",2015,"6.2,5.7,5.2",2023-12-16 07:18:37
488821,The Fund For Peace,Fragile State Index,Total,2023,104,56,3,0.9415,2015,"24.6,22.5,22.3",2018,"60.286306956278125,57.8,56.05796495249495",2023-12-13 12:17:22
2882917,The Fund For Peace,Fragile State Index,E1: Economy,2023,104,56,3,0.97073,2015,"4.1,3.6,3.4",2018,"5.7,5.4,5.1000000000000005",2023-12-16 07:17:57
489042,The Fund For Peace,Fragile State Index,Total,2023,104,156,3,0.91669,2015,"24.6,22.5,22.3",2021,"18.4,17.5,16.7",2023-12-13 12:17:35
2883041,The Fund For Peace,Fragile State Index,E1: Economy,2023,104,156,3,0.99508,2015,"4.1,3.6,3.4",2021,"3.4,2.9,2.6",2023-12-16 07:18:04
488807,The Fund For Peace,Fragile State Index,Total,2023,104,100,3,0.91063,2015,"24.6,22.5,22.3",2016,"79.6,77.9,76.30850993941235",2023-12-13 12:17:21
2882911,The Fund For Peace,Fragile State Index,E1: Economy,2023,104,100,3,1.0,2015,"4.1,3.6,3.4",2016,"5.3,5.1,5.021057245489276",2023-12-16 07:17:57
490063,The Fund For Peace,Fragile State Index,Total,2023,104,134,3,0.91849,2015,"24.6,22.5,22.3",2011,"45.4,43.8,42.4",2023-12-13 12:18:37
2883574,The Fund For Peace,Fragile State Index,E1: Economy,2023,104,134,3,0.99187,2015,"4.1,3.6,3.4",2011,"4.1,3.8,3.6",2023-12-16 07:18:35
489888,The Fund For Peace,Fragile State Index,Total,2023,104,9,3,0.91849,2015,"24.6,22.5,22.3",2015,"57.8,56.2,54.8",2023-12-13 12:18:26
2883499,The Fund For Peace,Fragile State Index,E1: Economy,2023,104,9,3,0.99187,2015,"4.1,3.6,3.4",2015,"5.0,4.7,4.5",2023-12-16 07:18:30
488704,The Fund For Peace,Fragile State Index,Total,2023,104,196,3,0.91411,2015,"24.6,22.5,22.3",2017,"82.3,79.62828847155544,77.2",2023-12-13 12:17:14
2882866,The Fund For Peace,Fragile State Index,E1: Economy,2023,104,196,3,0.99624,2015,"4.1,3.6,3.4",2017,"7.4,7.209201410885074,7.1",2023-12-16 07:17:54
489605,The Fund For Peace,Fragile State Index,Total,2023,104,15,3,0.92305,2015,"24.6,22.5,22.3",2010,"84.4,81.9,79.8",2023-12-13 12:18:09
2883348,The Fund For Peace,Fragile State Index,E1: Economy,2023,104,15,3,0.98718,2015,"4.1,3.6,3.4",2010,"5.9,5.5,5.2",2023-12-16 07:18:22
488908,The Fund For Peace,Fragile State Index,Total,2023,104,233,3,0.93862,2015,"24.6,22.5,22.3",2011,"69.0,67.2,65.9",2023-12-13 12:17:27
2882966,The Fund For Peace,Fragile State Index,E1: Economy,2023,104,233,3,0.97073,2015,"4.1,3.6,3.4",2011,"6.0,5.7,5.4",2023-12-16 07:18:00
489425,The Fund For Peace,Fragile State Index,Total,2023,104,103,3,0.94823,2015,"24.6,22.5,22.3",2008,"110.6,108.6,107.3",2023-12-13 12:17:58
2883260,The Fund For Peace,Fragile State Index,E1: Economy,2023,104,103,3,0.96077,2015,"4.1,3.6,3.4",2008,"7.8,7.6,7.6",2023-12-16 07:18:16
4955581,The Fund For Peace,Fragile State Index,P1: State Legitimacy,2023,104,34,3,0.91225,2014,"1.8,1.5,1.2",2010,"6.0,5.9,5.1",2023-12-18 15:56:01
5364097,The Fund For Peace,Fragile State Index,P2: Public Services,2023,104,34,3,0.99662,2014,"2.2,1.9,1.6",2010,"5.0,4.6,4.3",2023-12-19 00:06:38
489033,The Fund For Peace,Fragile State Index,Total,2023,104,40,3,0.91371,2015,"24.6,22.5,22.3",2016,"23.8,22.6,21.505583938323312",2023-12-13 12:17:34
2883035,The Fund For Peace,Fragile State Index,E1: Economy,2023,104,40,3,0.99515,2015,"4.1,3.6,3.4",2016,"1.9,1.8,1.7761412043387326",2023-12-16 07:18:04
490042,The Fund For Peace,Fragile State Index,Total,2023,104,179,3,0.91669,2015,"24.6,22.5,22.3",2007,"53.6,52.7,51.9",2023-12-13 12:18:36
2883557,The Fund For Peace,Fragile State Index,E1: Economy,2023,104,179,3,0.99187,2015,"4.1,3.6,3.4",2007,"4.9,4.6,4.4",2023-12-16 07:18:34
488785,The Fund For Peace,Fragile State Index,Total,2023,104,144,3,0.91631,2015,"24.6,22.5,22.3",2012,"58.7,57.8,58.1",2023-12-13 12:17:20
2882901,The Fund For Peace,Fragile State Index,E1: Economy,2023,104,144,3,0.99222,2015,"4.1,3.6,3.4",2012,"5.2,4.7,4.6",2023-12-16 07:17:56
489471,The Fund For Peace,Fragile State Index,Total,2023,104,167,3,0.91333,2015,"24.6,22.5,22.3",2016,"101.7,98.9,96.33806005544712",2023-12-13 12:18:01
2883285,The Fund For Peace,Fragile State Index,E1: Economy,2023,104,167,3,0.99508,2015,"4.1,3.6,3.4",2016,"7.4,6.9,6.6000000000000005",2023-12-16 07:18:18
489959,The Fund For Peace,Fragile State Index,Total,2023,104,141,3,0.93731,2015,"24.6,22.5,22.3",2017,"76.4,74.4370879237946,73.0",2023-12-13 12:18:30
2883520,The Fund For Peace,Fragile State Index,E1: Economy,2023,104,141,3,0.97073,2015,"4.1,3.6,3.4",2017,"8.8,8.5,8.2",2023-12-16 07:18:31
488660,The Fund For Peace,Fragile State Index,Total,2023,104,212,3,0.92081,2015,"24.6,22.5,22.3",2007,"113.7,113.0,112.4",2023-12-13 12:17:11
2882848,The Fund For Peace,Fragile State Index,E1: Economy,2023,104,212,3,0.98718,2015,"4.1,3.6,3.4",2007,"7.7,7.3,7.0",2023-12-16 07:17:53
490059,The Fund For Peace,Fragile State Index,Total,2023,104,234,3,0.93718,2015,"24.6,22.5,22.3",2018,"42.8292445126518,40.1,38.0992251160362",2023-12-13 12:18:37
2883572,The Fund For Peace,Fragile State Index,E1: Economy,2023,104,234,3,0.97073,2015,"4.1,3.6,3.4",2018,"2.5,2.2,1.9",2023-12-16 07:18:34
489007,The Fund For Peace,Fragile State Index,Total,2023,104,14,3,0.93438,2015,"24.6,22.5,22.3",2018,"26.181880301496445,25.0,24.108703082430992",2023-12-13 12:17:33
2883019,The Fund For Peace,Fragile State Index,E1: Economy,2023,104,14,3,0.97275,2015,"4.1,3.6,3.4",2018,"1.909051156833092,1.6,1.3",2023-12-16 07:18:03
490176,The Fund For Peace,Fragile State Index,Total,2023,104,209,3,0.93632,2015,"24.6,22.5,22.3",2020,"110.75219038198196,109.4,108.4",2023-12-13 12:18:45
2883623,The Fund For Peace,Fragile State Index,E1: Economy,2023,104,209,3,0.97073,2015,"4.1,3.6,3.4",2020,"9.5,9.2,8.9",2023-12-16 07:18:37
489401,The Fund For Peace,Fragile State Index,Total,2023,104,195,3,0.90697,2015,"24.6,22.5,22.3",2016,"72.2,71.2,70.23498732317032",2023-12-13 12:17:56
2883244,The Fund For Peace,Fragile State Index,E1: Economy,2023,104,195,3,0.99993,2015,"4.1,3.6,3.4",2016,"4.7,4.5,4.42419079323928",2023-12-16 07:18:15
489284,The Fund For Peace,Fragile State Index,Total,2023,104,69,3,0.97957,2015,"24.6,22.5,22.3",2013,"98.9,97.9,97.5",2023-12-13 12:17:49
2883175,The Fund For Peace,Fragile State Index,E1: Economy,2023,104,69,3,0.92646,2015,"4.1,3.6,3.4",2013,"7.7,7.4,6.9",2023-12-16 07:18:12
488955,The Fund For Peace,Fragile State Index,Total,2023,104,120,3,0.91409,2015,"24.6,22.5,22.3",2015,"48.5,47.4,46.4",2023-12-13 12:17:29
2882984,The Fund For Peace,Fragile State Index,E1: Economy,2023,104,120,3,0.99187,2015,"4.1,3.6,3.4",2015,"4.0,3.7,3.5",2023-12-16 07:18:01
489036,The Fund For Peace,Fragile State Index,Total,2023,104,40,3,0.93493,2015,"24.6,22.5,22.3",2021,"21.7,20.1,18.9",2023-12-13 12:17:34
2883037,The Fund For Peace,Fragile State Index,E1: Economy,2023,104,40,3,0.97073,2015,"4.1,3.6,3.4",2021,"2.0,1.7,1.4",2023-12-16 07:18:04
3468192,The Fund For Peace,Fragile State Index,E2: Economic Inequality,2023,104,35,3,0.91766,2006,"3.0,2.9,3.0",2019,"7.6,7.3,7.8",2023-12-16 18:10:33
7092082,The Fund For Peace,Fragile State Index,X1: External Intervention,2023,104,35,3,0.98783,2006,"1.0,1.5,1.5",2019,"7.5,8.0,8.1",2023-12-20 12:37:43
490048,The Fund For Peace,Fragile State Index,Total,2023,104,179,3,0.91312,2015,"24.6,22.5,22.3",2015,"46.3,45.1,44.0",2023-12-13 12:18:36
2883564,The Fund For Peace,Fragile State Index,E1: Economy,2023,104,179,3,0.99187,2015,"4.1,3.6,3.4",2015,"2.6,2.3,2.1",2023-12-16 07:18:34
488901,The Fund For Peace,Fragile State Index,Total,2023,104,140,3,0.94776,2015,"24.6,22.5,22.3",2017,"74.3,71.5181435915789,69.7",2023-12-13 12:17:26
2882962,The Fund For Peace,Fragile State Index,E1: Economy,2023,104,140,3,0.95683,2015,"4.1,3.6,3.4",2017,"4.9,4.718143591578897,4.5",2023-12-16 07:18:00
3468258,The Fund For Peace,Fragile State Index,E2: Economic Inequality,2023,104,38,3,1.0,2006,"3.0,2.9,3.0",2010,"7.1,6.8,7.1",2023-12-16 18:10:38
7092186,The Fund For Peace,Fragile State Index,X1: External Intervention,2023,104,38,3,0.90419,2006,"1.0,1.5,1.5",2010,"7.0,7.4,7.7",2023-12-20 12:37:48
4490555,The Fund For Peace,Fragile State Index,E3: Human Flight and Brain Drain,2023,104,150,3,1.0,2006,"2.0,2.1,2.0",2013,"6.5,6.8,6.5",2023-12-18 07:19:29
7091988,The Fund For Peace,Fragile State Index,X1: External Intervention,2023,104,150,3,0.90419,2006,"1.0,1.5,1.5",2013,"6.5,7.2,6.9",2023-12-20 12:37:38
489386,The Fund For Peace,Fragile State Index,Total,2023,104,149,3,0.93335,2015,"24.6,22.5,22.3",2011,"98.3,96.2,94.6",2023-12-13 12:17:56
2883235,The Fund For Peace,Fragile State Index,E1: Economy,2023,104,149,3,0.97073,2015,"4.1,3.6,3.4",2011,"7.9,7.6,7.3",2023-12-16 07:18:15
488844,The Fund For Peace,Fragile State Index,Total,2023,104,64,3,0.93335,2015,"24.6,22.5,22.3",2010,"78.1,76.0,74.4",2023-12-13 12:17:23
2882927,The Fund For Peace,Fragile State Index,E1: Economy,2023,104,64,3,0.97073,2015,"4.1,3.6,3.4",2010,"6.6,6.3,6.0",2023-12-16 07:17:58
489258,The Fund For Peace,Fragile State Index,Total,2023,104,239,3,0.93313,2015,"24.6,22.5,22.3",2018,"79.1,75.7,73.10388718030978",2023-12-13 12:17:48
2883161,The Fund For Peace,Fragile State Index,E1: Economy,2023,104,239,3,0.97073,2015,"4.1,3.6,3.4",2018,"6.1,5.8,5.5",2023-12-16 07:18:11
488691,The Fund For Peace,Fragile State Index,Total,2023,104,109,3,0.91236,2015,"24.6,22.5,22.3",2017,"65.2,63.11945865018858,61.2",2023-12-13 12:17:13
2882855,The Fund For Peace,Fragile State Index,E1: Economy,2023,104,109,3,0.99149,2015,"4.1,3.6,3.4",2017,"6.9,6.661029254410073,6.5",2023-12-16 07:17:54
488985,The Fund For Peace,Fragile State Index,Total,2023,104,200,3,0.93305,2015,"24.6,22.5,22.3",2018,"30.421202731235,28.1,26.3261946557654",2023-12-13 12:17:31
2883003,The Fund For Peace,Fragile State Index,E1: Economy,2023,104,200,3,0.97073,2015,"4.1,3.6,3.4",2018,"1.7,1.4,1.1",2023-12-16 07:18:02
489702,The Fund For Peace,Fragile State Index,Total,2023,104,26,3,0.97719,2015,"24.6,22.5,22.3",2013,"80.8,78.9,78.1",2023-12-13 12:18:15
2883399,The Fund For Peace,Fragile State Index,E1: Economy,2023,104,26,3,0.92646,2015,"4.1,3.6,3.4",2013,"6.2,5.9,5.4",2023-12-16 07:18:24
489559,The Fund For Peace,Fragile State Index,Total,2023,104,45,3,0.94261,2015,"24.6,22.5,22.3",2006,"82.5,81.2,80.3",2023-12-13 12:18:06
2883326,The Fund For Peace,Fragile State Index,E1: Economy,2023,104,45,3,0.96077,2015,"4.1,3.6,3.4",2006,"4.5,4.0,4.0",2023-12-16 07:18:20
489304,The Fund For Peace,Fragile State Index,Total,2023,104,48,3,0.99513,2015,"24.6,22.5,22.3",2011,"87.0,84.4,83.8",2023-12-13 12:17:51
2883190,The Fund For Peace,Fragile State Index,E1: Economy,2023,104,48,3,0.90784,2015,"4.1,3.6,3.4",2011,"4.1,4.0,3.8",2023-12-16 07:18:12
489357,The Fund For Peace,Fragile State Index,Total,2023,104,114,3,0.98487,2015,"24.6,22.5,22.3",2019,"93.5,90.31586992597772,89.2",2023-12-13 12:17:54
2883217,The Fund For Peace,Fragile State Index,E1: Economy,2023,104,114,3,0.91736,2015,"4.1,3.6,3.4",2019,"6.6,6.529169236421345,6.4",2023-12-16 07:18:14
489683,The Fund For Peace,Fragile State Index,Total,2023,104,243,3,0.90701,2015,"24.6,22.5,22.3",2018,"68.39565234056963,66.1,63.885397212926094",2023-12-13 12:18:13
2883386,The Fund For Peace,Fragile State Index,E1: Economy,2023,104,243,3,0.99508,2015,"4.1,3.6,3.4",2018,"4.8,4.3,4.0",2023-12-16 07:18:24
489912,The Fund For Peace,Fragile State Index,Total,2023,104,16,3,0.93124,2015,"24.6,22.5,22.3",2021,"52.400000000000006,50.6,49.2",2023-12-13 12:18:27
2883507,The Fund For Peace,Fragile State Index,E1: Economy,2023,104,16,3,0.97073,2015,"4.1,3.6,3.4",2021,"5.1,4.8,4.5",2023-12-16 07:18:31
489111,The Fund For Peace,Fragile State Index,Total,2023,104,52,3,0.9026,2015,"24.6,22.5,22.3",2014,"48.5,46.8,45.1",2023-12-13 12:17:39
2883087,The Fund For Peace,Fragile State Index,E1: Economy,2023,104,52,3,0.99926,2015,"4.1,3.6,3.4",2014,"4.6,4.3,4.2",2023-12-16 07:18:07
489358,The Fund For Peace,Fragile State Index,Total,2023,104,114,3,0.91575,2015,"24.6,22.5,22.3",2020,"90.31586992597772,89.2,88.19999999999997",2023-12-13 12:17:54
2883218,The Fund For Peace,Fragile State Index,E1: Economy,2023,104,114,3,0.98572,2015,"4.1,3.6,3.4",2020,"6.529169236421345,6.4,6.3",2023-12-16 07:18:14
489493,The Fund For Peace,Fragile State Index,Total,2023,104,123,3,0.90957,2015,"24.6,22.5,22.3",2015,"97.3,95.5,93.8",2023-12-13 12:18:02
2883299,The Fund For Peace,Fragile State Index,E1: Economy,2023,104,123,3,0.99187,2015,"4.1,3.6,3.4",2015,"8.6,8.3,8.1",2023-12-16 07:18:19
490045,The Fund For Peace,Fragile State Index,Total,2023,104,179,3,0.94794,2015,"24.6,22.5,22.3",2010,"51.8,49.5,48.0",2023-12-13 12:18:36
2883560,The Fund For Peace,Fragile State Index,E1: Economy,2023,104,179,3,0.95336,2015,"4.1,3.6,3.4",2010,"4.1,3.7,3.2",2023-12-16 07:18:34
488766,The Fund For Peace,Fragile State Index,Total,2023,104,82,3,0.93044,2015,"24.6,22.5,22.3",2018,"68.1221863165064,65.9,64.15816913182405",2023-12-13 12:17:18
2882891,The Fund For Peace,Fragile State Index,E1: Economy,2023,104,82,3,0.97073,2015,"4.1,3.6,3.4",2018,"6.0,5.7,5.4",2023-12-16 07:17:56
489767,The Fund For Peace,Fragile State Index,Total,2023,104,219,3,0.93039,2015,"24.6,22.5,22.3",2017,"81.8,79.5020376295363,77.7",2023-12-13 12:18:19
2883428,The Fund For Peace,Fragile State Index,E1: Economy,2023,104,219,3,0.97073,2015,"4.1,3.6,3.4",2017,"7.3,7.0,6.7",2023-12-16 07:18:26
489717,The Fund For Peace,Fragile State Index,Total,2023,104,197,3,0.90635,2015,"24.6,22.5,22.3",2016,"72.0,70.0,68.0600623653456",2023-12-13 12:18:16
2883402,The Fund For Peace,Fragile State Index,E1: Economy,2023,104,197,3,0.99467,2015,"4.1,3.6,3.4",2016,"6.6,6.4,6.353714454521452",2023-12-16 07:18:25
489295,The Fund For Peace,Fragile State Index,Total,2023,104,152,3,0.9005,2015,"24.6,22.5,22.3",2017,"91.0,87.87642693759165,84.7",2023-12-13 12:17:50
2883186,The Fund For Peace,Fragile State Index,E1: Economy,2023,104,152,3,0.99976,2015,"4.1,3.6,3.4",2017,"7.5,6.104263923471317,5.6",2023-12-16 07:18:12
488782,The Fund For Peace,Fragile State Index,Total,2023,104,144,3,0.99161,2015,"24.6,22.5,22.3",2009,"61.9,60.1,59.6",2023-12-13 12:17:19
2882899,The Fund For Peace,Fragile State Index,E1: Economy,2023,104,144,3,0.90784,2015,"4.1,3.6,3.4",2009,"5.9,5.7,5.3",2023-12-16 07:17:56
489896,The Fund For Peace,Fragile State Index,Total,2023,104,226,3,0.93862,2015,"24.6,22.5,22.3",2012,"64.4,62.6,61.3",2023-12-13 12:18:26
2883500,The Fund For Peace,Fragile State Index,E1: Economy,2023,104,226,3,0.96077,2015,"4.1,3.6,3.4",2012,"4.7,4.6,4.6",2023-12-16 07:18:30
4490595,The Fund For Peace,Fragile State Index,E3: Human Flight and Brain Drain,2023,104,177,3,0.97073,2006,"2.0,2.1,2.0",2011,"2.5,2.9,2.6",2023-12-18 07:19:32
7092034,The Fund For Peace,Fragile State Index,X1: External Intervention,2023,104,177,3,0.92857,2006,"1.0,1.5,1.5",2011,"2.5,3.0,3.3",2023-12-20 12:37:40
488818,The Fund For Peace,Fragile State Index,Total,2023,104,56,3,0.95004,2015,"24.6,22.5,22.3",2015,"66.2,64.0,62.6",2023-12-13 12:17:22
2882914,The Fund For Peace,Fragile State Index,E1: Economy,2023,104,56,3,0.9477,2015,"4.1,3.6,3.4",2015,"6.7,6.4,6.0",2023-12-16 07:17:57
490122,The Fund For Peace,Fragile State Index,Total,2023,104,194,3,0.92914,2015,"24.6,22.5,22.3",2018,"72.1307816493097,71.1,70.28190046461518",2023-12-13 12:18:41
2883601,The Fund For Peace,Fragile State Index,E1: Economy,2023,104,194,3,0.9684,2015,"4.1,3.6,3.4",2018,"8.49027874483329,8.2,7.899999999999999",2023-12-16 07:18:36
489006,The Fund For Peace,Fragile State Index,Total,2023,104,14,3,0.93115,2015,"24.6,22.5,22.3",2017,"27.7,26.181880301496445,25.0",2023-12-13 12:17:32
2883018,The Fund For Peace,Fragile State Index,E1: Economy,2023,104,14,3,0.96639,2015,"4.1,3.6,3.4",2017,"2.2,1.909051156833092,1.6",2023-12-16 07:18:03
489487,The Fund For Peace,Fragile State Index,Total,2023,104,91,3,0.96012,2015,"24.6,22.5,22.3",2016,"103.8,102.4,101.6167424753827",2023-12-13 12:18:02
2883291,The Fund For Peace,Fragile State Index,E1: Economy,2023,104,91,3,0.93677,2015,"4.1,3.6,3.4",2016,"9.4,9.2,8.899999999999999",2023-12-16 07:18:18
490115,The Fund For Peace,Fragile State Index,Total,2023,104,194,3,0.95973,2015,"24.6,22.5,22.3",2008,"78.3,76.7,75.8",2023-12-13 12:18:40
2883598,The Fund For Peace,Fragile State Index,E1: Economy,2023,104,194,3,0.93677,2015,"4.1,3.6,3.4",2008,"8.3,7.9,7.3",2023-12-16 07:18:36
489328,The Fund For Peace,Fragile State Index,Total,2023,104,63,3,0.95857,2015,"24.6,22.5,22.3",2009,"89.0,87.6,86.8",2023-12-13 12:17:52
2883203,The Fund For Peace,Fragile State Index,E1: Economy,2023,104,63,3,0.93677,2015,"4.1,3.6,3.4",2009,"7.0,6.8,6.5",2023-12-16 07:18:13
489477,The Fund For Peace,Fragile State Index,Total,2023,104,1,3,0.92392,2015,"24.6,22.5,22.3",2010,"109.3,107.5,106.0",2023-12-13 12:18:01
2883288,The Fund For Peace,Fragile State Index,E1: Economy,2023,104,1,3,0.97073,2015,"4.1,3.6,3.4",2010,"8.3,8.0,7.7",2023-12-16 07:18:18
489472,The Fund For Peace,Fragile State Index,Total,2023,104,167,3,0.92376,2015,"24.6,22.5,22.3",2017,"98.9,96.33806005544712,94.2",2023-12-13 12:18:01
2883286,The Fund For Peace,Fragile State Index,E1: Economy,2023,104,167,3,0.97073,2015,"4.1,3.6,3.4",2017,"6.9,6.6000000000000005,6.3",2023-12-16 07:18:18
488944,The Fund For Peace,Fragile State Index,Total,2023,104,23,3,0.96769,2015,"24.6,22.5,22.3",2011,"80.0,78.6,77.9",2023-12-13 12:17:29
2882977,The Fund For Peace,Fragile State Index,E1: Economy,2023,104,23,3,0.92646,2015,"4.1,3.6,3.4",2011,"7.9,7.6,7.1",2023-12-16 07:18:01
489778,The Fund For Peace,Fragile State Index,Total,2023,104,25,3,0.96769,2015,"24.6,22.5,22.3",2014,"80.9,78.7,77.6",2023-12-13 12:18:19
2883438,The Fund For Peace,Fragile State Index,E1: Economy,2023,104,25,3,0.92646,2015,"4.1,3.6,3.4",2014,"6.0,5.7,5.2",2023-12-16 07:18:27
489905,The Fund For Peace,Fragile State Index,Total,2023,104,16,3,0.95702,2015,"24.6,22.5,22.3",2010,"58.9,56.5,55.1",2023-12-13 12:18:27
2883503,The Fund For Peace,Fragile State Index,E1: Economy,2023,104,16,3,0.93677,2015,"4.1,3.6,3.4",2010,"5.0,4.8,4.5",2023-12-16 07:18:30
489339,The Fund For Peace,Fragile State Index,Total,2023,104,101,3,0.94602,2015,"24.6,22.5,22.3",2010,"83.1,81.6,80.6",2023-12-13 12:17:53
2883210,The Fund For Peace,Fragile State Index,E1: Economy,2023,104,101,3,0.9477,2015,"4.1,3.6,3.4",2010,"6.7,6.4,6.0",2023-12-16 07:18:14
489035,The Fund For Peace,Fragile State Index,Total,2023,104,40,3,0.91731,2015,"24.6,22.5,22.3",2018,"21.505583938323312,20.0,18.668898507980952",2023-12-13 12:17:34
2883036,The Fund For Peace,Fragile State Index,E1: Economy,2023,104,40,3,0.97601,2015,"4.1,3.6,3.4",2018,"1.7761412043387326,1.5,1.2450881310448745",2023-12-16 07:18:04
489169,The Fund For Peace,Fragile State Index,Total,2023,104,81,3,0.92224,2015,"24.6,22.5,22.3",2006,"39.7,38.4,37.3",2023-12-13 12:17:43
2883114,The Fund For Peace,Fragile State Index,E1: Economy,2023,104,81,3,0.97073,2015,"4.1,3.6,3.4",2006,"3.2,3.0,2.8",2023-12-16 07:18:08
489940,The Fund For Peace,Fragile State Index,Total,2023,104,213,3,0.93191,2015,"24.6,22.5,22.3",2014,"70.6,68.4,66.7",2023-12-13 12:18:29
2883513,The Fund For Peace,Fragile State Index,E1: Economy,2023,104,213,3,0.96077,2015,"4.1,3.6,3.4",2014,"7.1,6.8,6.8",2023-12-16 07:18:31
489974,The Fund For Peace,Fragile State Index,Total,2023,104,86,3,0.97695,2015,"24.6,22.5,22.3",2007,"71.6,69.0,67.9",2023-12-13 12:18:31
2883528,The Fund For Peace,Fragile State Index,E1: Economy,2023,104,86,3,0.91572,2015,"4.1,3.6,3.4",2007,"6.5,5.8,5.9",2023-12-16 07:18:32
489434,The Fund For Peace,Fragile State Index,Total,2023,104,250,3,0.95415,2015,"24.6,22.5,22.3",2009,"114.0,110.2,107.9",2023-12-13 12:17:58
2883269,The Fund For Peace,Fragile State Index,E1: Economy,2023,104,250,3,0.93677,2015,"4.1,3.6,3.4",2009,"10.0,9.6,9.0",2023-12-16 07:18:17
4490680,The Fund For Peace,Fragile State Index,E3: Human Flight and Brain Drain,2023,104,171,3,0.94491,2006,"2.0,2.1,2.0",2012,"7.2,7.5,7.3",2023-12-18 07:19:37
7092188,The Fund For Peace,Fragile State Index,X1: External Intervention,2023,104,171,3,0.94491,2006,"1.0,1.5,1.5",2012,"6.1,6.3,6.4",2023-12-20 12:37:48
489885,The Fund For Peace,Fragile State Index,Total,2023,104,9,3,0.9026,2015,"24.6,22.5,22.3",2010,"60.9,59.9,58.9",2023-12-13 12:18:26
2883496,The Fund For Peace,Fragile State Index,E1: Economy,2023,104,9,3,0.98718,2015,"4.1,3.6,3.4",2010,"5.5,5.1,4.8",2023-12-16 07:18:30
489313,The Fund For Peace,Fragile State Index,Total,2023,104,130,3,0.9026,2015,"24.6,22.5,22.3",2010,"93.6,91.2,88.8",2023-12-13 12:17:51
2883192,The Fund For Peace,Fragile State Index,E1: Economy,2023,104,130,3,0.98718,2015,"4.1,3.6,3.4",2010,"9.2,8.8,8.5",2023-12-16 07:18:13
489669,The Fund For Peace,Fragile State Index,Total,2023,104,174,3,0.91848,2015,"24.6,22.5,22.3",2018,"85.49988187329669,83.1,80.99999999999999",2023-12-13 12:18:13
2883380,The Fund For Peace,Fragile State Index,E1: Economy,2023,104,174,3,0.97073,2015,"4.1,3.6,3.4",2018,"5.2,4.9,4.6000000000000005",2023-12-16 07:18:23
489414,The Fund For Peace,Fragile State Index,Total,2023,104,108,3,0.95233,2015,"24.6,22.5,22.3",2008,"104.6,102.5,101.2",2023-12-13 12:17:57
2883251,The Fund For Peace,Fragile State Index,E1: Economy,2023,104,108,3,0.93677,2015,"4.1,3.6,3.4",2008,"8.5,8.3,8.0",2023-12-16 07:18:16
489464,The Fund For Peace,Fragile State Index,Total,2023,104,94,3,0.9281,2015,"24.6,22.5,22.3",2017,"105.3,101.96955214756449,99.3",2023-12-13 12:18:00
2883283,The Fund For Peace,Fragile State Index,E1: Economy,2023,104,94,3,0.96077,2015,"4.1,3.6,3.4",2017,"8.7,8.399999999999999,8.4",2023-12-16 07:18:18
489293,The Fund For Peace,Fragile State Index,Total,2023,104,152,3,0.95154,2015,"24.6,22.5,22.3",2013,"91.8,91.0,90.5",2023-12-13 12:17:50
2883185,The Fund For Peace,Fragile State Index,E1: Economy,2023,104,152,3,0.93677,2015,"4.1,3.6,3.4",2013,"7.3,7.1,6.8",2023-12-16 07:18:12
489431,The Fund For Peace,Fragile State Index,Total,2023,104,103,3,0.90048,2015,"24.6,22.5,22.3",2018,"102.20568542153823,99.1,95.94116979347216",2023-12-13 12:17:58
2883267,The Fund For Peace,Fragile State Index,E1: Economy,2023,104,103,3,0.98756,2015,"4.1,3.6,3.4",2018,"6.303366593842785,5.9,5.6000000000000005",2023-12-16 07:18:17
489416,The Fund For Peace,Fragile State Index,Total,2023,104,108,3,0.91669,2015,"24.6,22.5,22.3",2013,"103.5,101.7,100.1",2023-12-13 12:17:57
2883254,The Fund For Peace,Fragile State Index,E1: Economy,2023,104,108,3,0.97073,2015,"4.1,3.6,3.4",2013,"7.7,7.4,7.1",2023-12-16 07:18:16
489226,The Fund For Peace,Fragile State Index,Total,2023,104,166,3,0.91669,2015,"24.6,22.5,22.3",2021,"50.4,49.5,48.7",2023-12-13 12:17:46
2883149,The Fund For Peace,Fragile State Index,E1: Economy,2023,104,166,3,0.97073,2015,"4.1,3.6,3.4",2021,"5.0,4.7,4.4",2023-12-16 07:18:10
489030,The Fund For Peace,Fragile State Index,Total,2023,104,40,3,0.91669,2015,"24.6,22.5,22.3",2011,"27.7,26.8,26.0",2023-12-13 12:17:34
2883034,The Fund For Peace,Fragile State Index,E1: Economy,2023,104,40,3,0.97073,2015,"4.1,3.6,3.4",2011,"2.4,2.1,1.8",2023-12-16 07:18:04
489069,The Fund For Peace,Fragile State Index,Total,2023,104,13,3,0.91526,2015,"24.6,22.5,22.3",2014,"26.3,24.3,22.5",2023-12-13 12:17:36
2883062,The Fund For Peace,Fragile State Index,E1: Economy,2023,104,13,3,0.97073,2015,"4.1,3.6,3.4",2014,"2.4,2.1,1.8",2023-12-16 07:18:05
489886,The Fund For Peace,Fragile State Index,Total,2023,104,9,3,0.91526,2015,"24.6,22.5,22.3",2011,"59.9,58.9,58.0",2023-12-13 12:18:26
2883497,The Fund For Peace,Fragile State Index,E1: Economy,2023,104,9,3,0.97073,2015,"4.1,3.6,3.4",2011,"5.1,4.8,4.5",2023-12-16 07:18:30
4956070,The Fund For Peace,Fragile State Index,P1: State Legitimacy,2023,104,54,3,0.94988,2014,"1.8,1.5,1.2",2018,"7.582149923365931,7.5,7.2",2023-12-18 15:56:30
5364621,The Fund For Peace,Fragile State Index,P2: Public Services,2023,104,54,3,0.93586,2014,"2.2,1.9,1.6",2018,"4.4,3.9,3.794727135139823",2023-12-19 00:07:37
489902,The Fund For Peace,Fragile State Index,Total,2023,104,226,3,0.94731,2015,"24.6,22.5,22.3",2018,"54.6057398402105,53.0,51.9451410707907",2023-12-13 12:18:27
2883501,The Fund For Peace,Fragile State Index,E1: Economy,2023,104,226,3,0.93677,2015,"4.1,3.6,3.4",2018,"4.5,4.3,4.0",2023-12-16 07:18:30
489195,The Fund For Peace,Fragile State Index,Total,2023,104,203,3,0.91232,2015,"24.6,22.5,22.3",2018,"30.33350186495465,28.0,25.84648022438141",2023-12-13 12:17:44
2883130,The Fund For Peace,Fragile State Index,E1: Economy,2023,104,203,3,0.97175,2015,"4.1,3.6,3.4",2018,"3.5045151864518003,3.2,2.9000000000000004",2023-12-16 07:18:09
489828,The Fund For Peace,Fragile State Index,Total,2023,104,38,3,0.91038,2015,"24.6,22.5,22.3",2017,"85.7,84.04889218927363,82.5",2023-12-13 12:18:22
2883471,The Fund For Peace,Fragile State Index,E1: Economy,2023,104,38,3,0.97368,2015,"4.1,3.6,3.4",2017,"5.7,5.495624345091951,5.3",2023-12-16 07:18:29
488803,The Fund For Peace,Fragile State Index,Total,2023,104,181,3,0.93711,2015,"24.6,22.5,22.3",2018,"49.36140868153144,47.8,46.65460149468231",2023-12-13 12:17:21
2882907,The Fund For Peace,Fragile State Index,E1: Economy,2023,104,181,3,0.94586,2015,"4.1,3.6,3.4",2018,"4.620465684351524,4.4,4.1000000000000005",2023-12-16 07:17:57
488745,The Fund For Peace,Fragile State Index,Total,2023,104,53,3,0.95638,2015,"24.6,22.5,22.3",2010,"59.0,57.3,56.3",2023-12-13 12:17:17
2882880,The Fund For Peace,Fragile State Index,E1: Economy,2023,104,53,3,0.92646,2015,"4.1,3.6,3.4",2010,"6.2,5.9,5.4",2023-12-16 07:17:55
4955667,The Fund For Peace,Fragile State Index,P1: State Legitimacy,2023,104,221,3,0.92202,2014,"1.8,1.5,1.2",2011,"8.4,6.5,6.2",2023-12-18 15:56:07
5364174,The Fund For Peace,Fragile State Index,P2: Public Services,2023,104,221,3,0.96077,2014,"2.2,1.9,1.6",2011,"5.0,4.7,4.6",2023-12-19 00:06:48
4490614,The Fund For Peace,Fragile State Index,E3: Human Flight and Brain Drain,2023,104,236,3,0.91195,2006,"2.0,2.1,2.0",2017,"1.7,2.1849596117006445,1.9",2023-12-18 07:19:33
7092061,The Fund For Peace,Fragile State Index,X1: External Intervention,2023,104,236,3,0.97073,2006,"1.0,1.5,1.5",2017,"1.2,1.5,1.6",2023-12-20 12:37:42
488760,The Fund For Peace,Fragile State Index,Total,2023,104,117,3,0.92111,2015,"24.6,22.5,22.3",2018,"55.8914871882463,53.2,50.899274182096256",2023-12-13 12:17:18
2882888,The Fund For Peace,Fragile State Index,E1: Economy,2023,104,117,3,0.96077,2015,"4.1,3.6,3.4",2018,"2.7,2.4,2.4",2023-12-16 07:17:56
489373,The Fund For Peace,Fragile State Index,Total,2023,104,118,3,0.91105,2015,"24.6,22.5,22.3",2018,"78.6341219093271,76.2,73.92936357080953",2023-12-13 12:17:55
2883224,The Fund For Peace,Fragile State Index,E1: Economy,2023,104,118,3,0.97073,2015,"4.1,3.6,3.4",2018,"6.7,6.4,6.1000000000000005",2023-12-16 07:18:14
490175,The Fund For Peace,Fragile State Index,Total,2023,104,209,3,0.91091,2015,"24.6,22.5,22.3",2019,"112.2,110.75219038198196,109.4",2023-12-13 12:18:45
2883622,The Fund For Peace,Fragile State Index,E1: Economy,2023,104,209,3,0.97073,2015,"4.1,3.6,3.4",2019,"9.8,9.5,9.2",2023-12-16 07:18:37
489229,The Fund For Peace,Fragile State Index,Total,2023,104,3,3,0.94469,2015,"24.6,22.5,22.3",2016,"78.3,76.8,75.78505154191771",2023-12-13 12:17:46
2883150,The Fund For Peace,Fragile State Index,E1: Economy,2023,104,3,3,0.93677,2015,"4.1,3.6,3.4",2016,"6.8,6.6,6.3",2023-12-16 07:18:10
489923,The Fund For Peace,Fragile State Index,Total,2023,104,19,3,0.97325,2015,"24.6,22.5,22.3",2021,"46.99999999999999,45.9,45.400000000000006",2023-12-13 12:18:28
2883508,The Fund For Peace,Fragile State Index,E1: Economy,2023,104,19,3,0.90784,2015,"4.1,3.6,3.4",2021,"6.3,6.2,6.0",2023-12-16 07:18:31
489723,The Fund For Peace,Fragile State Index,Total,2023,104,62,3,0.91957,2015,"24.6,22.5,22.3",2012,"80.1,78.6,77.3",2023-12-13 12:18:16
2883406,The Fund For Peace,Fragile State Index,E1: Economy,2023,104,62,3,0.96077,2015,"4.1,3.6,3.4",2012,"5.9,5.6,5.6",2023-12-16 07:18:25
490001,The Fund For Peace,Fragile State Index,Total,2023,104,33,3,0.90957,2015,"24.6,22.5,22.3",2010,"67.6,65.8,64.1",2023-12-13 12:18:33
2883538,The Fund For Peace,Fragile State Index,E1: Economy,2023,104,33,3,0.97073,2015,"4.1,3.6,3.4",2010,"3.7,3.4,3.1",2023-12-16 07:18:32
489368,The Fund For Peace,Fragile State Index,Total,2023,104,118,3,0.90957,2015,"24.6,22.5,22.3",2013,"85.7,83.9,82.2",2023-12-13 12:17:54
2883221,The Fund For Peace,Fragile State Index,E1: Economy,2023,104,118,3,0.97073,2015,"4.1,3.6,3.4",2013,"7.6,7.3,7.0",2023-12-16 07:18:14
489249,The Fund For Peace,Fragile State Index,Total,2023,104,239,3,0.90805,2015,"24.6,22.5,22.3",2009,"92.8,90.5,88.3",2023-12-13 12:17:47
2883156,The Fund For Peace,Fragile State Index,E1: Economy,2023,104,239,3,0.97073,2015,"4.1,3.6,3.4",2009,"7.2,7.0,6.8",2023-12-16 07:18:11
488699,The Fund For Peace,Fragile State Index,Total,2023,104,131,3,0.90895,2015,"24.6,22.5,22.3",2018,"63.59483707832034,60.5,57.561895525091394",2023-12-13 12:17:14
2882863,The Fund For Peace,Fragile State Index,E1: Economy,2023,104,131,3,0.96951,2015,"4.1,3.6,3.4",2018,"3.3948370783203443,3.1,2.8000000000000003",2023-12-16 07:17:54
489155,The Fund For Peace,Fragile State Index,Total,2023,104,84,3,0.95176,2015,"24.6,22.5,22.3",2017,"57.5,55.28241010073139,53.9",2023-12-13 12:17:42
2883106,The Fund For Peace,Fragile State Index,E1: Economy,2023,104,84,3,0.92646,2015,"4.1,3.6,3.4",2017,"6.5,6.2,5.7",2023-12-16 07:18:08
489950,The Fund For Peace,Fragile State Index,Total,2023,104,192,3,0.95154,2015,"24.6,22.5,22.3",2010,"71.1,69.5,68.5",2023-12-13 12:18:30
2883517,The Fund For Peace,Fragile State Index,E1: Economy,2023,104,192,3,0.92646,2015,"4.1,3.6,3.4",2010,"6.2,5.9,5.4",2023-12-16 07:18:31
489288,The Fund For Peace,Fragile State Index,Total,2023,104,152,3,0.91631,2015,"24.6,22.5,22.3",2006,"95.4,93.6,94.2",2023-12-13 12:17:50
2883180,The Fund For Peace,Fragile State Index,E1: Economy,2023,104,152,3,0.96077,2015,"4.1,3.6,3.4",2006,"8.5,8.2,8.2",2023-12-16 07:18:12
489947,The Fund For Peace,Fragile State Index,Total,2023,104,192,3,0.93968,2015,"24.6,22.5,22.3",2007,"73.8,72.4,71.4",2023-12-13 12:18:30
2883516,The Fund For Peace,Fragile State Index,E1: Economy,2023,104,192,3,0.93677,2015,"4.1,3.6,3.4",2007,"6.3,6.1,5.8",2023-12-16 07:18:31
489162,The Fund For Peace,Fragile State Index,Total,2023,104,208,3,0.97016,2015,"24.6,22.5,22.3",2010,"41.3,38.8,37.6",2023-12-13 12:17:42
2883111,The Fund For Peace,Fragile State Index,E1: Economy,2023,104,208,3,0.90594,2015,"4.1,3.6,3.4",2010,"2.8,2.2,2.3",2023-12-16 07:18:08
489570,The Fund For Peace,Fragile State Index,Total,2023,104,45,3,0.91526,2015,"24.6,22.5,22.3",2021,"68.89999999999999,66.9,65.1",2023-12-13 12:18:07
2883330,The Fund For Peace,Fragile State Index,E1: Economy,2023,104,45,3,0.96077,2015,"4.1,3.6,3.4",2021,"3.7,3.3,3.3",2023-12-16 07:18:21
490036,The Fund For Peace,Fragile State Index,Total,2023,104,99,3,0.96769,2015,"24.6,22.5,22.3",2015,"23.4,22.8,22.5",2023-12-13 12:18:35
2883553,The Fund For Peace,Fragile State Index,E1: Economy,2023,104,99,3,0.90784,2015,"4.1,3.6,3.4",2015,"3.6,3.5,3.3",2023-12-16 07:18:33
489827,The Fund For Peace,Fragile State Index,Total,2023,104,38,3,0.90619,2015,"24.6,22.5,22.3",2016,"87.4,85.7,84.04889218927363",2023-12-13 12:18:22
2883470,The Fund For Peace,Fragile State Index,E1: Economy,2023,104,38,3,0.96921,2015,"4.1,3.6,3.4",2016,"5.9,5.7,5.495624345091951",2023-12-16 07:18:29
489174,The Fund For Peace,Fragile State Index,Total,2023,104,81,3,0.91409,2015,"24.6,22.5,22.3",2011,"33.9,31.7,29.7",2023-12-13 12:17:43
2883116,The Fund For Peace,Fragile State Index,E1: Economy,2023,104,81,3,0.96077,2015,"4.1,3.6,3.4",2011,"2.9,2.6,2.6",2023-12-16 07:18:08
488931,The Fund For Peace,Fragile State Index,Total,2023,104,113,3,0.90318,2015,"24.6,22.5,22.3",2018,"63.43851484252681,61.6,59.770101356315976",2023-12-13 12:17:28
2882975,The Fund For Peace,Fragile State Index,E1: Economy,2023,104,113,3,0.97073,2015,"4.1,3.6,3.4",2018,"5.9,5.6,5.3",2023-12-16 07:18:00
489580,The Fund For Peace,Fragile State Index,Total,2023,104,142,3,0.903,2015,"24.6,22.5,22.3",2017,"72.0,69.54603613998039,67.1",2023-12-13 12:18:07
2883334,The Fund For Peace,Fragile State Index,E1: Economy,2023,104,142,3,0.97073,2015,"4.1,3.6,3.4",2017,"6.4,6.1000000000000005,5.8",2023-12-16 07:18:21
3468169,The Fund For Peace,Fragile State Index,E2: Economic Inequality,2023,104,84,3,0.94491,2006,"3.0,2.9,3.0",2013,"4.3,4.0,4.2",2023-12-16 18:10:31
7092049,The Fund For Peace,Fragile State Index,X1: External Intervention,2023,104,84,3,0.92857,2006,"1.0,1.5,1.5",2013,"5.1,5.6,5.9",2023-12-20 12:37:41
4490712,The Fund For Peace,Fragile State Index,E3: Human Flight and Brain Drain,2023,104,180,3,0.94491,2006,"2.0,2.1,2.0",2010,"6.4,6.7,6.5",2023-12-18 07:19:39
7092222,The Fund For Peace,Fragile State Index,X1: External Intervention,2023,104,180,3,0.92857,2006,"1.0,1.5,1.5",2010,"7.4,8.2,7.9",2023-12-20 12:37:50
488661,The Fund For Peace,Fragile State Index,Total,2023,104,212,3,0.9026,2015,"24.6,22.5,22.3",2008,"113.0,112.4,111.8",2023-12-13 12:17:11
2882849,The Fund For Peace,Fragile State Index,E1: Economy,2023,104,212,3,0.97073,2015,"4.1,3.6,3.4",2008,"7.3,7.0,6.7",2023-12-16 07:17:53
489350,The Fund For Peace,Fragile State Index,Total,2023,104,101,3,0.9026,2015,"24.6,22.5,22.3",2021,"67.6,66.60000000000001,65.60000000000001",2023-12-13 12:17:53
2883214,The Fund For Peace,Fragile State Index,E1: Economy,2023,104,101,3,0.97073,2015,"4.1,3.6,3.4",2021,"4.3,4.2,4.1",2023-12-16 07:18:14
489433,The Fund For Peace,Fragile State Index,Total,2023,104,103,3,0.9026,2015,"24.6,22.5,22.3",2021,"96.2,93.8,91.4",2023-12-13 12:17:58
2883268,The Fund For Peace,Fragile State Index,E1: Economy,2023,104,103,3,0.97073,2015,"4.1,3.6,3.4",2021,"6.9,6.6,6.3",2023-12-16 07:18:17
488981,The Fund For Peace,Fragile State Index,Total,2023,104,200,3,0.9026,2015,"24.6,22.5,22.3",2014,"35.9,34.4,32.9",2023-12-13 12:17:31
2882999,The Fund For Peace,Fragile State Index,E1: Economy,2023,104,200,3,0.97073,2015,"4.1,3.6,3.4",2014,"2.8,2.5,2.2",2023-12-16 07:18:02
489553,The Fund For Peace,Fragile State Index,Total,2023,104,223,3,0.9026,2015,"24.6,22.5,22.3",2014,"87.8,86.8,85.8",2023-12-13 12:18:06
2883323,The Fund For Peace,Fragile State Index,E1: Economy,2023,104,223,3,0.97073,2015,"4.1,3.6,3.4",2014,"7.1,6.8,6.5",2023-12-16 07:18:20
489810,The Fund For Peace,Fragile State Index,Total,2023,104,92,3,0.90244,2015,"24.6,22.5,22.3",2018,"98.09458991085197,95.5,92.90207550854626",2023-12-13 12:18:21
2883461,The Fund For Peace,Fragile State Index,E1: Economy,2023,104,92,3,0.97073,2015,"4.1,3.6,3.4",2018,"8.0,7.7,7.4",2023-12-16 07:18:28
490034,The Fund For Peace,Fragile State Index,Total,2023,104,99,3,0.9409,2015,"24.6,22.5,22.3",2012,"29.1,24.7,25.9",2023-12-13 12:18:35
2883551,The Fund For Peace,Fragile State Index,E1: Economy,2023,104,99,3,0.93162,2015,"4.1,3.6,3.4",2012,"5.7,3.7,3.9",2023-12-16 07:18:33
489489,The Fund For Peace,Fragile State Index,Total,2023,104,91,3,0.90172,2015,"24.6,22.5,22.3",2018,"101.6167424753827,99.4,97.16761117146424",2023-12-13 12:18:02
2883293,The Fund For Peace,Fragile State Index,E1: Economy,2023,104,91,3,0.97073,2015,"4.1,3.6,3.4",2018,"8.899999999999999,8.6,8.299999999999999",2023-12-16 07:18:18
488740,The Fund For Peace,Fragile State Index,Total,2023,104,34,3,0.96577,2015,"24.6,22.5,22.3",2017,"53.7,51.65420796469111,50.6",2023-12-13 12:17:17
2882877,The Fund For Peace,Fragile State Index,E1: Economy,2023,104,34,3,0.90341,2015,"4.1,3.6,3.4",2017,"5.7,5.538034641400428,5.2",2023-12-16 07:17:55
488692,The Fund For Peace,Fragile State Index,Total,2023,104,109,3,0.95324,2015,"24.6,22.5,22.3",2018,"63.11945865018858,61.2,60.02494703870308",2023-12-13 12:17:13
2882856,The Fund For Peace,Fragile State Index,E1: Economy,2023,104,109,3,0.91517,2015,"4.1,3.6,3.4",2018,"6.661029254410073,6.5,6.2",2023-12-16 07:17:54
4956096,The Fund For Peace,Fragile State Index,P1: State Legitimacy,2023,104,6,3,0.90764,2014,"1.8,1.5,1.2",2017,"8.6,8.54029612068628,8.0",2023-12-18 15:56:32
5364663,The Fund For Peace,Fragile State Index,P2: Public Services,2023,104,6,3,0.96077,2014,"2.2,1.9,1.6",2017,"9.1,8.799999999999999,8.7",2023-12-19 00:07:42
4956121,The Fund For Peace,Fragile State Index,P1: State Legitimacy,2023,104,219,3,0.90569,2014,"1.8,1.5,1.2",2017,"9.1,9.09053828415696,9.0",2023-12-18 15:56:33
5364717,The Fund For Peace,Fragile State Index,P2: Public Services,2023,104,219,3,0.96077,2014,"2.2,1.9,1.6",2017,"5.6,5.3,5.2",2023-12-19 00:07:48
489848,The Fund For Peace,Fragile State Index,Total,2023,104,171,3,0.91849,2015,"24.6,22.5,22.3",2013,"84.9,84.1,83.4",2023-12-13 12:18:24
2883481,The Fund For Peace,Fragile State Index,E1: Economy,2023,104,171,3,0.9477,2015,"4.1,3.6,3.4",2013,"6.9,6.6,6.2",2023-12-16 07:18:29
488910,The Fund For Peace,Fragile State Index,Total,2023,104,233,3,0.90774,2015,"24.6,22.5,22.3",2016,"75.5,74.0,72.56161244731106",2023-12-13 12:17:27
2882967,The Fund For Peace,Fragile State Index,E1: Economy,2023,104,233,3,0.95723,2015,"4.1,3.6,3.4",2016,"7.0,6.8,6.561231057585374",2023-12-16 07:18:00
489112,The Fund For Peace,Fragile State Index,Total,2023,104,52,3,0.95638,2015,"24.6,22.5,22.3",2015,"46.8,45.1,44.1",2023-12-13 12:17:39
2883088,The Fund For Peace,Fragile State Index,E1: Economy,2023,104,52,3,0.90784,2015,"4.1,3.6,3.4",2015,"4.3,4.2,4.0",2023-12-16 07:18:07
489558,The Fund For Peace,Fragile State Index,Total,2023,104,223,3,0.9026,2015,"24.6,22.5,22.3",2021,"85.1,83.59999999999998,82.1",2023-12-13 12:18:06
2883325,The Fund For Peace,Fragile State Index,E1: Economy,2023,104,223,3,0.96077,2015,"4.1,3.6,3.4",2021,"7.2,7.0,7.0",2023-12-16 07:18:20
489606,The Fund For Peace,Fragile State Index,Total,2023,104,15,3,0.93335,2015,"24.6,22.5,22.3",2011,"81.9,79.8,78.2",2023-12-13 12:18:09
2883349,The Fund For Peace,Fragile State Index,E1: Economy,2023,104,15,3,0.92646,2015,"4.1,3.6,3.4",2011,"5.5,5.2,4.7",2023-12-16 07:18:22
489944,The Fund For Peace,Fragile State Index,Total,2023,104,213,3,0.92284,2015,"24.6,22.5,22.3",2018,"64.01235952203785,61.9,60.12230683109472",2023-12-13 12:18:30
2883514,The Fund For Peace,Fragile State Index,E1: Economy,2023,104,213,3,0.93677,2015,"4.1,3.6,3.4",2018,"7.2,7.0,6.7",2023-12-16 07:18:31
489666,The Fund For Peace,Fragile State Index,Total,2023,104,174,3,0.92081,2015,"24.6,22.5,22.3",2010,"87.1,85.0,83.2",2023-12-13 12:18:12
2883376,The Fund For Peace,Fragile State Index,E1: Economy,2023,104,174,3,0.93677,2015,"4.1,3.6,3.4",2010,"5.8,5.6,5.3",2023-12-16 07:18:23
489623,The Fund For Peace,Fragile State Index,Total,2023,104,54,3,0.90189,2015,"24.6,22.5,22.3",2016,"66.3,64.6,62.89031679299263",2023-12-13 12:18:10
2883360,The Fund For Peace,Fragile State Index,E1: Economy,2023,104,54,3,0.95014,2015,"4.1,3.6,3.4",2016,"4.2,4.0,4.008166869626702",2023-12-16 07:18:22
489430,The Fund For Peace,Fragile State Index,Total,2023,104,103,3,0.90606,2015,"24.6,22.5,22.3",2017,"105.4,102.20568542153823,99.1",2023-12-13 12:17:58
2883266,The Fund For Peace,Fragile State Index,E1: Economy,2023,104,103,3,0.94592,2015,"4.1,3.6,3.4",2017,"6.6,6.303366593842785,5.9",2023-12-16 07:18:17
489755,The Fund For Peace,Fragile State Index,Total,2023,104,137,3,0.91396,2015,"24.6,22.5,22.3",2016,"95.4,93.7,92.15282858350264",2023-12-13 12:18:18
2883422,The Fund For Peace,Fragile State Index,E1: Economy,2023,104,137,3,0.93677,2015,"4.1,3.6,3.4",2016,"7.9,7.7,7.4",2023-12-16 07:18:26
489404,The Fund For Peace,Fragile State Index,Total,2023,104,195,3,0.9026,2015,"24.6,22.5,22.3",2021,"69.7,67.5,65.3",2023-12-13 12:17:57
2883246,The Fund For Peace,Fragile State Index,E1: Economy,2023,104,195,3,0.9477,2015,"4.1,3.6,3.4",2021,"4.3,4.0,3.6",2023-12-16 07:18:16
489741,The Fund For Peace,Fragile State Index,Total,2023,104,119,3,0.91631,2015,"24.6,22.5,22.3",2012,"85.5,83.7,84.3",2023-12-13 12:18:17
2883413,The Fund For Peace,Fragile State Index,E1: Economy,2023,104,119,3,0.93162,2015,"4.1,3.6,3.4",2012,"6.7,5.7,5.8",2023-12-16 07:18:25
489793,The Fund For Peace,Fragile State Index,Total,2023,104,229,3,0.9092,2015,"24.6,22.5,22.3",2008,"86.2,84.3,82.5",2023-12-13 12:18:20
2883450,The Fund For Peace,Fragile State Index,E1: Economy,2023,104,229,3,0.93677,2015,"4.1,3.6,3.4",2008,"7.1,6.9,6.6",2023-12-16 07:18:27
489080,The Fund For Peace,Fragile State Index,Total,2023,104,177,3,0.91465,2015,"24.6,22.5,22.3",2018,"27.27345053662528,25.3,23.51466331089092",2023-12-13 12:17:37
2883068,The Fund For Peace,Fragile State Index,E1: Economy,2023,104,177,3,0.92646,2015,"4.1,3.6,3.4",2018,"4.8,4.5,4.0",2023-12-16 07:18:06
3468158,The Fund For Peace,Fragile State Index,E2: Economic Inequality,2023,104,74,3,0.91766,2006,"3.0,2.9,3.0",2017,"3.2,2.9000000000000004,3.4",2023-12-16 18:10:30
4490598,The Fund For Peace,Fragile State Index,E3: Human Flight and Brain Drain,2023,104,74,3,0.92301,2006,"2.0,2.1,2.0",2017,"2.2,2.4577396810682157,2.3",2023-12-18 07:19:32
488896,The Fund For Peace,Fragile State Index,Total,2023,104,140,3,0.9283,2015,"24.6,22.5,22.3",2006,"73.1,72.6,72.2",2023-12-13 12:17:26
2882956,The Fund For Peace,Fragile State Index,E1: Economy,2023,104,140,3,0.90784,2015,"4.1,3.6,3.4",2006,"6.3,6.2,6.0",2023-12-16 07:17:59
489574,The Fund For Peace,Fragile State Index,Total,2023,104,142,3,0.90741,2015,"24.6,22.5,22.3",2010,"83.8,81.2,78.7",2023-12-13 12:18:07
2883332,The Fund For Peace,Fragile State Index,E1: Economy,2023,104,142,3,0.92646,2015,"4.1,3.6,3.4",2010,"7.0,6.7,6.2",2023-12-16 07:18:21
489375,The Fund For Peace,Fragile State Index,Total,2023,104,18,3,0.92174,2015,"24.6,22.5,22.3",2009,"98.1,96.1,94.4",2023-12-13 12:17:55
2883225,The Fund For Peace,Fragile State Index,E1: Economy,2023,104,18,3,0.90784,2015,"4.1,3.6,3.4",2009,"8.0,7.9,7.7",2023-12-16 07:18:14
